date,added,removed,delta
2017-05-12 19:11:56+02:00,726,0,726
2017-05-18 02:13:02+02:00,3,0,3
2017-05-18 02:13:02+02:00,10,1,9
2017-05-18 02:13:02+02:00,77,0,77
2017-05-18 02:13:02+02:00,24,24,0
2017-05-18 02:13:02+02:00,2,1,1
2017-05-18 02:13:02+02:00,2,1,1
2017-05-18 02:13:02+02:00,32,37,-5
2017-05-18 02:13:02+02:00,266,186,80
2017-05-18 02:13:02+02:00,1,0,1
2017-05-18 02:13:02+02:00,65,51,14
2017-05-18 02:13:02+02:00,4,0,4
2017-05-18 02:13:02+02:00,63,22,41
2017-05-18 02:13:02+02:00,674,0,674
2017-05-18 02:13:02+02:00,2,1,1
2017-05-18 18:47:13+02:00,1,0,1
2017-05-18 18:53:22+02:00,4,2,2
2017-05-19 18:02:18+02:00,14,10,4
2017-05-20 21:30:42+02:00,21,23,-2
2017-05-21 16:52:36+02:00,4,6,-2
2017-05-21 17:28:20+02:00,3,2,1
2017-05-21 17:58:54+02:00,8,3,5
2017-05-21 22:51:32+02:00,6,3,3
2017-05-22 21:58:03+02:00,12,2,10
2017-05-22 22:15:33+02:00,10,2,8
2017-05-24 21:52:41+02:00,148,4,144
2017-05-24 22:23:20+02:00,4,7,-3
2017-05-24 23:28:40+02:00,25,18,7
2017-05-25 01:11:35+02:00,24,11,13
2017-06-02 16:08:46+02:00,2,3,-1
2017-06-05 21:17:10+02:00,50,34,16
2017-06-08 18:51:17+02:00,3,3,0
2017-06-08 20:01:01+02:00,75,12,63
2017-06-08 20:04:07+02:00,1,35,-34
2017-06-08 22:52:38+02:00,65,21,44
2017-06-08 22:54:03+02:00,1,0,1
2017-06-09 01:06:29+02:00,6,1,5
2017-08-27 15:37:11+03:00,2,0,2
2017-08-27 15:38:20+03:00,8,8,0
2017-08-27 15:47:09+03:00,1,2,-1
2017-08-27 18:19:02+03:00,17,0,17
2017-08-28 08:53:20+03:00,17,17,0
2017-08-28 08:53:20+03:00,10,10,0
2017-08-28 08:53:20+03:00,4,8,-4
2017-08-28 08:53:20+03:00,2,2,0
2017-08-30 22:07:33+03:00,3,3,0
2017-08-31 12:46:10+02:00,17,0,17
2017-08-31 14:55:56+02:00,43,46,-3
2017-08-31 14:57:18+02:00,3,3,0
2017-08-31 16:53:47+03:00,24,23,1
2017-09-01 18:58:23+03:00,7,7,0
2017-09-01 20:06:11+02:00,63,49,14
2017-09-01 20:09:32+02:00,24,23,1
2017-09-01 20:09:39+02:00,7,7,0
2017-09-01 20:22:15+02:00,31,30,1
2017-09-01 21:45:30+03:00,3,1,2
2017-09-01 21:45:30+03:00,9,3,6
2017-09-01 20:46:01+02:00,11,5,6
2017-09-01 21:11:46+02:00,44,38,6
2017-09-01 21:34:48+02:00,2,3,-1
2017-09-01 21:34:56+02:00,1,1,0
2017-09-02 01:09:57+02:00,24,1,23
2017-09-02 01:10:21+02:00,64,83,-19
2017-09-02 01:22:20+02:00,14,13,1
2017-09-02 11:37:12+03:00,3,1,2
2017-09-02 11:41:30+03:00,8,10,-2
2017-09-02 11:56:56+03:00,17,12,5
2017-09-03 09:50:48+03:00,8,7,1
2017-09-03 09:56:35+03:00,2,2,0
2017-09-03 14:49:01+02:00,28,23,5
2017-09-03 16:43:20+03:00,180,158,22
2017-09-03 17:35:58+03:00,9,0,9
2017-09-04 10:19:05+03:00,5,2,3
2017-09-04 11:02:57+02:00,5,2,3
2017-09-04 12:07:13+03:00,5,3,2
2017-09-04 11:45:10+02:00,14,2,12
2017-09-06 17:13:21+03:00,9,9,0
2017-09-07 17:31:55+03:00,2,0,2
2017-09-07 17:33:04+03:00,17,15,2
2017-09-07 17:34:34+03:00,5,0,5
2017-09-07 17:39:16+03:00,3,0,3
2017-09-08 08:03:24+03:00,1,1,0
2017-09-08 08:45:27+03:00,1,1,0
2017-09-08 08:49:50+03:00,1,1,0
2017-09-08 08:51:10+03:00,1,1,0
2017-09-08 10:33:39+02:00,3,3,0
2017-09-08 10:48:24+02:00,7,6,1
2017-09-08 10:48:39+02:00,26,14,12
2017-09-08 15:51:00+02:00,764,607,157
2017-09-08 16:00:08+02:00,2,2,0
2017-09-08 16:27:00+02:00,44,22,22
2017-09-08 16:39:17+02:00,27,0,27
2017-09-08 16:45:22+02:00,1,1,0
2017-09-08 16:50:08+02:00,2,1,1
2017-09-08 16:55:03+02:00,1,1,0
2017-09-08 17:35:21+02:00,3,0,3
2017-09-08 17:40:29+02:00,0,1,-1
2017-09-08 17:42:23+02:00,8,3,5
2017-09-08 19:25:12+02:00,121,5,116
2017-09-08 19:25:39+02:00,11,5,6
2017-09-08 19:45:54+02:00,3,3,0
2017-09-08 19:50:48+02:00,5,1,4
2017-09-08 19:52:20+02:00,1,1,0
2017-09-08 20:03:45+02:00,89,5,84
2017-09-08 21:17:13+02:00,6,17,-11
2017-09-08 21:17:58+02:00,21,21,0
2017-09-08 21:39:31+02:00,19,26,-7
2017-09-08 23:10:22+02:00,133,121,12
2017-09-09 00:31:40+02:00,118,107,11
2017-09-09 15:30:08+02:00,6,11,-5
2017-09-09 19:20:06+03:00,18,8,10
2017-09-09 19:20:06+03:00,10,3,7
2017-09-09 19:20:06+03:00,10,11,-1
2017-09-09 19:20:06+03:00,34,0,34
2017-09-09 19:20:06+03:00,20,18,2
2017-09-09 19:20:06+03:00,12,1,11
2017-09-10 09:51:56+03:00,7,12,-5
2017-09-10 22:37:30+02:00,94,36,58
2017-09-10 22:56:43+02:00,1,1,0
2017-09-10 22:57:09+02:00,1131,662,469
2017-09-10 22:57:20+02:00,1,1,0
2017-09-11 13:59:11+02:00,6,6,0
2017-09-11 13:59:38+02:00,8,59,-51
2017-09-11 14:06:52+02:00,0,1,-1
2017-09-12 10:47:23+02:00,30,31,-1
2017-09-12 10:49:10+02:00,2,2,0
2017-09-12 10:49:30+02:00,0,1,-1
2017-09-12 10:53:42+02:00,1,1,0
2017-09-12 16:01:18+02:00,33,35,-2
2017-09-12 17:50:08+02:00,33,35,-2
2017-09-12 19:20:49+02:00,16,17,-1
2017-09-17 18:42:42+02:00,2,0,2
2017-09-17 22:37:46+03:00,16,0,16
2017-09-17 23:21:46+03:00,27,2,25
2017-09-18 05:08:05-07:00,3,0,3
2017-09-18 05:09:45-07:00,1,1,0
2017-09-20 07:34:47-07:00,2,2,0
2017-09-20 07:58:20-07:00,47,3,44
2017-09-20 08:06:10-07:00,9,1,8
2017-09-21 15:30:43+02:00,9,1,8
2017-09-21 09:08:13-07:00,1,1,0
2017-09-24 17:20:25+03:00,7,0,7
2017-09-24 17:23:29+03:00,16,0,16
2017-09-25 15:17:29+03:00,5,5,0
2017-09-25 21:05:37+03:00,23,13,10
2017-09-25 21:06:15+03:00,54,6,48
2017-09-25 21:39:28+03:00,1,1,0
2017-09-25 21:39:43+03:00,2,0,2
2017-09-25 22:01:54+03:00,11,8,3
2017-09-27 23:43:32+01:00,9,0,9
2017-09-28 10:52:42+03:00,100,14,86
2017-09-28 11:02:23+03:00,2,0,2
2017-09-28 17:00:14+03:00,5,0,5
2017-09-28 16:52:55+02:00,5,0,5
2017-09-28 19:00:42+02:00,1,1,0
2017-09-28 19:01:02+02:00,2,0,2
2017-09-28 19:03:53+02:00,11,1,10
2017-09-28 19:14:18+02:00,1,1,0
2017-09-28 19:17:01+02:00,214,132,82
2017-09-28 19:17:08+02:00,1,1,0
2017-09-28 20:07:33+01:00,1,1,0
2017-09-28 21:49:06+02:00,9,0,9
2017-09-29 00:15:38+02:00,4,1,3
2017-09-29 00:37:46+02:00,4,1,3
2017-09-29 09:46:45+03:00,1,1,0
2017-09-29 09:48:59+03:00,1,1,0
2017-09-29 09:49:19+03:00,1,1,0
2017-09-29 09:55:11+03:00,19,25,-6
2017-09-29 09:56:52+03:00,5,4,1
2017-09-29 09:58:00+03:00,8,7,1
2017-09-29 13:13:44+03:00,2,2,0
2017-09-29 13:32:00+03:00,32,36,-4
2017-09-29 18:59:05+03:00,1,1,0
2017-09-29 19:07:25+02:00,0,4,-4
2017-09-29 19:28:32+02:00,75,76,-1
2017-09-29 19:28:32+02:00,14,0,14
2017-09-29 19:28:32+02:00,18,2,16
2017-09-29 19:28:32+02:00,4,0,4
2017-09-29 19:28:32+02:00,5,3,2
2017-09-29 20:07:50+02:00,21,2,19
2017-09-29 20:15:54+02:00,7,1,6
2017-09-30 15:58:31+02:00,4,3,1
2017-09-30 17:06:15+02:00,4,1,3
2017-09-30 17:13:08+02:00,1,4,-3
2017-09-30 19:19:00+03:00,142,81,61
2017-09-30 18:22:05+02:00,26,14,12
2017-09-30 18:23:11+02:00,3,10,-7
2017-09-30 18:55:48+02:00,4,1,3
2017-09-30 20:00:38+03:00,29,24,5
2017-09-30 19:05:37+02:00,2,0,2
2017-09-30 20:38:19+03:00,53,53,0
2017-09-30 20:59:54+02:00,3,2,1
2017-09-30 21:00:14+02:00,10,7,3
2017-09-30 21:00:42+02:00,0,0,0
2017-09-30 21:00:53+02:00,1,0,1
2017-09-30 21:01:23+02:00,4,1,3
2017-10-01 11:02:47+03:00,309,323,-14
2017-10-01 11:06:40+03:00,1,0,1
2017-10-01 11:11:20+03:00,14,15,-1
2017-10-01 14:06:18+02:00,3,0,3
2017-10-01 14:07:09+02:00,8,8,0
2017-10-01 15:24:27+03:00,1,0,1
2017-10-01 15:40:12+03:00,244,248,-4
2017-10-01 15:40:40+03:00,3,1,2
2017-10-01 15:45:31+03:00,4,4,0
2017-10-01 16:14:50+03:00,29,18,11
2017-10-01 16:17:27+03:00,1,1,0
2017-10-01 17:04:38+03:00,2,1,1
2017-10-01 17:19:14+03:00,3,2,1
2017-10-01 17:28:23+03:00,330,343,-13
2017-10-01 23:28:09+02:00,21,3,18
2017-10-02 10:38:01+03:00,21,3,18
2017-10-02 19:17:54+03:00,2,1,1
2017-10-02 19:27:18+03:00,2,0,2
2017-10-02 19:48:47+03:00,2,2,0
2017-10-02 20:17:14+03:00,1,1,0
2017-10-02 19:29:33+02:00,6,3,3
2017-10-06 10:54:04+03:00,1,1,0
2017-10-06 12:22:04+02:00,348,172,176
2017-10-06 14:04:01+03:00,1,1,0
2017-10-06 14:12:23+03:00,6,1,5
2017-10-07 17:36:48+02:00,1,6,-5
2017-10-07 17:38:33+02:00,4,7,-3
2017-10-07 18:07:29+02:00,3,3,0
2017-10-07 18:10:45+02:00,0,1,-1
2017-10-08 15:15:11+02:00,5,0,5
2017-10-08 15:15:44+02:00,5,0,5
2017-10-08 15:56:50+02:00,413,246,167
2017-10-08 23:01:36+02:00,2,1,1
2017-10-09 10:30:41+03:00,2,1,1
2017-10-10 17:54:42+02:00,1,1,0
2017-10-10 17:55:05+02:00,1012,745,267
2017-10-10 17:55:10+02:00,1,1,0
2017-10-10 19:04:05+03:00,3,3,0
2017-10-11 13:09:57+03:00,1,1,0
2017-10-11 19:51:37+02:00,0,11,-11
2017-10-11 20:04:31+02:00,3,1,2
2017-10-12 09:37:15+02:00,0,11,-11
2017-10-12 09:42:20+02:00,3,1,2
2017-10-12 09:49:45+02:00,3,3,0
2017-10-13 15:47:13+02:00,63,12,51
2017-10-13 15:48:25+02:00,63,12,51
2017-10-13 15:50:50+02:00,13,0,13
2017-10-14 14:40:26+02:00,11,8,3
2017-10-15 14:40:02+03:00,2,1,1
2017-10-15 15:46:39+02:00,64,12,52
2017-10-15 17:32:07+03:00,14,12,2
2017-10-15 17:32:07+03:00,12,13,-1
2017-10-15 17:24:49+02:00,9,9,0
2017-10-15 18:08:18+02:00,26,25,1
2017-10-17 13:36:33+02:00,16,0,16
2017-10-19 17:12:08+03:00,0,5,-5
2017-10-19 17:12:49+03:00,124,0,124
2017-10-19 17:46:41+03:00,3,0,3
2017-10-19 18:29:57+03:00,4,4,0
2017-10-20 10:39:04+03:00,9,4,5
2017-10-20 10:39:36+03:00,1,1,0
2017-10-20 12:56:44+03:00,14,2,12
2017-10-20 13:14:28+03:00,7,0,7
2017-10-20 18:29:38+03:00,7,0,7
2017-10-21 10:26:38+03:00,14,1,13
2017-10-21 10:28:02+03:00,4,4,0
2017-10-21 10:28:43+03:00,2,2,0
2017-10-21 10:29:05+03:00,1,1,0
2017-10-21 11:07:29+03:00,2,2,0
2017-10-21 11:08:08+03:00,22,0,22
2017-10-21 13:51:08+02:00,24,2,22
2017-10-22 17:11:01+03:00,6,3,3
2017-10-22 17:14:55+03:00,0,3,-3
2017-10-22 17:15:57+03:00,1,1,0
2017-10-22 21:50:07+03:00,1,1,0
2017-10-23 09:40:13+02:00,173,7,166
2017-10-24 07:58:42+03:00,25,19,6
2017-10-24 18:14:31+02:00,1,1,0
2017-10-24 18:14:37+02:00,310,62,248
2017-10-24 18:14:41+02:00,1,1,0
2017-10-25 08:17:17+03:00,6,45,-39
2017-10-25 18:19:44+03:00,24,57,-33
2017-10-25 18:37:20+03:00,619,0,619
2017-10-25 18:37:20+03:00,7,1,6
2017-10-26 10:24:22+03:00,3,1,2
2017-10-26 10:37:38+03:00,3,1,2
2017-10-26 16:50:31+03:00,7,18,-11
2017-10-27 12:11:04+03:00,633,19,614
2017-10-27 15:52:14+02:00,38,4,34
2017-10-28 08:49:42+03:00,38,4,34
2017-10-28 08:59:43+03:00,29,0,29
2017-10-28 15:26:22+03:00,10,9,1
2017-10-28 15:26:22+03:00,24,7,17
2017-10-28 15:32:29+03:00,1,8,-7
2017-10-29 10:10:00+02:00,23,5,18
2017-10-29 14:13:44+01:00,32,21,11
2017-10-29 16:28:55+02:00,6,6,0
2017-10-29 16:28:55+02:00,6,5,1
2017-10-29 16:28:55+02:00,1,1,0
2017-10-29 16:28:55+02:00,6,10,-4
2017-10-29 16:28:55+02:00,2,2,0
2017-10-29 15:56:20+01:00,19,22,-3
2017-10-29 17:57:57+02:00,15,0,15
2017-10-29 21:33:57+02:00,4,0,4
2017-10-29 21:33:57+02:00,6,0,6
2017-10-29 21:33:57+02:00,4,4,0
2017-10-29 21:33:57+02:00,3,1,2
2017-10-29 21:33:57+02:00,4,1,3
2017-10-29 21:33:57+02:00,8,0,8
2017-10-29 21:33:57+02:00,2,0,2
2017-10-29 21:33:57+02:00,0,12,-12
2017-10-29 22:05:10+01:00,63,1,62
2017-10-29 18:47:42-04:00,116,0,116
2017-10-29 20:51:38-04:00,95,94,1
2017-10-29 20:55:14-04:00,2,1,1
2017-10-30 14:43:18+01:00,26,13,13
2017-10-30 19:56:53+02:00,1,1,0
2017-10-30 20:23:19+01:00,0,0,0
2017-10-30 20:24:58+01:00,1,0,1
2017-10-30 20:41:36+01:00,6,9,-3
2017-10-30 22:06:09+02:00,2,2,0
2017-10-30 22:31:28+02:00,3,2,1
2017-10-31 00:28:38+01:00,6,5,1
2017-10-31 00:29:22+01:00,3,3,0
2017-10-31 00:36:35+01:00,33,1,32
2017-11-01 01:15:06+01:00,1,1,0
2017-11-01 01:15:31+01:00,860,129,731
2017-11-01 01:15:35+01:00,1,1,0
2017-11-01 01:43:15+01:00,3,1,2
2017-11-01 18:32:27+01:00,20,12,8
2017-11-01 18:36:22+01:00,9,9,0
2017-11-01 18:37:27+01:00,24,16,8
2017-11-02 13:25:19-04:00,23,50,-27
2017-11-02 18:56:57+01:00,25,15,10
2017-11-02 18:58:55+01:00,35,21,14
2017-11-02 18:58:55+01:00,47,33,14
2017-11-02 19:00:25+01:00,111,91,20
2017-11-02 19:00:25+01:00,16,16,0
2017-11-02 19:00:25+01:00,2,2,0
2017-11-02 19:00:25+01:00,127,42,85
2017-11-02 19:00:25+01:00,28,47,-19
2017-11-02 19:00:25+01:00,13,4,9
2017-11-02 19:00:25+01:00,3,0,3
2017-11-02 19:00:25+01:00,14,13,1
2017-11-02 19:00:25+01:00,4,1,3
2017-11-02 19:00:25+01:00,1,1,0
2017-11-02 19:00:25+01:00,3,2,1
2017-11-02 19:00:25+01:00,3,3,0
2017-11-03 21:36:55+01:00,8,1,7
2017-11-03 21:37:20+01:00,1,1,0
2017-11-03 21:47:46+01:00,337,199,138
2017-11-04 18:43:23+01:00,10,3,7
2017-11-04 18:55:41+01:00,40,12,28
2017-11-05 09:27:49+02:00,3,0,3
2017-11-05 09:28:42+02:00,1,1,0
2017-11-05 15:21:20+02:00,4,1,3
2017-11-05 15:21:16+01:00,42,54,-12
2017-11-05 15:35:15+01:00,1,8,-7
2017-11-05 16:12:58+01:00,2,2,0
2017-11-05 16:13:20+01:00,1,1,0
2017-11-05 16:13:55+01:00,5,5,0
2017-11-05 16:21:13+01:00,2,2,0
2017-11-05 10:26:03-05:00,74,3,71
2017-11-05 10:32:53-05:00,571,275,296
2017-11-05 10:34:17-05:00,0,0,0
2017-11-05 17:44:58+01:00,6,0,6
2017-11-05 18:13:25+01:00,161,5,156
2017-11-05 18:35:32+01:00,3,9,-6
2017-11-05 20:54:41+01:00,1,0,1
2017-11-05 22:47:55+01:00,28,9,19
2017-11-05 23:47:59+01:00,27,33,-6
2017-11-06 00:06:59+01:00,9,17,-8
2017-11-06 00:16:24+01:00,14,12,2
2017-11-06 01:03:37+01:00,25,23,2
2017-11-06 16:54:55+01:00,50,69,-19
2017-11-06 17:23:53+01:00,6,0,6
2017-11-06 18:15:33+01:00,1,1,0
2017-11-06 19:17:23+02:00,46,37,9
2017-11-06 19:41:57+02:00,46,37,9
2017-11-07 17:29:00+02:00,18,38,-20
2017-11-07 17:39:57+01:00,3,1,2
2017-11-07 17:45:13+01:00,1,1,0
2017-11-07 17:54:44+01:00,1,1,0
2017-11-07 19:24:51+02:00,36,29,7
2017-11-07 18:40:00+01:00,51,64,-13
2017-11-07 18:40:56+01:00,51,64,-13
2017-11-07 18:41:48+01:00,19,14,5
2017-11-07 18:42:40+01:00,0,0,0
2017-11-07 18:49:16+01:00,4,9,-5
2017-11-07 18:59:47+01:00,6,2,4
2017-11-07 20:12:56+01:00,171,251,-80
2017-11-07 20:13:36+01:00,25,26,-1
2017-11-07 22:26:08+01:00,16,19,-3
2017-11-07 22:26:44+01:00,1,0,1
2017-11-07 22:27:16+01:00,20,20,0
2017-11-07 22:27:44+01:00,193,26,167
2017-11-08 21:17:51+01:00,10,16,-6
2017-11-08 22:43:47+01:00,59,16,43
2017-11-08 22:44:32+01:00,5,3,2
2017-11-08 23:39:29+01:00,1,1,0
2017-11-09 00:31:53+01:00,8,4,4
2017-11-09 00:33:22+01:00,14,14,0
2017-11-09 20:02:41+01:00,281,5,276
2017-11-09 20:25:17+01:00,1,1,0
2017-11-09 20:26:52+01:00,1,1,0
2017-11-09 20:55:45+01:00,1,1,0
2017-11-09 20:56:07+01:00,1341,644,697
2017-11-09 20:56:12+01:00,1,1,0
2017-11-09 21:47:47+01:00,41,1,40
2017-11-09 21:52:08+01:00,34,0,34
2017-11-09 22:07:51+01:00,22,53,-31
2017-11-09 22:08:28+01:00,29,1,28
2017-11-09 22:11:02+01:00,25,29,-4
2017-11-09 22:29:23+01:00,53,53,0
2017-11-09 23:45:03+01:00,27,23,4
2017-11-09 23:45:22+01:00,18,13,5
2017-11-09 23:51:32+01:00,31,3,28
2017-11-09 23:52:34+01:00,1,1,0
2017-11-09 23:53:10+01:00,245,141,104
2017-11-09 23:53:14+01:00,1,1,0
2017-11-10 17:17:51+01:00,3,3,0
2017-11-10 17:18:21+01:00,3,3,0
2017-11-10 17:26:52+01:00,4,1,3
2017-11-10 17:27:19+01:00,4,1,3
2017-11-10 17:56:03+01:00,8,2,6
2017-11-10 18:04:03+01:00,66,17,49
2017-11-10 23:39:49+01:00,0,19,-19
2017-11-11 11:22:11+02:00,2,0,2
2017-11-11 11:22:11+02:00,1,2,-1
2017-11-11 11:22:12+02:00,6,0,6
2017-11-11 11:22:12+02:00,1,9,-8
2017-11-11 11:22:12+02:00,1,1,0
2017-11-11 11:50:10+02:00,4,4,0
2017-11-11 15:29:31+01:00,6,1,5
2017-11-11 16:47:19+01:00,56,7,49
2017-11-11 17:14:55+01:00,11,8,3
2017-11-11 19:20:16+01:00,34,0,34
2017-11-11 19:20:53+01:00,30,1,29
2017-11-11 21:29:35+01:00,3,3,0
2017-11-12 08:30:58+02:00,3,3,0
2017-11-12 08:38:52+02:00,2,0,2
2017-11-12 08:45:32+02:00,6,0,6
2017-11-12 09:13:54+02:00,5,0,5
2017-11-12 09:44:31+02:00,7,5,2
2017-11-13 07:28:56+02:00,4,4,0
2017-11-13 12:11:15+01:00,36,22,14
2017-11-13 19:54:09+01:00,15,10,5
2017-11-13 21:34:47+01:00,115,14,101
2017-11-14 17:48:19+01:00,1,1,0
2017-11-15 23:16:39+01:00,2,2,0
2017-11-15 23:16:54+01:00,5,1,4
2017-11-16 00:01:47+01:00,8,5,3
2017-11-16 00:40:36+01:00,1,1,0
2017-11-16 00:40:44+01:00,372,95,277
2017-11-16 00:40:48+01:00,1,1,0
2017-11-16 16:14:43+01:00,14,9,5
2017-11-16 16:39:06+01:00,19,9,10
2017-11-16 16:53:34+01:00,36,30,6
2017-11-16 16:53:34+01:00,26,2,24
2017-11-16 16:53:34+01:00,1,1,0
2017-11-16 16:53:34+01:00,3,2,1
2017-11-16 16:53:34+01:00,1,1,0
2017-11-16 16:53:34+01:00,2,2,0
2017-11-16 16:53:34+01:00,5,5,0
2017-11-16 17:02:24+01:00,69,38,31
2017-11-16 20:38:46+02:00,19,10,9
2017-11-16 20:38:59+02:00,0,1,-1
2017-11-16 20:43:24+02:00,4,4,0
2017-11-16 20:43:24+02:00,2,2,0
2017-11-16 20:43:24+02:00,5,0,5
2017-11-17 12:30:03+02:00,1,2,-1
2017-11-17 12:30:03+02:00,9,4,5
2017-11-17 12:30:54+02:00,3,2,1
2017-11-17 18:41:38+02:00,39,21,18
2017-11-17 18:09:55+01:00,94,14,80
2017-11-17 18:09:55+01:00,1,1,0
2017-11-17 18:09:55+01:00,13,1,12
2017-11-17 18:13:02+01:00,43,11,32
2017-11-17 18:13:34+01:00,14,7,7
2017-11-17 18:15:24+01:00,80,32,48
2017-11-17 18:15:24+01:00,2,2,0
2017-11-17 18:15:24+01:00,19,10,9
2017-11-17 18:15:24+01:00,101,1,100
2017-11-17 18:15:25+01:00,2,24,-22
2017-11-17 18:17:59+01:00,35,23,12
2017-11-17 18:23:40+01:00,4,1,3
2017-11-17 19:03:08+01:00,37,0,37
2017-11-17 19:49:03+01:00,15,12,3
2017-11-17 20:17:29+01:00,14,34,-20
2017-11-18 08:07:37+02:00,2,1,1
2017-11-18 08:13:42+02:00,383,64,319
2017-11-18 08:45:57+02:00,3,4,-1
2017-11-18 09:19:22+02:00,1,1,0
2017-11-18 09:34:32+02:00,4,0,4
2017-11-18 09:34:57+02:00,1,1,0
2017-11-18 09:43:42+02:00,5,5,0
2017-11-18 09:44:28+02:00,7,7,0
2017-11-18 09:45:01+02:00,6,4,2
2017-11-18 09:58:29+02:00,11,7,4
2017-11-18 09:58:55+02:00,5,4,1
2017-11-18 10:09:19+02:00,3,5,-2
2017-11-18 10:13:14+02:00,8,1,7
2017-11-18 10:24:18+02:00,3,3,0
2017-11-18 13:09:40+02:00,3,4,-1
2017-11-18 16:00:21+01:00,50,34,16
2017-11-18 21:30:31+01:00,150,62,88
2017-11-18 21:43:21+01:00,12,8,4
2017-11-18 22:22:45+01:00,7,1,6
2017-11-18 22:23:05+01:00,1,1,0
2017-11-19 04:58:35+01:00,5,5,0
2017-11-20 10:22:11+01:00,3,3,0
2017-11-20 19:37:25+01:00,44,6,38
2017-11-20 20:01:10+01:00,1,1,0
2017-11-20 20:01:18+01:00,784,267,517
2017-11-20 20:01:23+01:00,1,1,0
2017-11-20 22:15:19+01:00,79,61,18
2017-11-20 22:26:32+01:00,13,13,0
2017-11-20 23:33:52+01:00,2,2,0
2017-11-21 07:37:31+02:00,9,9,0
2017-11-21 09:38:25+02:00,9,9,0
2017-11-21 20:24:52+01:00,2,3,-1
2017-11-21 20:37:29+01:00,6,1,5
2017-11-21 20:41:49+01:00,3,3,0
2017-11-21 22:33:34+01:00,17,3,14
2017-11-22 13:38:57+02:00,88,71,17
2017-11-22 20:51:25+01:00,44,54,-10
2017-11-22 21:01:44+01:00,4,5,-1
2017-11-22 21:02:36+01:00,15,0,15
2017-11-22 22:31:25+02:00,19,5,14
2017-11-23 00:25:06+01:00,40,16,24
2017-11-23 16:16:43+02:00,48,10,38
2017-11-23 22:33:41+08:00,26,6,20
2017-11-23 18:25:56+02:00,26,6,20
2017-11-23 18:41:25+02:00,1,1,0
2017-11-23 18:43:19+02:00,3,3,0
2017-11-23 19:54:08+02:00,4,4,0
2017-11-23 20:52:07+01:00,1,1,0
2017-11-23 20:53:13+01:00,1,4,-3
2017-11-23 21:07:36+01:00,1,1,0
2017-11-23 21:07:37+01:00,1,1,0
2017-11-23 21:07:39+01:00,1,1,0
2017-11-23 21:07:40+01:00,1,1,0
2017-11-23 21:07:42+01:00,1,1,0
2017-11-23 21:07:43+01:00,1,1,0
2017-11-23 21:49:56+01:00,2,5,-3
2017-11-24 20:54:50+01:00,9,3,6
2017-11-24 21:09:44+01:00,15,8,7
2017-11-24 21:58:00+01:00,22,4,18
2017-11-24 23:58:35+01:00,80,102,-22
2017-11-25 00:30:39+01:00,0,0,0
2017-11-25 01:04:11+01:00,191,167,24
2017-11-25 01:12:44+01:00,34,8,26
2017-11-25 01:13:28+01:00,0,3,-3
2017-11-25 01:22:36+01:00,7,4,3
2017-11-25 01:23:18+01:00,0,3,-3
2017-11-25 02:04:37+01:00,74,23,51
2017-11-25 03:28:18+01:00,12,5,7
2017-11-25 03:28:39+01:00,22,7,15
2017-11-25 03:28:52+01:00,7,6,1
2017-11-25 15:40:19+01:00,48,24,24
2017-11-30 08:19:59+02:00,461,338,123
2017-12-01 21:13:02+02:00,1,1,0
2017-12-02 00:21:46+02:00,5,0,5
2017-12-02 01:32:23+02:00,34,3,31
2017-12-02 15:06:33+02:00,0,1,-1
2017-12-02 15:29:10+02:00,0,1,-1
2017-12-03 09:33:50+02:00,5,5,0
2017-12-03 08:33:57+01:00,1,1,0
2017-12-03 08:34:01+01:00,1,1,0
2017-12-03 08:34:08+01:00,1,1,0
2017-12-03 09:39:45+02:00,37,1,36
2017-12-03 09:40:02+02:00,1,1,0
2017-12-03 10:01:29+02:00,1,1,0
2017-12-03 10:02:03+02:00,1,1,0
2017-12-06 05:15:53+01:00,1,1,0
2017-12-06 09:07:18+02:00,1,1,0
2017-12-08 23:21:03+01:00,1,1,0
2017-12-09 07:33:36+02:00,1,1,0
2017-12-09 11:39:26+01:00,4,4,0
2017-12-09 11:51:53+01:00,1,1,0
2017-12-10 17:32:40+11:00,76,4,72
2017-12-10 11:16:28+02:00,10,8,2
2017-12-10 11:17:01+02:00,22,22,0
2017-12-10 13:56:39+02:00,1,1,0
2017-12-11 09:33:05+02:00,33,31,2
2017-12-11 00:01:27-08:00,54,14,40
2017-12-11 00:07:36-08:00,0,1,-1
2017-12-11 18:04:10+02:00,53,14,39
2017-12-11 22:11:06+01:00,17,0,17
2017-12-12 19:41:25+11:00,39,24,15
2017-12-12 17:21:55+02:00,21,4,17
2017-12-12 19:42:31+02:00,92,5,87
2017-12-13 06:18:06+01:00,1,1,0
2017-12-13 08:18:31+02:00,1,1,0
2017-12-14 15:10:11+01:00,40,15,25
2017-12-14 18:41:40+01:00,1,1,0
2017-12-14 20:27:04+01:00,20,0,20
2017-12-14 21:18:52-08:00,7,8,-1
2017-12-15 08:19:02+02:00,7,8,-1
2017-12-15 16:10:10+01:00,1,1,0
2017-12-15 17:19:00+01:00,22,10,12
2017-12-15 23:56:02+01:00,16,19,-3
2017-12-15 23:58:21+01:00,1,1,0
2017-12-16 01:09:07+01:00,68,20,48
2017-12-16 01:31:15+01:00,1,1,0
2017-12-16 01:37:06+01:00,22,22,0
2017-12-16 02:36:43+01:00,2,1,1
2017-12-16 03:00:43+01:00,14,0,14
2017-12-16 03:00:51+01:00,8,0,8
2017-12-16 03:28:59+01:00,4,0,4
2017-12-16 03:39:47+01:00,39,19,20
2017-12-16 03:40:06+01:00,1,1,0
2017-12-16 03:44:49+01:00,2,2,0
2017-12-16 15:42:28+01:00,204,23,181
2017-12-17 00:24:21+01:00,41,4,37
2017-12-17 07:41:51+02:00,87,41,46
2017-12-17 07:42:23+02:00,45,21,24
2017-12-17 07:43:20+02:00,22,0,22
2017-12-17 11:55:34+02:00,8,2,6
2017-12-17 12:01:08+02:00,6,3,3
2017-12-17 12:34:26+02:00,8,0,8
2017-12-17 13:50:25+02:00,8,0,8
2017-12-17 14:14:57+02:00,2,1,1
2017-12-17 14:45:31+02:00,3,9,-6
2017-12-17 14:51:26+02:00,8,0,8
2017-12-17 15:01:11+02:00,1,0,1
2017-12-17 15:13:39+02:00,3,1,2
2017-12-17 15:19:35+02:00,3,1,2
2017-12-17 15:43:01+02:00,2,1,1
2017-12-17 15:45:14+02:00,10,2,8
2017-12-17 21:19:50+01:00,3,0,3
2017-12-18 07:15:14+02:00,4,3,1
2017-12-17 23:01:34-08:00,344,83,261
2017-12-18 09:20:52+02:00,2,2,0
2017-12-18 09:29:17+02:00,10,4,6
2017-12-18 09:36:29+02:00,1,1,0
2017-12-18 10:06:24+02:00,12,5,7
2017-12-18 10:26:48+02:00,1,1,0
2017-12-18 11:09:50+02:00,1,1,0
2017-12-18 17:36:00+01:00,26,27,-1
2017-12-19 08:27:52+02:00,1,1,0
2017-12-19 09:26:42+02:00,1,1,0
2017-12-20 13:58:18+01:00,1,1,0
2017-12-20 20:18:41-08:00,94,59,35
2017-12-21 09:13:26+01:00,1,0,1
2017-12-21 10:16:47+02:00,1,0,1
2017-12-21 19:20:47-08:00,71,22,49
2017-12-22 10:48:45+02:00,71,22,49
2017-12-22 13:55:02+02:00,382,92,290
2017-12-22 13:58:13+02:00,454,114,340
2017-12-22 14:05:09+02:00,0,0,0
2017-12-22 14:09:06+02:00,1,1,0
2017-12-22 14:29:31+02:00,39,0,39
2017-12-22 14:31:08+02:00,2,5,-3
2017-12-22 19:00:49+02:00,41,5,36
2017-12-23 09:21:04+02:00,14,2,12
2017-12-23 15:07:40+02:00,14,2,12
2017-12-23 15:11:19+02:00,3,3,0
2017-12-23 15:11:19+02:00,1,1,0
2017-12-23 15:11:19+02:00,1,3,-2
2017-12-23 15:11:19+02:00,1,1,0
2017-12-23 15:11:19+02:00,1,1,0
2017-12-23 19:00:49+02:00,7,7,0
2017-12-23 19:00:49+02:00,0,2,-2
2017-12-23 19:00:49+02:00,1,1,0
2017-12-23 19:18:28+02:00,6,2,4
2017-12-23 19:25:45+02:00,19,19,0
2017-12-25 07:01:01+01:00,19,3,16
2017-12-25 08:18:34+01:00,25,36,-11
2017-12-25 12:07:50+01:00,13,15,-2
2017-12-26 09:39:29+01:00,38,2,36
2017-12-26 19:44:19-08:00,400,27,373
2017-12-27 11:19:38+02:00,400,27,373
2017-12-27 10:19:45+01:00,1,1,0
2017-12-27 11:41:11+01:00,123,2,121
2017-12-27 17:39:54+02:00,25,1,24
2017-12-27 21:06:05+01:00,6,7,-1
2017-12-27 21:33:42+01:00,2,2,0
2017-12-28 06:35:09+02:00,0,0,0
2017-12-28 06:36:18+02:00,10,18,-8
2017-12-28 06:39:56+02:00,86,9,77
2017-12-28 06:40:11+02:00,1,0,1
2017-12-28 10:11:32+01:00,1,1,0
2017-12-28 12:45:28+02:00,124,30,94
2017-12-28 15:58:19+01:00,214,0,214
2017-12-28 20:05:33+01:00,61,61,0
2017-12-29 00:07:54+01:00,43,7,36
2017-12-29 06:05:25+02:00,8,9,-1
2017-12-28 22:32:48-08:00,175,83,92
2017-12-29 09:40:24+01:00,4,1,3
2017-12-29 16:23:36+02:00,175,83,92
2017-12-29 16:26:23+02:00,182,91,91
2017-12-29 16:27:04+02:00,0,0,0
2017-12-29 16:31:37+02:00,46,7,39
2017-12-29 16:33:12+02:00,230,25,205
2017-12-29 16:34:00+02:00,0,0,0
2017-12-29 17:53:58+01:00,0,73,-73
2017-12-29 19:14:57+02:00,216,0,216
2017-12-29 19:31:50+02:00,1,1,0
2017-12-29 20:03:12-08:00,131,16,115
2017-12-29 23:37:02-08:00,188,36,152
2017-12-30 11:55:23+01:00,70,74,-4
2017-12-30 14:02:33+02:00,188,36,152
2017-12-30 14:15:07+01:00,46,28,18
2017-12-30 15:43:22+01:00,21,3,18
2017-12-30 15:55:49+01:00,22,18,4
2017-12-30 17:01:00+02:00,31,9,22
2017-12-30 17:28:16-08:00,131,16,115
2017-12-30 18:14:10-08:00,107,3,104
2017-12-31 01:14:17-08:00,3,0,3
2017-12-31 14:21:50+01:00,1,1,0
2017-12-31 11:19:51-08:00,3,0,3
2018-01-01 07:47:59+02:00,1,1,0
2018-01-01 19:32:58+01:00,3,19,-16
2018-01-01 20:18:38+01:00,10,8,2
2018-01-01 14:19:29-08:00,10,8,2
2018-01-01 14:21:43-08:00,11,2,9
2018-01-02 15:04:41+11:00,1,1,0
2018-01-02 07:47:23+02:00,1,1,0
2018-01-02 10:56:42+01:00,34,29,5
2018-01-02 11:00:22+01:00,1,1,0
2018-01-02 12:04:47+01:00,17,10,7
2018-01-02 12:18:26+01:00,3,3,0
2018-01-02 13:42:10+01:00,20,4,16
2018-01-02 13:46:16+01:00,6,4,2
2018-01-02 14:13:40+01:00,1,1,0
2018-01-02 14:13:55+01:00,1,1,0
2018-01-02 14:32:13+01:00,7,5,2
2018-01-02 14:43:38+01:00,3,2,1
2018-01-02 14:55:31+01:00,2,2,0
2018-01-02 15:17:23+01:00,0,1,-1
2018-01-02 17:39:02+02:00,15,12,3
2018-01-02 17:53:47+02:00,1,1,0
2018-01-02 19:00:54+02:00,16,13,3
2018-01-02 21:00:20+02:00,38,14,24
2018-01-02 21:52:47+02:00,4,2,2
2018-01-02 21:54:31+02:00,16,17,-1
2018-01-02 23:00:03+01:00,61,9,52
2018-01-02 23:12:21+01:00,54,27,27
2018-01-03 00:06:50+01:00,1,3,-2
2018-01-03 00:06:56+01:00,54,27,27
2018-01-03 07:54:18+02:00,61,9,52
2018-01-03 08:14:54+02:00,107,3,104
2018-01-02 22:50:54-08:00,1129,229,900
2018-01-02 22:50:54-08:00,26,17,9
2018-01-02 22:50:54-08:00,379,47,332
2018-01-02 23:03:30-08:00,7,6,1
2018-01-02 23:34:26-08:00,45,0,45
2018-01-02 23:35:47-08:00,20,19,1
2018-01-02 23:48:49-08:00,1515,229,1286
2018-01-02 23:59:14-08:00,5,1,4
2018-01-03 00:07:41-08:00,5,1,4
2018-01-03 10:56:18+01:00,6,4,2
2018-01-03 11:19:46+01:00,13,6,7
2018-01-03 21:22:35+11:00,213,2,211
2018-01-03 21:24:42+11:00,1,2,-1
2018-01-03 11:30:24+01:00,7,5,2
2018-01-03 11:35:54+01:00,15,11,4
2018-01-03 11:50:30+01:00,16,16,0
2018-01-03 17:36:40+01:00,23,18,5
2018-01-03 17:51:01+01:00,1,1,0
2018-01-03 17:58:08+01:00,27,8,19
2018-01-04 10:35:57+11:00,6,6,0
2018-01-04 09:26:16+02:00,212,2,210
2018-01-04 13:33:01+02:00,56,36,20
2018-01-05 01:39:01+11:00,132,149,-17
2018-01-04 20:08:11+01:00,1,1,0
2018-01-05 01:28:53+01:00,1,1,0
2018-01-05 15:12:13+11:00,11,9,2
2018-01-04 22:27:55-08:00,7,3,4
2018-01-04 22:38:04-08:00,1,1,0
2018-01-04 22:38:25-08:00,7,3,4
2018-01-04 22:38:37-08:00,1,1,0
2018-01-04 23:14:10-08:00,1,1,0
2018-01-05 08:40:03+01:00,1,0,1
2018-01-05 10:20:48+01:00,38,13,25
2018-01-05 10:44:10+01:00,35,26,9
2018-01-05 12:18:44+02:00,5,2,3
2018-01-05 12:08:16+01:00,1,1,0
2018-01-05 13:43:56+02:00,7,1,6
2018-01-05 13:48:51+02:00,1,1,0
2018-01-05 18:04:08+02:00,1,0,1
2018-01-05 18:04:27+02:00,134,149,-15
2018-01-05 19:30:04-08:00,1,1,0
2018-01-06 07:39:05+01:00,44,34,10
2018-01-06 09:26:20+02:00,73,39,34
2018-01-06 08:27:44+01:00,29,12,17
2018-01-06 10:08:25+02:00,2,0,2
2018-01-06 10:14:57+02:00,13,2,11
2018-01-06 09:55:15+01:00,19,2,17
2018-01-06 01:11:01-08:00,168,21,147
2018-01-06 11:21:09+01:00,46,58,-12
2018-01-06 21:18:57+02:00,25,14,11
2018-01-06 21:21:56+02:00,10,10,0
2018-01-06 13:19:45-08:00,13,9,4
2018-01-06 23:24:35+01:00,47,36,11
2018-01-06 15:05:20-08:00,35,24,11
2018-01-06 15:11:30-08:00,132,100,32
2018-01-07 01:47:18+01:00,1,1,0
2018-01-06 17:19:48-08:00,85,23,62
2018-01-07 07:19:29+02:00,1,1,0
2018-01-06 21:21:28-08:00,29,8,21
2018-01-06 21:30:02-08:00,85,23,62
2018-01-06 21:30:27-08:00,171,20,151
2018-01-06 21:33:24-08:00,29,8,21
2018-01-07 10:00:35+01:00,452,176,276
2018-01-07 10:14:11+01:00,34,29,5
2018-01-07 10:14:11+01:00,1,1,0
2018-01-07 10:14:11+01:00,1,1,0
2018-01-07 10:14:11+01:00,1,1,0
2018-01-07 10:14:11+01:00,1,1,0
2018-01-07 10:14:11+01:00,27,8,19
2018-01-07 10:15:26+01:00,15,2,13
2018-01-07 14:32:01+02:00,1,1,0
2018-01-07 14:37:09+02:00,4,4,0
2018-01-07 18:08:15+01:00,1,1,0
2018-01-07 21:24:17+01:00,10,7,3
2018-01-07 21:26:43+01:00,2,0,2
2018-01-07 21:34:42+01:00,453,176,277
2018-01-07 23:15:33+01:00,0,1,-1
2018-01-07 14:17:43-08:00,61,38,23
2018-01-07 14:25:01-08:00,1,1,0
2018-01-07 23:26:45+01:00,34,29,5
2018-01-07 23:26:45+01:00,1,1,0
2018-01-07 23:26:45+01:00,1,1,0
2018-01-07 23:26:45+01:00,1,1,0
2018-01-07 23:26:45+01:00,1,1,0
2018-01-07 23:26:45+01:00,27,8,19
2018-01-07 23:29:19+01:00,10,7,3
2018-01-07 23:29:19+01:00,0,1,-1
2018-01-07 23:30:37+01:00,2,0,2
2018-01-07 23:35:16+01:00,1,1,0
2018-01-07 15:15:25-08:00,67,39,28
2018-01-07 17:53:21-08:00,39,7,32
2018-01-07 21:07:07-08:00,39,7,32
2018-01-07 21:08:12-08:00,27,13,14
2018-01-07 21:08:12-08:00,1,0,1
2018-01-08 07:34:45+02:00,5,5,0
2018-01-08 07:49:44+02:00,5,5,0
2018-01-08 08:03:09+02:00,28,13,15
2018-01-08 18:51:04+11:00,8,1,7
2018-01-08 10:11:01+02:00,8,1,7
2018-01-08 21:59:46+02:00,1,1,0
2018-01-08 22:00:10+02:00,15,15,0
2018-01-08 20:27:41-08:00,21,21,0
2018-01-09 06:42:13+02:00,16,16,0
2018-01-09 07:24:00+02:00,1,1,0
2018-01-08 23:50:21-08:00,1,1,0
2018-01-09 12:25:58+02:00,46,3,43
2018-01-09 12:25:58+02:00,6,1,5
2018-01-09 12:25:58+02:00,6,0,6
2018-01-09 12:26:52+02:00,67,11,56
2018-01-09 12:26:52+02:00,27,5,22
2018-01-09 12:37:56+02:00,2,2,0
2018-01-09 13:31:59+01:00,21,21,0
2018-01-09 14:07:50+01:00,306,1,305
2018-01-09 17:26:38-08:00,306,1,305
2018-01-10 11:50:00+02:00,4,4,0
2018-01-10 17:37:49+07:00,18,0,18
2018-01-10 14:22:39+02:00,18,0,18
2018-01-10 13:42:55+01:00,52,0,52
2018-01-10 13:42:58+01:00,81,6,75
2018-01-10 13:42:59+01:00,88,38,50
2018-01-10 13:43:00+01:00,100,28,72
2018-01-10 13:43:03+01:00,22,2,20
2018-01-10 23:00:40+01:00,11,7,4
2018-01-10 23:48:59+01:00,41,17,24
2018-01-11 00:14:36+01:00,20,0,20
2018-01-11 06:47:05+02:00,143,11,132
2018-01-11 06:50:36+02:00,122,122,0
2018-01-11 06:50:36+02:00,13,14,-1
2018-01-11 07:08:56+02:00,50,46,4
2018-01-11 07:08:56+02:00,8,7,1
2018-01-11 07:08:56+02:00,2,2,0
2018-01-11 07:08:56+02:00,2,2,0
2018-01-11 07:08:56+02:00,57,56,1
2018-01-11 07:08:56+02:00,19,18,1
2018-01-11 07:08:56+02:00,8,9,-1
2018-01-11 12:24:05+07:00,18,18,0
2018-01-11 13:26:49+07:00,0,1,-1
2018-01-11 08:32:48+02:00,235,230,5
2018-01-11 13:36:56+07:00,235,230,5
2018-01-11 08:51:21+02:00,17,18,-1
2018-01-11 12:58:06+01:00,2,1,1
2018-01-11 15:49:04+01:00,19,6,13
2018-01-11 17:45:41+01:00,83,60,23
2018-01-11 19:14:11+01:00,28,2,26
2018-01-11 19:40:42+01:00,392,255,137
2018-01-11 19:45:47+01:00,398,260,138
2018-01-11 19:49:33+01:00,397,260,137
2018-01-11 20:53:26+01:00,1,1,0
2018-01-11 21:09:04-08:00,1,1,0
2018-01-11 21:26:10-08:00,1,1,0
2018-01-12 11:08:23+01:00,1,1,0
2018-01-12 11:49:50+01:00,19,1,18
2018-01-12 11:55:58+01:00,35,27,8
2018-01-12 11:56:04+01:00,188,0,188
2018-01-12 17:02:35+01:00,160,95,65
2018-01-12 17:06:26+01:00,3,2,1
2018-01-12 19:18:31+01:00,37,42,-5
2018-01-12 19:48:52+01:00,2,2,0
2018-01-12 22:12:00+01:00,13,9,4
2018-01-12 22:23:43+01:00,6,4,2
2018-01-12 18:36:12-08:00,176,106,70
2018-01-12 21:32:09-08:00,28,23,5
2018-01-13 07:33:04+02:00,1,1,0
2018-01-13 07:33:16+02:00,1,1,0
2018-01-12 22:56:39-08:00,1,1,0
2018-01-13 08:19:39+01:00,2,1,1
2018-01-12 23:21:06-08:00,1,1,0
2018-01-13 08:32:44+01:00,19,11,8
2018-01-13 08:55:45+01:00,5,5,0
2018-01-13 09:09:12+01:00,4,5,-1
2018-01-13 09:21:49+01:00,3,1,2
2018-01-13 09:50:02+01:00,14,5,9
2018-01-13 12:52:02+01:00,4,6,-2
2018-01-13 13:16:40+01:00,18,7,11
2018-01-13 13:38:23+01:00,1,1,0
2018-01-13 14:29:16+01:00,5,0,5
2018-01-13 15:34:31+02:00,1,1,0
2018-01-13 15:36:20+02:00,14,5,9
2018-01-13 17:40:59+01:00,68,16,52
2018-01-13 23:02:00-08:00,71,9,62
2018-01-14 09:42:53+02:00,68,16,52
2018-01-14 09:46:11+02:00,71,9,62
2018-01-14 10:23:54+01:00,157,34,123
2018-01-14 13:09:39+02:00,3,2,1
2018-01-14 13:10:25+02:00,3,2,1
2018-01-14 13:11:19+02:00,1,0,1
2018-01-14 12:25:30-05:00,1,1,0
2018-01-14 18:03:28-08:00,858,283,575
2018-01-14 18:10:55-08:00,0,0,0
2018-01-14 19:59:40-08:00,178,111,67
2018-01-15 12:08:42+07:00,19,1,18
2018-01-15 12:08:56+07:00,5,1,4
2018-01-15 09:13:42+02:00,22,0,22
2018-01-15 16:32:27+01:00,1,1,0
2018-01-15 19:23:42+02:00,1,1,0
2018-01-15 21:49:06+01:00,13,13,0
2018-01-15 22:27:12+01:00,45,45,0
2018-01-15 22:36:38+01:00,1,1,0
2018-01-16 00:15:49+01:00,109,40,69
2018-01-16 22:21:05+11:00,23,4,19
2018-01-16 16:35:48+02:00,3,3,0
2018-01-16 16:36:50+02:00,2,2,0
2018-01-16 18:21:50+02:00,12,9,3
2018-01-16 18:52:06+02:00,1,1,0
2018-01-16 18:52:06+02:00,3,1,2
2018-01-16 18:52:06+02:00,0,2,-2
2018-01-16 18:52:06+02:00,3,2,1
2018-01-16 18:52:06+02:00,8,1,7
2018-01-16 18:52:06+02:00,3,2,1
2018-01-16 18:52:06+02:00,4,0,4
2018-01-16 20:22:15+01:00,71,63,8
2018-01-16 21:18:43+01:00,57,11,46
2018-01-16 21:21:43+01:00,4,4,0
2018-01-16 21:37:37+01:00,1,1,0
2018-01-17 19:51:27+11:00,2,1,1
2018-01-17 11:24:45+01:00,1,0,1
2018-01-17 11:31:26+01:00,2,1,1
2018-01-17 14:14:33+02:00,22,9,13
2018-01-17 13:52:14+01:00,160,95,65
2018-01-17 13:52:14+01:00,3,2,1
2018-01-17 13:52:14+01:00,2,1,1
2018-01-17 13:52:14+01:00,19,11,8
2018-01-17 13:52:14+01:00,5,5,0
2018-01-17 13:52:14+01:00,4,5,-1
2018-01-17 13:52:14+01:00,3,1,2
2018-01-17 13:52:14+01:00,45,45,0
2018-01-17 13:52:14+01:00,1,1,0
2018-01-17 13:52:14+01:00,1,1,0
2018-01-17 13:52:14+01:00,1,0,1
2018-01-17 13:52:36+01:00,0,0,0
2018-01-17 18:19:39+01:00,10,7,3
2018-01-17 21:29:36+01:00,34,18,16
2018-01-17 23:08:30+01:00,1,1,0
2018-01-18 07:19:14+02:00,10,7,3
2018-01-18 07:19:34+02:00,1,1,0
2018-01-18 10:18:48+02:00,24,4,20
2018-01-19 01:33:33+01:00,1,1,0
2018-01-18 19:47:55-08:00,128,73,55
2018-01-18 20:25:13-08:00,1,1,0
2018-01-18 20:26:44-08:00,153,28,125
2018-01-18 21:07:55-08:00,26,20,6
2018-01-18 21:15:20-08:00,8,7,1
2018-01-18 21:28:54-08:00,34,27,7
2018-01-19 07:02:38+01:00,717,283,434
2018-01-19 07:26:04+01:00,721,283,438
2018-01-19 08:40:40+01:00,738,303,435
2018-01-20 07:45:38+02:00,125,63,62
2018-01-19 22:14:31-08:00,35,5,30
2018-01-20 08:23:50+02:00,35,5,30
2018-01-20 08:33:28+01:00,160,68,92
2018-01-20 10:06:53+01:00,163,82,81
2018-01-20 11:54:46+02:00,243,32,211
2018-01-20 14:44:13+01:00,8,2,6
2018-01-20 18:07:30+02:00,8,2,6
2018-01-20 19:25:47+01:00,737,223,514
2018-01-20 19:30:47+01:00,4,4,0
2018-01-20 19:49:04+01:00,6,2,4
2018-01-20 11:02:42-08:00,165,87,78
2018-01-20 22:01:03+01:00,448,159,289
2018-01-20 15:05:01-08:00,48,48,0
2018-01-20 15:12:14-08:00,48,48,0
2018-01-20 15:35:13-08:00,0,3,-3
2018-01-21 07:42:25+02:00,0,3,-3
2018-01-21 13:44:30+01:00,132,63,69
2018-01-21 14:13:08+01:00,209,134,75
2018-01-21 15:02:41+01:00,2,4,-2
2018-01-21 15:02:41+01:00,46,0,46
2018-01-21 19:03:33+02:00,45,1,44
2018-01-21 16:41:59-08:00,21,24,-3
2018-01-22 08:30:00+01:00,7,5,2
2018-01-22 09:36:56+02:00,19,6,13
2018-01-22 09:36:56+02:00,2,0,2
2018-01-22 09:36:56+02:00,18,7,11
2018-01-22 09:39:11+02:00,2,3,-1
2018-01-22 10:39:26+02:00,5,5,0
2018-01-22 11:34:20+02:00,5,5,0
2018-01-22 16:24:19+02:00,21,24,-3
2018-01-22 20:51:39-08:00,839,327,512
2018-01-22 20:51:39-08:00,127,16,111
2018-01-22 20:51:39-08:00,4,1,3
2018-01-22 20:51:39-08:00,296,70,226
2018-01-22 20:51:39-08:00,4,3,1
2018-01-22 20:51:39-08:00,1,1,0
2018-01-22 20:51:39-08:00,10,10,0
2018-01-22 20:51:39-08:00,96,2,94
2018-01-22 20:51:39-08:00,1,1,0
2018-01-22 20:51:39-08:00,2,2,0
2018-01-22 20:51:39-08:00,1,1,0
2018-01-22 20:51:39-08:00,41,4,37
2018-01-22 21:09:40-08:00,46,7,39
2018-01-22 21:12:48-08:00,14,12,2
2018-01-22 21:17:54-08:00,9,1,8
2018-01-22 21:20:17-08:00,8,11,-3
2018-01-22 21:40:07-08:00,0,1,-1
2018-01-23 08:55:22+02:00,13,13,0
2018-01-22 23:23:29-08:00,63,1,62
2018-01-23 09:53:10+02:00,0,1,-1
2018-01-23 10:59:05+02:00,39,14,25
2018-01-23 15:25:18+02:00,1463,433,1030
2018-01-23 16:56:12+02:00,272,187,85
2018-01-23 17:01:13+02:00,2,149,-147
2018-01-23 08:15:26-08:00,274,336,-62
2018-01-23 20:38:41+01:00,1,1,0
2018-01-24 07:06:28+02:00,1,1,0
2018-01-24 07:25:26+02:00,63,1,62
2018-01-24 10:32:52+01:00,12,0,12
2018-01-24 11:05:27+01:00,9,12,-3
2018-01-24 12:34:54+02:00,15,6,9
2018-01-25 04:16:43+01:00,1,1,0
2018-01-25 09:31:06+02:00,345,80,265
2018-01-25 09:31:39+02:00,1,1,0
2018-01-25 09:34:26+02:00,23,3,20
2018-01-25 11:12:00+02:00,36,3,33
2018-01-25 13:34:37+02:00,58,5,53
2018-01-25 18:26:01+01:00,2,2,0
2018-01-25 20:14:08+02:00,2,2,0
2018-01-25 22:32:46+02:00,3,3,0
2018-01-25 21:05:10-08:00,3,4,-1
2018-01-26 08:24:25+02:00,3,4,-1
2018-01-26 10:07:48+01:00,1551,473,1078
2018-01-26 11:50:00+02:00,1,1,0
2018-01-26 16:23:43+01:00,1,1,0
2018-01-26 17:34:03+02:00,1,1,0
2018-01-26 18:32:45+02:00,6,2,4
2018-01-26 18:32:45+02:00,8,8,0
2018-01-26 18:41:41+02:00,2,2,0
2018-01-26 18:48:53+02:00,5,5,0
2018-01-26 18:49:14+02:00,2,2,0
2018-01-26 18:52:39+02:00,6,7,-1
2018-01-26 17:53:44+01:00,1,1,0
2018-01-26 18:54:15+02:00,2,2,0
2018-01-26 19:02:25+02:00,7,7,0
2018-01-26 19:02:25+02:00,1,1,0
2018-01-26 19:02:26+02:00,19,19,0
2018-01-26 19:15:21+02:00,1,1,0
2018-01-26 19:21:03+02:00,59,56,3
2018-01-27 13:04:06+07:00,29,6,23
2018-01-27 09:51:06+02:00,7,7,0
2018-01-27 10:05:14+02:00,7,7,0
2018-01-27 14:02:48+02:00,151,110,41
2018-01-27 18:23:08-08:00,26,7,19
2018-01-28 04:38:46+01:00,1,1,0
2018-01-27 21:26:57-08:00,45,31,14
2018-01-28 00:28:41-08:00,70,88,-18
2018-01-28 10:39:56+02:00,141,126,15
2018-01-28 10:46:22+02:00,7,7,0
2018-01-28 10:46:33+02:00,141,126,15
2018-01-28 11:03:19+02:00,0,21,-21
2018-01-28 16:08:43+07:00,29,6,23
2018-01-28 11:09:03+02:00,0,1,-1
2018-01-28 11:12:14+02:00,86,39,47
2018-01-28 11:14:57+02:00,1,23,-22
2018-01-28 16:15:23+07:00,2,1,1
2018-01-28 16:16:13+07:00,0,0,0
2018-01-28 11:51:26+02:00,27,22,5
2018-01-28 11:56:52+02:00,1,2,-1
2018-01-28 12:53:52+02:00,21,13,8
2018-01-28 12:59:10+02:00,135,76,59
2018-01-28 14:40:02+01:00,1,1,0
2018-01-28 14:51:45+01:00,5,0,5
2018-01-28 21:52:27+08:00,13,4,9
2018-01-28 21:57:25+08:00,1,3,-2
2018-01-28 15:20:38+01:00,2,1,1
2018-01-28 19:33:24+01:00,2,2,0
2018-01-28 13:21:25-08:00,4,17,-13
2018-01-28 14:20:20-08:00,39,1,38
2018-01-28 14:28:28-08:00,15,16,-1
2018-01-28 14:38:30-08:00,27,1,26
2018-01-28 14:51:52-08:00,2,2,0
2018-01-28 14:59:28-08:00,6,0,6
2018-01-28 15:03:54-08:00,1,1,0
2018-01-28 15:16:22-08:00,1,0,1
2018-01-28 15:29:26-08:00,27,2,25
2018-01-28 15:33:57-08:00,8,0,8
2018-01-28 16:18:10-08:00,15,0,15
2018-01-28 16:25:15-08:00,19,2,17
2018-01-28 16:34:38-08:00,2,3,-1
2018-01-28 17:40:03-08:00,1,1,0
2018-01-28 18:01:02-08:00,1,0,1
2018-01-29 10:22:34+08:00,0,0,0
2018-01-29 10:22:55+08:00,5,0,5
2018-01-29 10:25:24+08:00,3,0,3
2018-01-28 18:44:43-08:00,1,0,1
2018-01-29 11:21:01+08:00,3,3,0
2018-01-28 19:27:36-08:00,20,5,15
2018-01-29 10:55:42+07:00,41,13,28
2018-01-29 08:47:26+02:00,153,38,115
2018-01-29 08:48:38+02:00,57,5,52
2018-01-28 23:18:15-08:00,354,47,307
2018-01-28 23:24:41-08:00,13,0,13
2018-01-28 23:35:13-08:00,129,155,-26
2018-01-28 23:41:22-08:00,1,0,1
2018-01-29 09:50:18+02:00,1,0,1
2018-01-29 10:10:19+01:00,47,44,3
2018-01-29 13:33:49+01:00,1,1,0
2018-01-29 10:08:50-05:00,1,1,0
2018-01-29 13:08:37-08:00,1,1,0
2018-01-29 18:45:20-08:00,47,44,3
2018-01-30 06:33:54+02:00,341,47,294
2018-01-30 07:01:44+02:00,43,40,3
2018-01-30 07:26:00+02:00,2,1,1
2018-01-30 07:38:11+02:00,45,41,4
2018-01-29 22:51:29-08:00,18,13,5
2018-01-29 22:53:28-08:00,6,1,5
2018-01-29 23:04:28-08:00,1,1,0
2018-01-29 23:07:54-08:00,1,1,0
2018-01-30 09:38:24+01:00,7,4,3
2018-01-30 15:00:05+01:00,3,1,2
2018-01-30 15:29:18+01:00,1,1,0
2018-01-30 08:17:01-08:00,4,2,2
2018-01-30 21:46:07+01:00,2,2,0
2018-01-30 21:46:40+01:00,2,2,0
2018-01-31 03:42:52+01:00,1,1,0
2018-01-31 07:59:45+01:00,3,1,2
2018-01-31 09:46:20+01:00,2,2,0
2018-01-31 16:37:55+02:00,7,4,3
2018-01-31 16:42:02+02:00,3,1,2
2018-01-31 16:48:12+02:00,6,6,0
2018-01-31 17:15:47+02:00,25,15,10
2018-01-31 19:37:38+02:00,24,1,23
2018-02-01 08:05:23+02:00,877,339,538
2018-02-01 08:21:45+02:00,25,2,23
2018-02-01 18:08:57+01:00,1,1,0
2018-02-01 20:35:40+02:00,1,1,0
2018-02-02 11:01:09+02:00,28,8,20
2018-02-02 11:23:10+01:00,1,1,0
2018-02-02 09:34:45-08:00,1,1,0
2018-02-03 21:31:55+02:00,4,4,0
2018-02-03 21:32:16+02:00,1,1,0
2018-02-03 12:55:15-08:00,2,2,0
2018-02-03 23:38:59+01:00,1,1,0
2018-02-03 19:04:07-08:00,2,2,0
2018-02-04 12:10:01+02:00,1,1,0
2018-02-04 14:09:36+02:00,16,2,14
2018-02-04 15:48:41+02:00,5,5,0
2018-02-04 16:31:41+02:00,16,2,14
2018-02-04 13:36:01-08:00,5,5,0
2018-02-05 08:05:12+02:00,1,1,0
2018-02-06 11:34:00+02:00,10,10,0
2018-02-06 11:34:00+02:00,14,13,1
2018-02-06 11:34:01+02:00,2,1,1
2018-02-06 12:13:12+02:00,1,1,0
2018-02-06 12:20:33+02:00,24,22,2
2018-02-06 21:21:47+02:00,2,4,-2
2018-02-06 21:37:11+02:00,5,2,3
2018-02-06 21:37:11+02:00,4,12,-8
2018-02-06 21:37:11+02:00,1,1,0
2018-02-06 21:37:11+02:00,0,1,-1
2018-02-06 21:37:11+02:00,5,3,2
2018-02-06 22:59:45-08:00,16,22,-6
2018-02-08 13:32:34+02:00,16,36,-20
2018-02-08 13:50:34+02:00,16,36,-20
2018-02-08 21:49:43+02:00,206,15,191
2018-02-09 20:59:06+02:00,50,14,36
2018-02-10 11:03:56+02:00,16,14,2
2018-02-10 11:04:16+02:00,16,0,16
2018-02-11 14:18:57+02:00,24,24,0
2018-02-11 14:24:19+02:00,14,14,0
2018-02-11 14:31:37+02:00,0,3,-3
2018-02-11 14:37:12+02:00,2,2,0
2018-02-11 15:25:30+02:00,15,16,-1
2018-02-11 15:25:30+02:00,2,2,0
2018-02-11 19:17:04+02:00,4,3,1
2018-02-11 19:18:11+02:00,1,2,-1
2018-02-11 19:22:13+02:00,4,4,0
2018-02-12 07:01:51+02:00,1,1,0
2018-02-11 21:02:43-08:00,49,53,-4
2018-02-12 08:28:24+02:00,82,28,54
2018-02-13 11:37:59+02:00,21,0,21
2018-02-14 10:16:53+02:00,18,0,18
2018-02-14 10:17:43+02:00,16,3,13
2018-02-14 13:02:31+02:00,3,2,1
2018-02-15 08:59:02+02:00,4,3,1
2018-02-15 10:12:37+02:00,58,5,53
2018-02-15 10:38:37+02:00,4,3,1
2018-02-15 13:11:17+02:00,1,1,0
2018-02-15 15:23:49+02:00,19,28,-9
2018-02-16 14:00:12+02:00,49,44,5
2018-02-16 22:08:20+02:00,1,1,0
2018-02-16 22:58:22+01:00,1,1,0
2018-02-17 01:16:22+01:00,1,1,0
2018-02-17 10:11:32+02:00,1,1,0
2018-02-17 10:12:28+02:00,1,1,0
2018-02-17 11:14:03+02:00,1,6,-5
2018-02-18 10:18:00+02:00,60,69,-9
2018-02-21 02:43:31+01:00,1,1,0
2018-02-21 02:43:34+01:00,1,1,0
2018-02-21 09:08:46+02:00,1,1,0
2018-02-21 09:09:20+02:00,1,1,0
2018-02-22 23:17:07+01:00,1,1,0
2018-02-23 07:52:47+02:00,1,1,0
2018-02-24 16:59:20+02:00,3,2,1
2018-02-24 18:58:57+02:00,19,22,-3
2018-02-24 19:19:43+02:00,7,10,-3
2018-02-24 19:25:08+02:00,2,2,0
2018-02-24 19:28:51+02:00,1,4,-3
2018-02-24 20:30:16+02:00,9,9,0
2018-02-24 22:18:19+02:00,24,45,-21
2018-02-26 08:48:09+02:00,56,85,-29
2018-03-01 12:56:17+01:00,1,1,0
2018-03-01 14:18:10+02:00,1,1,0
2018-03-03 09:33:54+08:00,430,0,430
2018-03-03 09:33:54+08:00,28,0,28
2018-03-03 09:33:54+08:00,93,0,93
2018-03-03 09:33:54+08:00,266,286,-20
2018-03-03 09:33:54+08:00,59,568,-509
2018-03-03 09:33:54+08:00,269,153,116
2018-03-03 09:33:54+08:00,1998,1351,647
2018-03-03 09:33:54+08:00,30,40,-10
2018-03-03 09:33:54+08:00,935,420,515
2018-03-03 09:33:54+08:00,374,0,374
2018-03-03 09:33:54+08:00,70,40,30
2018-03-03 09:33:54+08:00,2199,1637,562
2018-03-03 09:33:54+08:00,859,656,203
2018-03-03 09:33:54+08:00,9,7,2
2018-03-03 09:33:54+08:00,0,14,-14
2018-03-03 09:33:54+08:00,25,3,22
2018-03-03 09:33:54+08:00,0,2,-2
2018-03-03 09:33:54+08:00,161,147,14
2018-03-03 09:33:54+08:00,2,2,0
2018-03-03 09:39:27+08:00,6,5,1
2018-03-03 09:41:08+08:00,1,1,0
2018-03-03 10:01:06+08:00,20,19,1
2018-03-02 23:28:36-08:00,17,24,-7
2018-03-03 13:43:14-08:00,71,70,1
2018-03-03 14:59:01-08:00,16,36,-20
2018-03-03 17:26:06-08:00,287,77,210
2018-03-04 00:51:22-08:00,119,26,93
2018-03-04 00:51:49-08:00,58,5,53
2018-03-04 00:53:27-08:00,4,3,1
2018-03-04 00:58:20-08:00,3,3,0
2018-03-04 01:01:19-08:00,3,3,0
2018-03-04 01:33:39-08:00,29,42,-13
2018-03-04 01:34:07-08:00,1,1,0
2018-03-04 01:34:23-08:00,1,1,0
2018-03-04 01:34:35-08:00,1,1,0
2018-03-04 02:06:40-08:00,133,153,-20
2018-03-04 02:07:08-08:00,1,1,0
2018-03-04 02:31:25-08:00,45,2,43
2018-03-04 17:51:57-08:00,16,12,4
2018-03-04 18:12:43-08:00,88,48,40
2018-03-04 20:21:49-08:00,105,83,22
2018-03-04 20:22:40-08:00,9,2,7
2018-03-04 20:24:01-08:00,1,3,-2
2018-03-04 23:05:44-08:00,22,1,21
2018-03-04 23:12:34-08:00,13,1,12
2018-03-05 00:11:13-08:00,86,24,62
2018-03-05 00:35:42-08:00,41,0,41
2018-03-05 12:55:22+01:00,1,1,0
2018-03-06 04:37:20+01:00,1,1,0
2018-03-05 19:57:45-08:00,19,0,19
2018-03-05 20:49:45-08:00,1,1,0
2018-03-05 22:36:15-08:00,120,3,117
2018-03-06 09:51:21+02:00,1,1,0
2018-03-06 03:33:00-08:00,1,1,0
2018-03-06 20:50:25+01:00,1,1,0
2018-03-07 08:34:14+02:00,1,1,0
2018-03-07 19:40:19-08:00,2,2,0
2018-03-08 11:24:20+02:00,1,1,0
2018-03-08 19:25:42+01:00,2,2,0
2018-03-09 09:23:11+02:00,2,2,0
2018-03-09 20:51:28+01:00,3,2,1
2018-03-10 09:53:38+01:00,1,1,0
2018-03-10 12:31:47+02:00,3,2,1
2018-03-11 16:07:57-04:00,1,1,0
2018-03-12 08:30:34+02:00,1,1,0
2018-03-12 16:24:35+01:00,1,1,0
2018-03-12 19:15:33+02:00,1,1,0
2018-03-12 19:53:35+01:00,1,1,0
2018-03-13 10:52:36+02:00,1,1,0
2018-03-15 23:34:13+01:00,4,4,0
2018-03-15 23:37:34+01:00,12,2,10
2018-03-15 23:48:22+01:00,98,92,6
2018-03-17 10:40:50+01:00,1,1,0
2018-03-18 00:42:24+01:00,39,35,4
2018-03-18 01:55:43+01:00,5,2,3
2018-03-18 02:04:30+01:00,2,0,2
2018-03-18 09:41:45+02:00,5,2,3
2018-03-18 18:59:13+01:00,1,0,1
2018-03-19 18:30:14+01:00,10,2,8
2018-03-19 18:40:40+01:00,97,89,8
2018-03-19 19:10:19+01:00,19,14,5
2018-03-19 23:05:12+01:00,1,1,0
2018-03-20 19:38:33+01:00,7,1,6
2018-03-20 19:48:03+01:00,1,0,1
2018-03-20 19:48:03+01:00,7,4,3
2018-03-20 19:48:03+01:00,6,6,0
2018-03-20 19:48:03+01:00,1,1,0
2018-03-20 19:48:03+01:00,1,1,0
2018-03-20 19:48:03+01:00,5,5,0
2018-03-20 19:48:03+01:00,8,10,-2
2018-03-20 19:48:03+01:00,28,21,7
2018-03-20 19:48:03+01:00,3,2,1
2018-03-20 19:50:04+01:00,93,61,32
2018-03-20 19:50:04+01:00,37,33,4
2018-03-20 19:50:04+01:00,1,1,0
2018-03-20 19:50:04+01:00,4,4,0
2018-03-20 19:50:04+01:00,3,5,-2
2018-03-20 19:50:04+01:00,10,6,4
2018-03-20 19:50:04+01:00,5,5,0
2018-03-21 08:53:38+02:00,209,161,48
2018-03-21 08:59:28+02:00,8026,5026,3000
2018-03-21 19:02:04+02:00,1,1,0
2018-03-21 19:31:15+02:00,0,732,-732
2018-03-21 19:40:16+02:00,87,26,61
2018-03-21 18:50:18+01:00,65,81,-16
2018-03-21 18:50:18+01:00,0,2,-2
2018-03-21 19:57:58+02:00,16,16,0
2018-03-21 19:27:30+01:00,7,6,1
2018-03-22 08:29:52+02:00,3,3,0
2018-03-22 15:46:18+02:00,66,83,-17
2018-03-23 05:30:54+01:00,1,1,0
2018-03-23 07:07:06+02:00,1,1,0
2018-03-24 19:45:23+01:00,6,3,3
2018-03-24 19:51:40+01:00,44,12,32
2018-03-24 20:03:31+01:00,32,32,0
2018-03-24 20:07:04+01:00,22,22,0
2018-03-24 20:11:42+01:00,14,15,-1
2018-03-24 20:32:15+01:00,4,4,0
2018-03-24 20:36:33+01:00,163,140,23
2018-03-24 20:40:57+01:00,1,1,0
2018-03-24 20:42:51+01:00,70,60,10
2018-03-24 20:54:46+01:00,3,1,2
2018-03-24 20:55:10+01:00,1,1,0
2018-03-24 20:56:27+01:00,3,1,2
2018-03-24 21:58:15+02:00,1,1,0
2018-03-24 20:59:09+01:00,6,6,0
2018-03-24 20:59:25+01:00,11,8,3
2018-03-25 10:15:43+03:00,7,3,4
2018-03-25 12:57:59+02:00,12,12,0
2018-03-25 13:03:21+02:00,5,9,-4
2018-03-25 13:32:46+02:00,23,25,-2
2018-03-25 13:38:50+02:00,12,9,3
2018-03-25 15:12:39+02:00,44,44,0
2018-03-25 15:12:39+02:00,4,1,3
2018-03-25 15:12:39+02:00,91,118,-27
2018-03-25 15:12:39+02:00,20,21,-1
2018-03-25 15:12:39+02:00,6,2,4
2018-03-25 15:12:39+02:00,6,6,0
2018-03-25 15:12:39+02:00,2,2,0
2018-03-25 15:12:39+02:00,0,2,-2
2018-03-25 16:39:31+02:00,10,13,-3
2018-03-25 16:42:20+02:00,4,4,0
2018-03-25 21:42:03+02:00,20,21,-1
2018-03-25 21:43:00+02:00,142,152,-10
2018-03-25 21:43:00+02:00,3,192,-189
2018-03-25 22:57:40+02:00,5,4,1
2018-03-26 06:49:44+03:00,148,347,-199
2018-03-26 08:28:40+03:00,369,302,67
2018-03-26 09:23:42+03:00,1,2,-1
2018-03-26 09:24:22+03:00,45,0,45
2018-03-26 09:24:50+03:00,3,2,1
2018-03-26 16:23:25+02:00,139,339,-200
2018-03-26 20:18:14+02:00,181,0,181
2018-03-26 20:28:51+02:00,1,1,0
2018-03-26 23:16:41+02:00,1,2,-1
2018-03-27 12:43:52+03:00,1,1,0
2018-03-27 12:44:33+03:00,136,163,-27
2018-03-27 16:32:58+02:00,37,79,-42
2018-03-27 16:32:58+02:00,1,7,-6
2018-03-27 16:32:58+02:00,11,11,0
2018-03-27 16:32:58+02:00,77,39,38
2018-03-27 16:32:58+02:00,0,10,-10
2018-03-27 16:32:58+02:00,2,4,-2
2018-03-27 18:15:49+02:00,3,2,1
2018-03-27 18:16:21+02:00,3,1,2
2018-03-27 18:20:15+02:00,2,2,0
2018-03-27 18:29:51+02:00,29,9,20
2018-03-27 18:38:43+02:00,2,0,2
2018-03-27 18:39:49+02:00,7,0,7
2018-03-27 18:46:42+02:00,9,1,8
2018-03-28 10:54:24+03:00,164,146,18
2018-03-29 17:12:49+02:00,8,0,8
2018-03-29 20:14:43+02:00,9,9,0
2018-03-29 20:15:32+02:00,14,21,-7
2018-03-29 20:16:25+02:00,8,6,2
2018-03-29 20:16:46+02:00,2,2,0
2018-03-29 20:17:11+02:00,4,3,1
2018-03-30 10:55:51+03:00,40,36,4
2018-03-30 12:11:06-07:00,2,2,0
2018-03-30 13:14:35-07:00,58,7,51
2018-03-30 13:31:13-07:00,1,3,-2
2018-03-30 22:38:09+02:00,1,4,-3
2018-03-30 13:52:25-07:00,34,24,10
2018-03-30 22:52:47+02:00,1,1,0
2018-03-30 23:30:23+02:00,33,21,12
2018-03-30 23:34:22+02:00,6,3,3
2018-03-31 00:59:49+03:00,1,1,0
2018-03-31 12:14:06+03:00,1,4,-3
2018-03-31 17:24:25+02:00,5,5,0
2018-03-31 17:28:54+02:00,4,4,0
2018-03-31 17:29:52+02:00,3,3,0
2018-03-31 17:30:11+02:00,1,1,0
2018-03-31 17:58:00+02:00,198,3,195
2018-04-02 16:42:53+02:00,127,135,-8
2018-04-04 22:05:17+02:00,6,8,-2
2018-04-05 08:05:38+03:00,6,8,-2
2018-04-06 10:57:08+03:00,574,474,100
2018-04-07 06:42:10+02:00,1,1,0
2018-04-07 07:51:17+03:00,1,1,0
2018-04-07 16:51:50+02:00,157,155,2
2018-04-07 16:52:09+02:00,1,1,0
2018-04-07 16:55:18+02:00,16,16,0
2018-04-07 16:57:47+02:00,89,70,19
2018-04-07 16:58:26+02:00,24,26,-2
2018-04-07 17:05:44+02:00,25,26,-1
2018-04-07 20:01:06+02:00,1,1,0
2018-04-07 20:06:53+02:00,23,7,16
2018-04-07 21:31:52+02:00,2,2,0
2018-04-08 13:11:12+02:00,27,8,19
2018-04-08 13:11:36+02:00,1,1,0
2018-04-08 13:12:55+02:00,24,24,0
2018-04-09 20:25:26+02:00,0,1,-1
2018-04-10 05:57:16+02:00,1,1,0
2018-04-10 07:47:31+03:00,1,1,0
2018-04-10 20:10:20+02:00,12,1,11
2018-04-11 20:19:13+02:00,4,2,2
2018-04-12 07:36:18+03:00,265,229,36
2018-04-12 18:07:43+02:00,100,125,-25
2018-04-12 18:07:43+02:00,18,18,0
2018-04-12 18:07:43+02:00,33,26,7
2018-04-12 18:07:44+02:00,53,23,30
2018-04-12 18:07:44+02:00,2,2,0
2018-04-12 18:07:44+02:00,15,5,10
2018-04-12 18:07:44+02:00,33,7,26
2018-04-12 18:07:44+02:00,149,12,137
2018-04-12 18:07:44+02:00,0,6,-6
2018-04-12 18:07:44+02:00,6,6,0
2018-04-12 18:07:45+02:00,27,22,5
2018-04-12 18:07:45+02:00,27,14,13
2018-04-12 18:07:45+02:00,43,23,20
2018-04-12 18:07:45+02:00,2,2,0
2018-04-12 18:14:33+02:00,44,31,13
2018-04-12 18:16:19+02:00,8,5,3
2018-04-12 18:16:25+02:00,2,69,-67
2018-04-12 18:16:25+02:00,5,11,-6
2018-04-12 18:16:26+02:00,2,1,1
2018-04-12 18:16:26+02:00,4,2,2
2018-04-12 18:16:26+02:00,3,0,3
2018-04-12 18:16:26+02:00,1,0,1
2018-04-12 18:16:27+02:00,9,8,1
2018-04-12 18:35:35+02:00,1,4,-3
2018-04-12 19:21:40+02:00,9,9,0
2018-04-12 19:32:14+02:00,6,2,4
2018-04-13 00:44:25+02:00,18,1,17
2018-04-15 12:09:12+02:00,71,74,-3
2018-04-15 12:20:49+02:00,51,6,45
2018-04-15 12:48:02+02:00,26,25,1
2018-04-15 12:50:47+02:00,1,0,1
2018-04-15 13:11:17+02:00,0,4,-4
2018-04-17 09:27:27+02:00,1,1,0
2018-04-17 10:46:03+03:00,1,1,0
2018-04-18 19:11:37+08:00,2,2,0
2018-04-18 15:09:41+03:00,2,2,0
2018-04-18 15:23:33+03:00,662,457,205
2018-04-19 09:01:34+03:00,6,9,-3
2018-04-19 09:06:56+03:00,1,1,0
2018-04-19 09:44:45+03:00,1,2,-1
2018-04-20 23:35:34+02:00,1,1,0
2018-04-21 10:05:31+03:00,1,1,0
2018-04-21 10:19:12+03:00,3,1,2
2018-04-21 13:33:29+02:00,240,0,240
2018-04-21 13:33:29+02:00,30,0,30
2018-04-21 13:33:29+02:00,118,147,-29
2018-04-21 13:33:29+02:00,1,1,0
2018-04-21 13:33:29+02:00,50,0,50
2018-04-21 13:33:29+02:00,9,1,8
2018-04-21 18:24:53+02:00,11,0,11
2018-04-21 18:44:57+02:00,1,1,0
2018-04-21 19:11:29+02:00,1,0,1
2018-04-21 19:39:18+02:00,76,47,29
2018-04-21 19:47:08+02:00,34,14,20
2018-04-21 19:55:48+02:00,24,12,12
2018-04-21 20:05:39+02:00,3,2,1
2018-04-21 20:05:49+02:00,3,1,2
2018-04-21 21:25:19+03:00,1,0,1
2018-04-21 21:26:22+03:00,76,47,29
2018-04-21 20:47:06+02:00,145,343,-198
2018-04-21 20:52:01+02:00,5,4,1
2018-04-21 21:01:53+02:00,2,0,2
2018-04-21 21:21:50+02:00,23,7,16
2018-04-21 22:35:17+02:00,0,1,-1
2018-04-21 22:39:22+02:00,254,406,-152
2018-04-21 23:20:12+02:00,10,6,4
2018-04-22 00:20:15+02:00,68,65,3
2018-04-22 00:21:03+02:00,66,67,-1
2018-04-22 00:35:04+02:00,1,1,0
2018-04-22 09:13:02+02:00,2,1,1
2018-04-22 09:21:09+02:00,1,1,0
2018-04-22 10:56:49+03:00,41,35,6
2018-04-22 10:57:48+03:00,47,17,30
2018-04-22 11:00:51+03:00,3,2,1
2018-04-22 10:04:30+02:00,8,6,2
2018-04-22 11:06:06+03:00,1,1,0
2018-04-22 11:29:21+03:00,4,5,-1
2018-04-22 11:05:23+02:00,17,3,14
2018-04-22 17:28:49+02:00,19,5,14
2018-04-22 19:37:24+02:00,8,7,1
2018-04-22 20:27:34+02:00,12,9,3
2018-04-22 20:28:39+02:00,5,5,0
2018-04-23 16:56:35+02:00,2,1,1
2018-04-23 16:57:18+02:00,7,1,6
2018-04-23 16:58:32+02:00,11,7,4
2018-04-23 16:58:52+02:00,2,2,0
2018-04-23 20:03:10+02:00,1,73,-72
2018-04-23 20:06:00+02:00,2,2,0
2018-04-23 20:08:58+02:00,3,3,0
2018-04-23 20:32:46+02:00,1,1,0
2018-04-24 19:42:41+02:00,1,1,0
2018-04-24 19:43:08+02:00,2,2,0
2018-04-25 02:11:07+03:00,47,9,38
2018-04-25 04:54:46+02:00,1,1,0
2018-04-25 07:59:27+03:00,1,1,0
2018-04-25 08:51:31+02:00,16,0,16
2018-04-25 08:52:08+02:00,83,34,49
2018-04-25 09:01:21+02:00,2,4,-2
2018-04-25 09:03:32+02:00,2,1,1
2018-04-25 09:08:02+02:00,27,1,26
2018-04-25 09:13:56+02:00,1,0,1
2018-04-25 10:32:58+03:00,1,1,0
2018-04-25 14:00:25+02:00,1,1,0
2018-04-25 20:03:32+02:00,1,1,0
2018-04-26 19:58:24+02:00,402,31,371
2018-04-28 00:16:34+03:00,194,60,134
2018-04-28 00:30:42+03:00,10,6,4
2018-04-28 01:40:48+03:00,3,0,3
2018-04-28 19:19:50+02:00,1,1,0
2018-04-28 20:33:24+03:00,1,1,0
2018-04-29 18:55:43+03:00,2,2,0
2018-05-01 00:27:05+03:00,177,76,101
2018-05-01 20:12:57+02:00,1,1,0
2018-05-02 07:50:36+03:00,1,1,0
2018-05-02 20:03:13+02:00,404,33,371
2018-05-02 20:13:16+02:00,192,162,30
2018-05-02 22:06:43+02:00,95,59,36
2018-05-02 22:49:55+02:00,540,528,12
2018-05-02 22:56:29+02:00,1,1,0
2018-05-03 11:16:29+03:00,1109,690,419
2018-05-03 10:48:25+02:00,16,1,15
2018-05-03 11:18:35+02:00,9,5,4
2018-05-04 13:38:51+03:00,9,19,-10
2018-05-04 13:59:50+03:00,2,2,0
2018-05-05 00:14:03+02:00,1,1,0
2018-05-05 09:10:50+03:00,1,1,0
2018-05-05 12:57:07+02:00,4,0,4
2018-05-05 21:31:05+02:00,1,1,0
2018-05-06 09:09:53+02:00,48,0,48
2018-05-06 20:23:20+02:00,9,0,9
2018-05-07 17:01:09+02:00,1,1,0
2018-05-07 17:19:54+02:00,351,75,276
2018-05-07 17:20:49+02:00,9,0,9
2018-05-08 15:41:10+02:00,1,1,0
2018-05-09 08:28:29+03:00,1,1,0
2018-05-09 09:15:09+03:00,1,0,1
2018-05-09 09:22:01+03:00,3,7,-4
2018-05-12 09:43:22+03:00,1,1,0
2018-05-12 09:48:40+03:00,10761,4256,6505
2018-05-12 09:50:01+03:00,1,1,0
2018-05-12 09:57:10+03:00,1,1,0
2018-05-12 10:04:41+02:00,6,9,-3
2018-05-12 10:19:52+02:00,8,5,3
2018-05-12 10:29:10+02:00,1,3,-2
2018-05-12 10:29:26+02:00,38,1,37
2018-05-12 10:30:30+02:00,1,3,-2
2018-05-12 10:31:24+02:00,3,0,3
2018-05-12 10:37:17+02:00,11,3,8
2018-05-12 13:37:42+02:00,9,1,8
2018-05-12 13:39:16+02:00,1,1,0
2018-05-12 13:39:29+02:00,57,1,56
2018-05-12 13:56:15+02:00,165,5,160
2018-05-12 14:04:06+02:00,2947,1947,1000
2018-05-12 14:04:16+02:00,1,1,0
2018-05-12 14:40:34+02:00,1,1,0
2018-05-12 18:45:18+02:00,1,1,0
2018-05-12 20:42:15+03:00,1,1,0
2018-05-12 20:15:59+02:00,4,3,1
2018-05-12 22:20:08+03:00,4,3,1
2018-05-13 05:41:24+02:00,1,1,0
2018-05-13 10:23:34+03:00,1,1,0
2018-05-13 13:38:29+02:00,1,1,0
2018-05-13 14:51:27+02:00,1,1,0
2018-05-13 16:26:25+02:00,1,1,0
2018-05-13 19:46:08+02:00,13,8,5
2018-05-13 19:50:04+02:00,2,1,1
2018-05-13 19:53:23+02:00,1,1,0
2018-05-13 19:54:19+02:00,1,1,0
2018-05-13 20:00:38+02:00,1,1,0
2018-05-13 20:03:54+02:00,2,0,2
2018-05-13 20:04:40+02:00,23,17,6
2018-05-13 21:27:01+03:00,1,1,0
2018-05-13 20:46:02+02:00,22,10,12
2018-05-13 22:37:01+02:00,53,27,26
2018-05-14 03:26:26+02:00,1,1,0
2018-05-14 07:14:18+03:00,1,1,0
2018-05-14 08:08:40+03:00,5,10,-5
2018-05-14 08:42:11+03:00,5,10,-5
2018-05-15 00:31:56+03:00,55,67,-12
2018-05-15 01:11:29+02:00,1,1,0
2018-05-15 08:41:22+02:00,1,1,0
2018-05-15 12:36:27+02:00,1,1,0
2018-05-15 13:37:34+03:00,15,17,-2
2018-05-15 17:39:37+03:00,1,1,0
2018-05-15 16:41:31+02:00,1,1,0
2018-05-15 18:07:16+03:00,1,1,0
2018-05-15 18:10:02+03:00,69,83,-14
2018-05-15 19:49:28+02:00,2,2,0
2018-05-15 19:49:47+02:00,25,0,25
2018-05-15 20:13:43+02:00,27,2,25
2018-05-16 05:16:24+02:00,1,1,0
2018-05-16 08:37:38+03:00,1,1,0
2018-05-17 00:26:32+02:00,1,1,0
2018-05-17 08:22:34+03:00,53,3,50
2018-05-17 08:23:32+03:00,1,1,0
2018-05-19 06:56:37+02:00,1,1,0
2018-05-19 09:14:42+03:00,51,1,50
2018-05-19 09:15:02+03:00,1,1,0
2018-05-20 06:41:38+02:00,1,1,0
2018-05-20 10:31:27+02:00,1,1,0
2018-05-21 20:01:41+02:00,3,2,1
2018-05-21 20:03:25+02:00,17,0,17
2018-05-21 22:31:08+03:00,7,11,-4
2018-05-21 23:15:01+03:00,15,2,13
2018-05-22 22:09:52+08:00,12,4,8
2018-05-23 10:24:22+03:00,12,4,8
2018-05-23 13:15:03+03:00,137,30,107
2018-05-23 13:17:35+03:00,6,0,6
2018-05-23 15:20:16+03:00,1,0,1
2018-05-23 16:06:18+03:00,7,0,7
2018-05-23 15:06:26+02:00,1,1,0
2018-05-24 09:01:31+03:00,1,1,0
2018-05-24 08:26:46+02:00,1,1,0
2018-05-24 10:54:31+03:00,20,2,18
2018-05-24 10:59:40+03:00,1,1,0
2018-05-25 00:46:08+03:00,6,18,-12
2018-05-25 17:04:08+03:00,10,8,2
2018-05-25 21:23:15+02:00,1,0,1
2018-05-26 09:55:31+08:00,33,7,26
2018-05-26 20:09:20+03:00,2,2,0
2018-05-26 20:14:33+03:00,1,1,0
2018-05-26 23:41:52+02:00,1,1,0
2018-05-27 10:22:20+03:00,1,0,1
2018-05-27 10:23:29+03:00,2,2,0
2018-05-27 10:23:42+03:00,1,1,0
2018-05-28 22:14:50+02:00,1,1,0
2018-05-29 08:03:58+03:00,1,1,0
2018-05-29 08:05:10+03:00,21,12,9
2018-05-29 20:48:34-07:00,31,25,6
2018-05-29 20:49:37-07:00,15,0,15
2018-05-29 22:21:29-07:00,19,7,12
2018-05-29 22:24:13-07:00,20,12,8
2018-05-29 22:38:48-07:00,7,12,-5
2018-05-30 08:53:57+03:00,47,32,15
2018-05-30 18:42:00+02:00,1,1,0
2018-05-30 21:40:32+03:00,1,1,0
2018-05-30 22:01:29+02:00,1,1,0
2018-05-30 22:09:03+02:00,3,3,0
2018-05-30 22:09:20+02:00,1,1,0
2018-05-30 22:38:09+02:00,10,8,2
2018-05-31 20:41:05+02:00,1,1,0
2018-05-31 20:54:37+02:00,5,5,0
2018-05-31 20:55:26+02:00,5,4,1
2018-05-31 20:55:45+02:00,2,2,0
2018-05-31 21:04:10+02:00,19,18,1
2018-05-31 21:08:26+02:00,2,2,0
2018-05-31 21:10:15+02:00,2,2,0
2018-05-31 21:22:46+02:00,10,10,0
2018-05-31 21:44:18+02:00,2,2,0
2018-05-31 21:59:22+02:00,6,2,4
2018-05-31 22:00:46+02:00,9,9,0
2018-05-31 22:09:31+02:00,5,1,4
2018-05-31 22:15:18+02:00,1,0,1
2018-05-31 22:17:46+02:00,4,2,2
2018-06-02 04:27:04+02:00,1,1,0
2018-06-01 19:46:53-07:00,5,2,3
2018-06-01 19:48:29-07:00,46,25,21
2018-06-01 19:51:38-07:00,33,7,26
2018-06-02 11:32:05+03:00,6,6,0
2018-06-02 11:39:09+03:00,5,2,3
2018-06-02 11:57:58+03:00,1,1,0
2018-06-02 13:44:05+02:00,9,8,1
2018-06-02 13:44:41+02:00,2,2,0
2018-06-02 13:52:55+02:00,1,1,0
2018-06-02 13:54:22+02:00,0,29,-29
2018-06-02 13:55:06+02:00,3,6,-3
2018-06-02 13:59:35+02:00,5,4,1
2018-06-02 14:07:54+02:00,2,1,1
2018-06-02 14:10:15+02:00,3,4,-1
2018-06-02 14:13:17+02:00,1,1,0
2018-06-02 14:14:28+02:00,1,1,0
2018-06-02 14:18:57+02:00,1,1,0
2018-06-02 14:50:27+02:00,6,6,0
2018-06-02 19:45:08+03:00,7,0,7
2018-06-02 19:49:23+03:00,2,0,2
2018-06-02 19:52:16+02:00,1,1,0
2018-06-02 20:06:29+02:00,8,9,-1
2018-06-02 21:59:18+03:00,7,9,-2
2018-06-02 12:35:07-07:00,1,0,1
2018-06-02 22:46:54+03:00,6,0,6
2018-06-02 13:05:11-07:00,9,10,-1
2018-06-02 13:55:05-07:00,6,3,3
2018-06-02 14:07:31-07:00,21,6,15
2018-06-03 07:16:39+03:00,1,0,1
2018-06-03 07:19:24+03:00,27,9,18
2018-06-03 07:22:41+03:00,15,2,13
2018-06-03 00:13:48-07:00,1,1,0
2018-06-03 00:13:48-07:00,77,0,77
2018-06-03 00:13:48-07:00,18,4,14
2018-06-03 00:13:48-07:00,7,0,7
2018-06-03 10:12:07+02:00,1,1,0
2018-06-03 11:31:50+03:00,1,1,0
2018-06-03 10:35:56+02:00,140,59,81
2018-06-03 10:43:55+02:00,96,111,-15
2018-06-03 13:47:36+02:00,9,17,-8
2018-06-03 15:57:23+03:00,9,17,-8
2018-06-03 15:14:51+02:00,12,0,12
2018-06-03 17:43:59+03:00,12,0,12
2018-06-03 17:49:20+03:00,103,5,98
2018-06-03 08:36:01-07:00,25,10,15
2018-06-03 17:43:41+02:00,25,10,15
2018-06-03 08:57:13-07:00,15,0,15
2018-06-03 19:28:23+03:00,15,0,15
2018-06-03 19:27:08+02:00,1,1,0
2018-06-03 19:36:53+02:00,27,4,23
2018-06-03 20:40:22+03:00,1,1,0
2018-06-03 19:41:34+02:00,13,0,13
2018-06-03 13:12:38-07:00,40,4,36
2018-06-03 23:06:37+02:00,0,0,0
2018-06-03 23:07:00+02:00,81,81,0
2018-06-04 01:48:26+03:00,54,5,49
2018-06-04 01:50:10+03:00,504,248,256
2018-06-04 01:52:54+03:00,1,1,0
2018-06-03 18:59:57-07:00,81,81,0
2018-06-04 10:04:26+03:00,4,4,0
2018-06-04 11:24:09+03:00,4,4,0
2018-06-04 11:47:27+03:00,3,5,-2
2018-06-04 11:50:33+03:00,1,1,0
2018-06-04 12:37:06+03:00,10,7,3
2018-06-04 12:37:06+03:00,17,9,8
2018-06-04 12:45:23+03:00,2,1,1
2018-06-04 12:58:35+03:00,4,2,2
2018-06-04 14:27:42+03:00,14,5,9
2018-06-04 14:27:42+03:00,2,2,0
2018-06-04 14:51:02+03:00,47,26,21
2018-06-04 15:08:45+03:00,14,2,12
2018-06-04 15:08:45+03:00,1,1,0
2018-06-04 14:13:35+02:00,14,2,12
2018-06-04 16:35:34+03:00,4,1,3
2018-06-04 16:45:47+03:00,2,1,1
2018-06-04 16:23:19+02:00,4,1,3
2018-06-04 21:48:15+03:00,1,1,0
2018-06-04 22:17:10+03:00,4,2,2
2018-06-04 22:19:25+03:00,1,1,0
2018-06-04 21:56:34+02:00,6,3,3
2018-06-04 21:17:20-07:00,31,29,2
2018-06-04 21:17:20-07:00,35,11,24
2018-06-04 21:17:20-07:00,6,3,3
2018-06-04 21:17:20-07:00,125,38,87
2018-06-04 21:17:20-07:00,1,2,-1
2018-06-04 21:18:03-07:00,1,1,0
2018-06-04 21:18:03-07:00,63,76,-13
2018-06-04 21:18:03-07:00,4,0,4
2018-06-04 21:18:03-07:00,2,2,0
2018-06-04 21:29:53-07:00,1,0,1
2018-06-04 22:42:24-07:00,1,1,0
2018-06-04 23:49:16-07:00,1,0,1
2018-06-05 13:27:24+03:00,2,2,0
2018-06-05 13:45:54+03:00,2,2,0
2018-06-05 13:49:59+02:00,6,1,5
2018-06-05 13:51:30+02:00,3,3,0
2018-06-05 15:32:04+03:00,185,77,108
2018-06-06 00:14:28+03:00,14,8,6
2018-06-05 23:34:26+02:00,42,34,8
2018-06-05 23:41:50+02:00,15,10,5
2018-06-05 23:53:49+02:00,23,22,1
2018-06-06 00:10:18+02:00,5,1,4
2018-06-06 00:11:44+02:00,6,1,5
2018-06-06 20:18:16+02:00,22,9,13
2018-06-06 20:24:47+02:00,11,0,11
2018-06-06 20:30:42+02:00,1,1,0
2018-06-06 21:24:57+02:00,4,0,4
2018-06-07 00:55:09+02:00,4,0,4
2018-06-07 01:12:46+02:00,1,1,0
2018-06-07 01:19:21+02:00,4,0,4
2018-06-06 18:43:54-07:00,1,1,0
2018-06-07 05:25:53+02:00,17,19,-2
2018-06-07 05:26:39+02:00,27,24,3
2018-06-07 05:27:27+02:00,4,6,-2
2018-06-07 05:27:55+02:00,99,170,-71
2018-06-07 05:28:05+02:00,1,0,1
2018-06-07 05:36:39+02:00,16,15,1
2018-06-07 05:47:14+02:00,4,4,0
2018-06-07 05:50:07+02:00,1,2,-1
2018-06-07 06:06:21+02:00,1,1,0
2018-06-07 14:22:07+02:00,1,1,0
2018-06-07 14:22:08+02:00,1,1,0
2018-06-07 14:22:10+02:00,1,1,0
2018-06-07 17:04:39+03:00,3,3,0
2018-06-07 16:19:44+02:00,82,64,18
2018-06-07 17:28:40+03:00,4,0,4
2018-06-07 17:29:40+03:00,11,7,4
2018-06-07 15:13:55+00:00,6,0,6
2018-06-07 17:15:59+02:00,37,9,28
2018-06-07 15:18:19+00:00,1,1,0
2018-06-07 17:29:43+02:00,11,10,1
2018-06-07 17:33:37+02:00,123,77,46
2018-06-07 18:06:27+02:00,14,14,0
2018-06-07 19:32:12+03:00,6,0,6
2018-06-07 20:00:46+03:00,12,4,8
2018-06-07 19:10:26+02:00,4,6,-2
2018-06-07 20:23:09+03:00,7,6,1
2018-06-07 20:23:09+03:00,2,2,0
2018-06-07 20:15:31+02:00,1,1,0
2018-06-07 20:30:13+02:00,5,0,5
2018-06-07 20:41:52+02:00,28,5,23
2018-06-07 20:43:28+02:00,3,2,1
2018-06-07 20:52:03+02:00,19,4,15
2018-06-07 21:35:57+02:00,31,5,26
2018-06-07 21:41:32+02:00,22,6,16
2018-06-07 22:18:10+02:00,230,248,-18
2018-06-07 22:28:21+02:00,62,13,49
2018-06-08 00:29:44+03:00,785,513,272
2018-06-08 00:54:46+03:00,25,17,8
2018-06-08 02:00:42+02:00,3,5,-2
2018-06-08 02:01:18+02:00,1,1,0
2018-06-08 02:01:38+02:00,2,6,-4
2018-06-08 02:01:46+02:00,2,2,0
2018-06-08 02:34:44+02:00,4,4,0
2018-06-08 02:35:10+02:00,1,0,1
2018-06-08 02:37:12+02:00,4,2,2
2018-06-08 06:35:36+02:00,62,13,49
2018-06-08 06:44:59+02:00,38,19,19
2018-06-07 22:13:50-07:00,5,0,5
2018-06-07 22:13:50-07:00,26,4,22
2018-06-07 22:13:50-07:00,21,1,20
2018-06-07 22:13:50-07:00,9,1,8
2018-06-07 22:13:50-07:00,37,3,34
2018-06-07 22:13:50-07:00,25,0,25
2018-06-08 08:15:04+03:00,0,1,-1
2018-06-08 08:51:39+03:00,0,1,-1
2018-06-07 23:12:03-07:00,1,1,0
2018-06-08 10:57:52+02:00,3,1,2
2018-06-08 11:23:00+02:00,33,24,9
2018-06-08 12:53:40+03:00,40,19,21
2018-06-08 12:58:26+03:00,33,24,9
2018-06-08 14:22:07+02:00,1,1,0
2018-06-08 18:10:21+03:00,7,6,1
2018-06-08 18:14:43+03:00,1,1,0
2018-06-08 19:46:07+02:00,3,3,0
2018-06-08 19:58:01+02:00,3,0,3
2018-06-08 22:32:04+02:00,126,9,117
2018-06-08 22:43:37+02:00,8,14,-6
2018-06-08 22:44:06+02:00,3,3,0
2018-06-09 00:37:46+02:00,280,90,190
2018-06-09 01:19:42+02:00,12,17,-5
2018-06-09 04:29:48+02:00,139,5,134
2018-06-09 04:30:23+02:00,11,17,-6
2018-06-08 20:15:52-07:00,102,90,12
2018-06-09 08:24:45+03:00,3,4,-1
2018-06-09 08:27:39+03:00,37,58,-21
2018-06-09 08:27:39+03:00,2,2,0
2018-06-09 08:27:39+03:00,44,63,-19
2018-06-09 08:40:32+03:00,2,1,1
2018-06-09 08:53:54+03:00,87,127,-40
2018-06-09 08:59:12+03:00,7,4,3
2018-06-09 14:22:07+02:00,1,1,0
2018-06-09 16:02:48+03:00,1,1,0
2018-06-09 18:52:57+03:00,3,3,0
2018-06-09 17:59:04+02:00,3,3,0
2018-06-09 21:44:20+02:00,21,0,21
2018-06-09 21:44:57+02:00,0,4,-4
2018-06-10 08:58:28+02:00,2,1,1
2018-06-10 09:07:04+02:00,4,6,-2
2018-06-10 13:15:46+02:00,49,39,10
2018-06-10 13:19:32+02:00,1,1,0
2018-06-10 13:20:41+02:00,1,1,0
2018-06-10 13:22:24+02:00,3,3,0
2018-06-10 13:25:16+02:00,1,1,0
2018-06-10 13:25:52+02:00,2,2,0
2018-06-10 13:32:07+02:00,3,2,1
2018-06-10 13:37:53+02:00,5,2,3
2018-06-10 13:45:16+02:00,11,0,11
2018-06-10 13:55:48+02:00,1,2,-1
2018-06-10 13:56:10+02:00,3,3,0
2018-06-10 13:56:23+02:00,2,2,0
2018-06-10 14:22:07+02:00,1,1,0
2018-06-10 16:39:07+03:00,1,1,0
2018-06-10 19:46:52+02:00,7,4,3
2018-06-10 20:52:42+02:00,6,0,6
2018-06-10 23:13:46+02:00,7,4,3
2018-06-11 10:47:00+03:00,150,21,129
2018-06-11 14:55:39+03:00,5,0,5
2018-06-11 14:22:07+02:00,1,1,0
2018-06-11 15:24:22+03:00,5,0,5
2018-06-11 15:31:32+03:00,1,1,0
2018-06-11 16:21:57+03:00,2,2,0
2018-06-11 16:25:05+03:00,535,244,291
2018-06-11 16:38:10+03:00,1,1,0
2018-06-11 19:50:43+02:00,43,0,43
2018-06-11 21:02:24+02:00,3,9,-6
2018-06-11 21:10:57+02:00,13,1,12
2018-06-12 01:05:43+03:00,19,3,16
2018-06-12 02:54:58+02:00,37,0,37
2018-06-12 02:56:19+02:00,13,1,12
2018-06-12 07:00:58+02:00,3,1,2
2018-06-11 22:38:58-07:00,3,1,2
2018-06-12 14:22:06+02:00,1,1,0
2018-06-12 14:45:24+02:00,1,1,0
2018-06-12 21:12:55+02:00,2,2,0
2018-06-12 21:38:14+02:00,1,1,0
2018-06-12 21:43:14+02:00,1,1,0
2018-06-12 22:29:30+02:00,23,24,-1
2018-06-13 06:31:42+02:00,17,9,8
2018-06-13 06:42:24+02:00,5,0,5
2018-06-13 06:52:17+02:00,34,18,16
2018-06-13 06:57:49+02:00,4,4,0
2018-06-13 07:00:39+02:00,36,15,21
2018-06-13 08:10:28+03:00,2,2,0
2018-06-13 12:21:54+02:00,95,104,-9
2018-06-13 12:21:54+02:00,226,295,-69
2018-06-13 12:21:54+02:00,15,13,2
2018-06-13 12:21:54+02:00,4,71,-67
2018-06-13 12:21:54+02:00,14,14,0
2018-06-13 12:21:54+02:00,11,10,1
2018-06-13 12:21:54+02:00,3,3,0
2018-06-13 14:22:07+02:00,1,1,0
2018-06-13 14:22:08+02:00,1,1,0
2018-06-13 14:22:09+02:00,1,1,0
2018-06-13 14:22:11+02:00,1,1,0
2018-06-13 15:44:00+03:00,4,4,0
2018-06-13 15:29:27+02:00,5,5,0
2018-06-13 15:49:49+02:00,349,491,-142
2018-06-13 16:13:36+02:00,18,32,-14
2018-06-13 16:16:02+02:00,20,0,20
2018-06-13 16:17:42+02:00,5,2,3
2018-06-13 16:20:13+02:00,2,20,-18
2018-06-13 19:34:02+02:00,26,35,-9
2018-06-13 19:44:00+02:00,2,2,0
2018-06-13 19:53:12+02:00,5,8,-3
2018-06-14 14:22:06+02:00,1,1,0
2018-06-14 15:42:52+03:00,1,1,0
2018-06-14 21:20:16+02:00,1,1,0
2018-06-15 14:23:07+02:00,1,1,0
2018-06-15 14:23:08+02:00,1,1,0
2018-06-15 14:51:54+02:00,2,2,0
2018-06-16 09:09:28+03:00,1,1,0
2018-06-16 09:09:28+03:00,1,1,0
2018-06-16 09:09:28+03:00,6,66,-60
2018-06-16 09:09:28+03:00,16,202,-186
2018-06-16 09:09:28+03:00,1,2,-1
2018-06-16 10:33:44+03:00,23,270,-247
2018-06-16 12:49:08+02:00,199,107,92
2018-06-16 13:42:25+02:00,13,13,0
2018-06-16 13:49:03+02:00,4,0,4
2018-06-16 14:23:06+02:00,1,1,0
2018-06-16 16:14:34+02:00,1,1,0
2018-06-16 20:55:35+02:00,38,0,38
2018-06-16 21:00:45+02:00,2,1,1
2018-06-16 21:28:41+02:00,1,1,0
2018-06-17 02:23:12+03:00,388,88,300
2018-06-17 02:23:40+03:00,656,911,-255
2018-06-17 08:52:03+03:00,13,13,0
2018-06-17 11:34:12+02:00,2,1,1
2018-06-17 13:19:16+02:00,40,1,39
2018-06-17 14:23:05+02:00,1,1,0
2018-06-17 16:07:57+03:00,6,1,5
2018-06-17 16:08:54+03:00,1,1,0
2018-06-17 23:38:07+02:00,350,365,-15
2018-06-17 23:38:07+02:00,26,27,-1
2018-06-17 23:38:07+02:00,12,0,12
2018-06-17 23:38:07+02:00,4,4,0
2018-06-17 23:38:07+02:00,130,153,-23
2018-06-17 23:38:07+02:00,11,8,3
2018-06-17 23:38:07+02:00,1,3,-2
2018-06-17 23:38:07+02:00,27,21,6
2018-06-17 23:38:07+02:00,1,1,0
2018-06-17 23:38:07+02:00,69,64,5
2018-06-17 23:38:07+02:00,12,12,0
2018-06-17 23:38:07+02:00,17,17,0
2018-06-17 23:38:07+02:00,43,59,-16
2018-06-17 23:38:07+02:00,9,3,6
2018-06-17 23:38:07+02:00,33,27,6
2018-06-17 23:38:07+02:00,35,38,-3
2018-06-17 23:38:07+02:00,26,24,2
2018-06-17 23:38:07+02:00,8,4,4
2018-06-17 23:38:07+02:00,4,7,-3
2018-06-17 23:38:07+02:00,4,0,4
2018-06-17 23:38:07+02:00,14,0,14
2018-06-17 23:38:07+02:00,49,0,49
2018-06-17 23:38:07+02:00,41,2,39
2018-06-18 14:23:05+02:00,1,1,0
2018-06-18 15:47:43+03:00,1,1,0
2018-06-18 19:36:36+02:00,26,0,26
2018-06-18 19:46:42+02:00,23,18,5
2018-06-18 19:56:23+02:00,7,2,5
2018-06-18 22:07:15+02:00,26,29,-3
2018-06-18 22:09:46+02:00,22,22,0
2018-06-18 22:20:50+02:00,16,12,4
2018-06-18 22:28:51+02:00,13,7,6
2018-06-18 22:32:29+02:00,2,2,0
2018-06-18 22:34:28+02:00,0,2,-2
2018-06-18 22:42:14+02:00,20,0,20
2018-06-18 22:54:18+02:00,20,0,20
2018-06-19 14:23:05+02:00,1,1,0
2018-06-19 16:27:30+02:00,1,1,0
2018-06-20 14:23:06+02:00,1,1,0
2018-06-20 14:23:08+02:00,1,1,0
2018-06-20 14:36:44+02:00,2,2,0
2018-06-21 14:24:06+02:00,1,1,0
2018-06-21 15:20:22+02:00,1,1,0
2018-06-21 20:47:53+02:00,1,1,0
2018-06-22 06:36:14+03:00,968,840,128
2018-06-22 14:24:06+02:00,1,1,0
2018-06-22 16:14:20+03:00,1,1,0
2018-06-22 19:04:48+05:18,1,1,0
2018-06-22 21:04:07+03:00,3,3,0
2018-06-22 20:23:23+02:00,90,4,86
2018-06-22 20:51:21+02:00,7,9,-2
2018-06-22 21:55:09+03:00,3,0,3
2018-06-22 21:21:34+02:00,15,7,8
2018-06-22 21:24:21+02:00,6,6,0
2018-06-23 07:58:25+03:00,1,1,0
2018-06-23 08:17:25+02:00,6,3,3
2018-06-23 10:42:33+02:00,19,1,18
2018-06-23 11:13:49+02:00,35,21,14
2018-06-23 11:14:31+02:00,25,2,23
2018-06-23 11:57:26+02:00,2,1,1
2018-06-23 13:10:08+02:00,2,1,1
2018-06-23 13:12:36+02:00,1,1,0
2018-06-23 13:15:15+02:00,1,1,0
2018-06-23 14:32:39+03:00,62,6,56
2018-06-23 14:37:36+03:00,3,3,0
2018-06-23 14:37:36+03:00,3,0,3
2018-06-23 14:37:36+03:00,1,1,0
2018-06-23 14:37:36+03:00,1,1,0
2018-06-23 14:37:36+03:00,19,1,18
2018-06-23 14:37:36+03:00,35,21,14
2018-06-23 14:37:36+03:00,25,2,23
2018-06-23 14:37:36+03:00,2,1,1
2018-06-23 14:37:36+03:00,6,179,-173
2018-06-23 14:37:36+03:00,91,66,25
2018-06-23 14:37:36+03:00,13,13,0
2018-06-23 14:37:36+03:00,1,1,0
2018-06-23 14:37:36+03:00,1,1,0
2018-06-23 14:37:36+03:00,28,50,-22
2018-06-23 14:37:36+03:00,25,26,-1
2018-06-23 14:37:36+03:00,39,65,-26
2018-06-23 14:37:36+03:00,4,0,4
2018-06-23 14:37:36+03:00,2,0,2
2018-06-23 13:42:03+02:00,111,18,93
2018-06-23 13:50:22+02:00,4,14,-10
2018-06-23 13:50:49+02:00,0,1,-1
2018-06-23 14:19:50+02:00,28,12,16
2018-06-23 14:21:42+02:00,4,15,-11
2018-06-23 15:22:14+03:00,0,3,-3
2018-06-23 14:23:07+02:00,1,1,0
2018-06-23 14:34:36+02:00,1,1,0
2018-06-23 14:42:22+02:00,15,9,6
2018-06-23 15:44:51+03:00,12,7,5
2018-06-23 15:47:19+03:00,3,3,0
2018-06-23 15:56:38+03:00,0,1,-1
2018-06-23 14:56:52+02:00,1,1,0
2018-06-23 08:21:56-05:00,102,90,12
2018-06-23 08:36:32-05:00,2,0,2
2018-06-23 16:50:27+03:00,1353,1004,349
2018-06-23 16:07:38+02:00,581,78,503
2018-06-23 16:07:52+02:00,16,10,6
2018-06-23 09:32:56-05:00,2,0,2
2018-06-23 09:35:52-05:00,6610,4105,2505
2018-06-23 09:38:20-05:00,1,1,0
2018-06-23 19:54:27+02:00,42,7,35
2018-06-23 19:58:28+02:00,1,2,-1
2018-06-23 20:14:15+02:00,18,9,9
2018-06-23 20:19:07+02:00,41,36,5
2018-06-23 16:21:56-05:00,1,1,0
2018-06-23 16:22:51-05:00,6610,4105,2505
2018-06-24 00:39:11+02:00,0,0,0
2018-06-24 13:43:27+02:00,1,1,0
2018-06-24 14:23:05+02:00,1,1,0
2018-06-24 15:27:53+03:00,61,174,-113
2018-06-24 08:01:04-05:00,1,1,0
2018-06-24 17:00:00+02:00,28,3,25
2018-06-24 19:52:12+02:00,32,23,9
2018-06-24 21:44:09+02:00,32,23,9
2018-06-25 11:15:11+03:00,1,1,0
2018-06-25 11:38:14+03:00,10,11,-1
2018-06-25 11:38:42+03:00,0,72,-72
2018-06-25 14:23:06+02:00,1,1,0
2018-06-25 08:15:30-05:00,1,1,0
2018-06-26 14:23:06+02:00,1,1,0
2018-06-26 14:43:31+02:00,1,1,0
2018-06-26 20:30:03+02:00,50,0,50
2018-06-26 20:30:10+02:00,1,1,0
2018-06-26 20:30:16+02:00,10,10,0
2018-06-26 20:49:07+02:00,49,0,49
2018-06-26 22:41:28+02:00,8,10,-2
2018-06-26 22:41:38+02:00,5,1,4
2018-06-26 23:06:27+02:00,45,12,33
2018-06-26 23:14:12+02:00,36,8,28
2018-06-26 23:40:20+02:00,1,0,1
2018-06-26 23:40:36+02:00,37,0,37
2018-06-27 00:18:30+02:00,54,7,47
2018-06-27 00:18:50+02:00,1,1,0
2018-06-27 06:23:49+02:00,34,0,34
2018-06-27 06:38:49+02:00,25,10,15
2018-06-27 06:52:31+02:00,25,12,13
2018-06-27 06:54:29+02:00,1,1,0
2018-06-27 06:57:41+02:00,2,1,1
2018-06-27 14:23:07+02:00,1,1,0
2018-06-27 08:40:39-05:00,1,1,0
2018-06-27 19:49:08+02:00,25,11,14
2018-06-27 20:15:25+02:00,18,4,14
2018-06-28 14:23:07+02:00,1,1,0
2018-06-28 14:42:55+02:00,1,1,0
2018-06-28 19:53:51+02:00,36,5,31
2018-06-28 21:22:43+02:00,39,102,-63
2018-06-28 21:51:59+02:00,9,0,9
2018-06-28 21:56:37+02:00,6,2,4
2018-06-28 22:11:45+02:00,14,0,14
2018-06-28 22:18:38+02:00,25,25,0
2018-06-28 22:32:28+02:00,8,1,7
2018-06-29 14:23:06+02:00,1,1,0
2018-06-29 08:32:34-05:00,1,1,0
2018-06-29 19:44:06+02:00,119,30,89
2018-06-30 09:54:31+03:00,3,3,0
2018-06-30 13:44:42+02:00,36,15,21
2018-06-30 14:23:06+02:00,1,1,0
2018-06-30 14:23:07+02:00,1,1,0
2018-06-30 09:37:38-05:00,2,2,0
2018-06-30 17:37:34+02:00,2,2,0
2018-06-30 17:49:46+02:00,3,1,2
2018-06-30 19:32:56+02:00,2,1,1
2018-07-01 14:28:01+02:00,36,5,31
2018-07-01 15:11:22+02:00,3,1,2
2018-07-01 19:37:55+02:00,5,5,0
2018-07-01 19:41:19+02:00,5,6,-1
2018-07-01 19:47:24+02:00,37,16,21
2018-07-01 19:47:57+02:00,71,100,-29
2018-07-01 19:54:26+02:00,4,10,-6
2018-07-01 19:55:51+02:00,3,0,3
2018-07-01 20:01:02+02:00,267,153,114
2018-07-01 20:03:07+02:00,2,2,0
2018-07-01 20:17:30+02:00,0,2,-2
2018-07-01 20:50:13+02:00,358,25,333
2018-07-02 09:56:58+03:00,94,181,-87
2018-07-02 11:27:27+03:00,1464,403,1061
2018-07-02 11:46:55+03:00,11,1,10
2018-07-02 14:23:06+02:00,1,1,0
2018-07-02 08:57:27-05:00,1,1,0
2018-07-03 11:44:54+03:00,2,4,-2
2018-07-03 11:46:56+03:00,5,5,0
2018-07-03 12:51:02+03:00,17,14,3
2018-07-03 14:49:58+03:00,7,5,2
2018-07-03 14:23:05+02:00,1,1,0
2018-07-03 14:35:45+02:00,1,1,0
2018-07-03 21:50:24+03:00,4,6,-2
2018-07-03 21:50:45+03:00,0,3,-3
2018-07-03 21:55:22+03:00,2,1,1
2018-07-03 22:09:59+03:00,3,0,3
2018-07-03 22:17:43+03:00,1,1,0
2018-07-03 23:08:29+03:00,5,9,-4
2018-07-04 10:31:35+03:00,71,65,6
2018-07-04 14:23:06+02:00,1,1,0
2018-07-04 15:26:32+02:00,1,1,0
2018-07-04 16:59:42+02:00,71,65,6
2018-07-04 13:51:14-05:00,296,751,-455
2018-07-05 11:57:59+00:00,11,0,11
2018-07-05 12:05:31+00:00,3,2,1
2018-07-05 14:23:11+02:00,1,1,0
2018-07-05 14:23:12+02:00,1,1,0
2018-07-05 15:39:57+02:00,2,2,0
2018-07-05 10:11:29-05:00,5,8,-3
2018-07-05 10:11:29-05:00,18,25,-7
2018-07-05 10:11:29-05:00,15,17,-2
2018-07-05 10:11:29-05:00,3,4,-1
2018-07-05 10:11:29-05:00,36,36,0
2018-07-05 10:11:29-05:00,30,30,0
2018-07-05 10:47:08-05:00,1,2,-1
2018-07-05 22:18:15+02:00,106,120,-14
2018-07-05 23:22:35+02:00,16,0,16
2018-07-05 14:30:24-07:00,29,2,27
2018-07-05 14:40:04-07:00,1135,1140,-5
2018-07-05 14:50:23-07:00,1,1,0
2018-07-05 15:01:53-07:00,1,1,0
2018-07-05 16:10:38-07:00,1,2,-1
2018-07-06 14:23:06+02:00,1,1,0
2018-07-06 09:41:10-05:00,1,1,0
2018-07-06 19:56:16+02:00,13,3,10
2018-07-06 20:00:54+02:00,1,1,0
2018-07-07 14:23:06+02:00,1,1,0
2018-07-07 14:23:08+02:00,1,1,0
2018-07-07 14:41:42+02:00,6,1,5
2018-07-07 14:42:53+02:00,33,0,33
2018-07-07 14:43:32+02:00,2,2,0
2018-07-07 14:52:39+02:00,1,1,0
2018-07-07 08:15:20-05:00,1,1,0
2018-07-07 15:30:29+02:00,16,0,16
2018-07-07 20:17:53+02:00,4,3,1
2018-07-08 13:34:47+02:00,6,6,0
2018-07-08 14:23:05+02:00,1,1,0
2018-07-08 14:23:07+02:00,1,1,0
2018-07-08 17:36:03+03:00,6,6,0
2018-07-08 17:40:12+03:00,28,2,26
2018-07-08 17:40:42+03:00,2,2,0
2018-07-08 17:41:50+03:00,4,3,1
2018-07-08 19:55:04+02:00,4,2,2
2018-07-08 19:55:16+02:00,5,4,1
2018-07-08 20:01:33+02:00,4,4,0
2018-07-08 20:03:11+02:00,10,10,0
2018-07-08 20:07:25+02:00,1,1,0
2018-07-08 20:18:34+02:00,10,10,0
2018-07-08 22:43:34-07:00,18,8,10
2018-07-09 14:23:06+02:00,1,1,0
2018-07-09 08:26:54-05:00,1,1,0
2018-07-09 21:54:21+02:00,18,8,10
2018-07-09 21:56:24+02:00,1,1,0
2018-07-09 21:56:29+02:00,2,2,0
2018-07-09 22:11:12+02:00,3,2,1
2018-07-10 09:20:32+03:00,20,20,0
2018-07-10 14:23:08+02:00,1,1,0
2018-07-10 14:35:33+02:00,1,1,0
2018-07-10 15:10:56+02:00,12,7,5
2018-07-11 07:20:33+03:00,3,3,0
2018-07-11 07:21:28+03:00,13,10,3
2018-07-11 07:23:03+03:00,12,7,5
2018-07-11 14:23:06+02:00,1,1,0
2018-07-11 14:50:04+02:00,1,1,0
2018-07-11 14:50:09+02:00,1,1,0
2018-07-11 16:18:07+03:00,1,1,0
2018-07-12 14:23:06+02:00,1,1,0
2018-07-12 14:33:14+02:00,1,1,0
2018-07-12 17:07:19+02:00,29,19,10
2018-07-12 17:07:19+02:00,20,20,0
2018-07-12 17:10:04+02:00,63,50,13
2018-07-12 17:11:31+02:00,31,28,3
2018-07-12 17:11:31+02:00,5,9,-4
2018-07-12 17:12:42+02:00,89,68,21
2018-07-12 17:16:31+02:00,245,102,143
2018-07-12 17:27:40+02:00,11,5,6
2018-07-12 17:29:02+02:00,0,1,-1
2018-07-12 17:50:11+02:00,111,9,102
2018-07-12 19:38:01+02:00,528,235,293
2018-07-13 14:24:06+02:00,1,1,0
2018-07-13 08:56:51-05:00,1,1,0
2018-07-14 00:07:38+02:00,4,4,0
2018-07-13 22:50:10-05:00,4,4,0
2018-07-14 08:02:39+03:00,6,6,0
2018-07-14 13:15:39+02:00,6,6,0
2018-07-14 13:32:35+02:00,16,0,16
2018-07-14 13:32:35+02:00,70,0,70
2018-07-14 13:32:35+02:00,170,8,162
2018-07-14 13:32:35+02:00,3,5,-2
2018-07-14 13:32:35+02:00,10,0,10
2018-07-14 13:32:35+02:00,6,0,6
2018-07-14 13:32:35+02:00,40,32,8
2018-07-14 13:32:35+02:00,74,0,74
2018-07-14 13:32:35+02:00,7,2,5
2018-07-14 13:32:35+02:00,31,1,30
2018-07-14 13:32:35+02:00,0,1,-1
2018-07-14 13:32:35+02:00,1,3,-2
2018-07-14 13:32:35+02:00,3,3,0
2018-07-14 13:32:35+02:00,2,1,1
2018-07-14 14:24:07+02:00,1,1,0
2018-07-14 14:24:09+02:00,1,1,0
2018-07-14 19:39:13+02:00,2,2,0
2018-07-14 22:54:23+00:00,468,37,431
2018-07-14 23:45:06+00:00,21,16,5
2018-07-15 09:01:08+02:00,15,1,14
2018-07-15 09:08:14+02:00,1,1,0
2018-07-15 09:30:01+00:00,51,26,25
2018-07-15 10:33:00+00:00,34,27,7
2018-07-15 14:24:05+02:00,1,1,0
2018-07-15 14:42:35+02:00,1,1,0
2018-07-15 17:03:47+00:00,122,35,87
2018-07-16 08:23:39+03:00,27,21,6
2018-07-16 08:23:39+03:00,7,84,-77
2018-07-16 08:23:39+03:00,37,37,0
2018-07-16 08:23:39+03:00,495,481,14
2018-07-16 08:59:14+03:00,5,5,0
2018-07-16 09:57:46+03:00,68,1,67
2018-07-16 10:00:46+03:00,15,1,14
2018-07-16 12:01:02+00:00,369,292,77
2018-07-16 14:24:06+02:00,1,1,0
2018-07-16 14:24:07+02:00,1,1,0
2018-07-16 15:02:44+02:00,2,2,0
2018-07-16 13:16:18+00:00,27,2,25
2018-07-16 14:16:35+00:00,169,103,66
2018-07-16 15:48:06+00:00,7,7,0
2018-07-16 15:57:15+00:00,38,19,19
2018-07-16 16:09:42+00:00,27,4,23
2018-07-16 16:12:33+00:00,7,7,0
2018-07-16 16:18:54+00:00,1,1,0
2018-07-16 16:30:11+00:00,6,6,0
2018-07-16 17:06:06+00:00,19,6,13
2018-07-16 17:48:11+00:00,12,3,9
2018-07-16 18:06:31+00:00,2,0,2
2018-07-16 18:32:41+00:00,5,5,0
2018-07-16 18:59:48+00:00,10,6,4
2018-07-17 10:23:04+03:00,126,137,-11
2018-07-17 10:47:15+03:00,1,1,0
2018-07-17 11:02:07+03:00,1,1,0
2018-07-17 11:07:27+03:00,1,0,1
2018-07-17 08:12:21+00:00,25,30,-5
2018-07-17 11:13:35+03:00,0,1,-1
2018-07-17 11:41:21+03:00,6,6,0
2018-07-17 11:47:09+03:00,5,5,0
2018-07-17 10:59:17+00:00,24,17,7
2018-07-17 11:22:38+00:00,25,7,18
2018-07-17 14:24:09+02:00,1,1,0
2018-07-17 14:40:25+02:00,1,1,0
2018-07-17 21:26:52+03:00,7,9,-2
2018-07-17 20:26:59+02:00,38,35,3
2018-07-17 20:29:53+02:00,7,7,0
2018-07-17 21:05:03+02:00,33,9,24
2018-07-17 21:05:31+02:00,30,17,13
2018-07-17 21:12:05+02:00,1,1,0
2018-07-17 21:33:11+00:00,31,24,7
2018-07-18 01:36:39-05:00,5,0,5
2018-07-18 08:57:56+02:00,5,0,5
2018-07-18 09:06:12+02:00,2,2,0
2018-07-18 09:10:17+02:00,1,1,0
2018-07-18 09:29:51+02:00,4,2,2
2018-07-18 14:24:07+02:00,1,1,0
2018-07-18 14:39:57+02:00,1,1,0
2018-07-18 20:08:55+02:00,10,9,1
2018-07-18 20:39:57+02:00,411,34,377
2018-07-18 22:52:57+02:00,19,18,1
2018-07-18 22:53:44+02:00,45,29,16
2018-07-18 23:40:04+02:00,19,0,19
2018-07-19 08:11:32+03:00,83,47,36
2018-07-19 10:12:36+02:00,580,650,-70
2018-07-19 13:14:21+02:00,3,3,0
2018-07-19 13:19:36+02:00,4,4,0
2018-07-19 13:20:15+02:00,10,12,-2
2018-07-19 13:22:44+02:00,73,4,69
2018-07-19 13:22:44+02:00,9,5,4
2018-07-19 13:22:44+02:00,1,0,1
2018-07-19 13:25:48+02:00,10,0,10
2018-07-19 13:29:42+02:00,31,20,11
2018-07-19 14:24:07+02:00,1,1,0
2018-07-19 17:32:11+03:00,14,11,3
2018-07-19 17:33:19+03:00,95,57,38
2018-07-19 17:34:02+03:00,1,1,0
2018-07-19 19:27:33+02:00,8,4,4
2018-07-19 19:27:33+02:00,7,6,1
2018-07-19 19:29:31+02:00,13,5,8
2018-07-19 19:29:31+02:00,1,1,0
2018-07-19 19:29:31+02:00,7,0,7
2018-07-19 19:29:31+02:00,6,3,3
2018-07-19 19:34:14+02:00,7,0,7
2018-07-19 19:34:14+02:00,13,4,9
2018-07-19 19:34:14+02:00,57,6,51
2018-07-19 19:34:14+02:00,3,1,2
2018-07-19 19:39:08+02:00,29,19,10
2018-07-19 19:39:08+02:00,6,8,-2
2018-07-19 19:50:06+02:00,7,9,-2
2018-07-19 20:12:20+02:00,4,3,1
2018-07-19 20:36:49+02:00,3,4,-1
2018-07-19 20:43:41+02:00,47,83,-36
2018-07-19 21:50:46+03:00,47,83,-36
2018-07-19 21:12:27+02:00,96,52,44
2018-07-20 11:42:42+03:00,96,52,44
2018-07-20 14:24:06+02:00,1,1,0
2018-07-20 15:52:32+02:00,1,1,0
2018-07-21 14:24:05+02:00,1,1,0
2018-07-21 14:40:26+02:00,1,1,0
2018-07-21 19:50:38+02:00,20,3,17
2018-07-21 20:13:32+02:00,7,21,-14
2018-07-21 20:21:00+02:00,5,6,-1
2018-07-21 20:44:38+02:00,21,12,9
2018-07-21 20:49:57+02:00,4,5,-1
2018-07-21 23:12:56-05:00,20,3,17
2018-07-22 14:24:05+02:00,1,1,0
2018-07-22 07:34:40-05:00,1,1,0
2018-07-22 14:35:37+02:00,10,8,2
2018-07-22 14:35:59+02:00,1,3,-2
2018-07-22 14:48:06+02:00,2,1,1
2018-07-22 14:49:07+02:00,62,0,62
2018-07-22 14:52:58+02:00,3,3,0
2018-07-22 14:53:46+02:00,0,1,-1
2018-07-22 17:05:22+01:00,2,5,-3
2018-07-22 17:06:42+01:00,5,2,3
2018-07-23 00:54:20+01:00,8,8,0
2018-07-23 07:19:37+03:00,5,2,3
2018-07-23 09:09:56+01:00,59,0,59
2018-07-23 09:10:37+01:00,3,1,2
2018-07-23 14:24:05+02:00,1,1,0
2018-07-23 16:47:19+03:00,1,1,0
2018-07-23 16:48:12+03:00,62,1,61
2018-07-24 00:01:51+01:00,3,3,0
2018-07-24 09:09:45+03:00,162,43,119
2018-07-24 08:00:56+01:00,1,1,0
2018-07-24 08:20:32+01:00,7,5,2
2018-07-24 09:37:25+01:00,2,2,0
2018-07-24 14:24:06+02:00,1,1,0
2018-07-24 14:24:08+02:00,1,1,0
2018-07-24 13:53:35+01:00,2,2,0
2018-07-24 22:53:10+01:00,3,1,2
2018-07-24 23:08:40+01:00,2,2,0
2018-07-25 14:24:07+02:00,1,1,0
2018-07-25 07:33:00-05:00,1,1,0
2018-07-25 17:04:25+03:00,1,1,0
2018-07-25 19:49:25+00:00,2,2,0
2018-07-25 22:45:24+01:00,1,1,0
2018-07-25 22:47:20+01:00,0,2,-2
2018-07-26 07:26:23+01:00,5,5,0
2018-07-26 06:53:43+00:00,1,1,0
2018-07-26 14:25:58+03:00,112,58,54
2018-07-26 14:24:05+02:00,1,1,0
2018-07-26 15:48:41+03:00,1,1,0
2018-07-26 18:23:42+01:00,9,5,4
2018-07-26 18:58:49+01:00,3,2,1
2018-07-26 19:06:25+01:00,9,22,-13
2018-07-26 19:11:51+01:00,6,6,0
2018-07-26 18:40:45+00:00,10,0,10
2018-07-26 18:42:20+00:00,62,27,35
2018-07-26 19:15:53+00:00,1,1,0
2018-07-26 19:17:00+00:00,2,2,0
2018-07-27 07:40:27+01:00,2,4,-2
2018-07-27 08:55:36+00:00,6,0,6
2018-07-27 09:10:09+00:00,1,2,-1
2018-07-27 12:07:07+00:00,1,0,1
2018-07-27 12:19:01+00:00,1,0,1
2018-07-27 14:24:06+02:00,1,1,0
2018-07-27 15:28:06+02:00,1,1,0
2018-07-27 16:05:51+01:00,1,1,0
2018-07-27 16:06:07+01:00,1,1,0
2018-07-27 20:54:20+03:00,17,27,-10
2018-07-27 21:14:41+01:00,2,0,2
2018-07-27 20:18:12+00:00,145,0,145
2018-07-28 13:53:39+03:00,2,0,2
2018-07-28 14:24:06+02:00,1,1,0
2018-07-28 16:26:38+03:00,1,1,0
2018-07-28 17:42:56+00:00,6,15,-9
2018-07-28 21:56:11+03:00,16,4,12
2018-07-28 22:06:26+03:00,2,1,1
2018-07-28 20:32:10+00:00,39,3,36
2018-07-28 14:23:18-07:00,811,721,90
2018-07-28 18:30:12-07:00,984,60,924
2018-07-28 19:45:33-07:00,10,8,2
2018-07-28 21:31:20-07:00,27,0,27
2018-07-29 08:30:29+03:00,82,8,74
2018-07-29 09:53:52+03:00,2,0,2
2018-07-29 08:54:02+01:00,17,4,13
2018-07-29 08:02:04+00:00,26,17,9
2018-07-29 08:10:55+00:00,6,3,3
2018-07-29 09:12:05+00:00,27,9,18
2018-07-29 09:15:13+00:00,1,0,1
2018-07-29 13:23:11+02:00,4,17,-13
2018-07-29 12:23:25+01:00,4,17,-13
2018-07-29 14:01:50+02:00,13,6,7
2018-07-29 14:24:06+02:00,1,1,0
2018-07-29 14:24:08+02:00,1,1,0
2018-07-29 16:23:17+03:00,0,98,-98
2018-07-29 17:09:44+03:00,16,330,-314
2018-07-29 19:02:17+02:00,2,2,0
2018-07-29 20:55:06+02:00,53,3,50
2018-07-29 20:55:06+02:00,3,10,-7
2018-07-29 20:55:06+02:00,6,4,2
2018-07-29 20:55:06+02:00,4,4,0
2018-07-29 20:55:06+02:00,3,0,3
2018-07-29 20:55:06+02:00,1,1,0
2018-07-29 20:55:06+02:00,7,5,2
2018-07-29 20:55:06+02:00,1,1,0
2018-07-29 20:55:06+02:00,1,1,0
2018-07-29 20:55:06+02:00,0,3,-3
2018-07-29 20:55:06+02:00,3,3,0
2018-07-29 20:55:32+02:00,40,1,39
2018-07-29 20:55:32+02:00,15,12,3
2018-07-29 20:55:32+02:00,4,2,2
2018-07-29 20:55:37+02:00,13,10,3
2018-07-29 20:55:37+02:00,270,6,264
2018-07-29 20:55:37+02:00,5,5,0
2018-07-29 20:55:37+02:00,11,11,0
2018-07-29 20:55:37+02:00,2,1,1
2018-07-29 20:55:37+02:00,6,6,0
2018-07-29 20:55:37+02:00,3,3,0
2018-07-29 20:55:37+02:00,2,2,0
2018-07-29 20:55:37+02:00,0,2,-2
2018-07-29 20:55:40+02:00,80,63,17
2018-07-29 20:55:40+02:00,16,12,4
2018-07-29 20:55:40+02:00,2,2,0
2018-07-29 20:55:40+02:00,7,0,7
2018-07-29 20:55:40+02:00,7,7,0
2018-07-29 20:56:23+02:00,64,57,7
2018-07-29 21:07:21+02:00,18,25,-7
2018-07-30 12:09:07+03:00,1,270,-269
2018-07-30 12:09:07+03:00,3,4,-1
2018-07-30 12:09:07+03:00,1,1,0
2018-07-30 12:58:29+03:00,5,53,-48
2018-07-30 12:58:29+03:00,7,13,-6
2018-07-30 13:26:54+03:00,35,55,-20
2018-07-30 14:57:51+03:00,6,4,2
2018-07-30 14:24:06+02:00,1,1,0
2018-07-30 15:41:02+03:00,128,198,-70
2018-07-30 14:53:24+02:00,1,1,0
2018-07-30 16:49:58+00:00,78,1,77
2018-07-30 17:08:33+00:00,1,1,0
2018-07-30 20:18:46+03:00,459,74,385
2018-07-30 21:04:26+03:00,77,0,77
2018-07-30 21:08:55+03:00,537,75,462
2018-07-30 20:18:48+02:00,657,539,118
2018-07-30 20:23:28+02:00,208,0,208
2018-07-30 13:00:08-07:00,4,4,0
2018-07-30 13:43:25-07:00,845,511,334
2018-07-31 08:19:35+03:00,13,6,7
2018-07-31 08:22:33+03:00,186,598,-412
2018-07-31 12:47:32+02:00,65,10,55
2018-07-31 12:48:12+02:00,942,677,265
2018-07-31 14:19:16+02:00,2,1,1
2018-07-31 14:25:06+02:00,1,1,0
2018-07-31 14:25:07+02:00,1,1,0
2018-07-31 14:39:48+02:00,2,2,0
2018-07-31 16:54:02+02:00,3,2,1
2018-07-31 19:46:28+02:00,3,1,2
2018-07-31 20:25:10+02:00,15,10,5
2018-07-31 20:43:32+02:00,21,28,-7
2018-07-31 20:50:59+02:00,2,1,1
2018-07-31 20:53:32+02:00,1,1,0
2018-07-31 20:54:51+02:00,1,0,1
2018-07-31 21:02:04+02:00,6,0,6
2018-07-31 21:03:17+02:00,16,0,16
2018-07-31 21:04:03+02:00,69,53,16
2018-07-31 21:04:03+02:00,63,2,61
2018-07-31 21:04:03+02:00,21,9,12
2018-07-31 21:04:03+02:00,8,4,4
2018-07-31 21:04:03+02:00,17,17,0
2018-07-31 21:04:03+02:00,56,11,45
2018-07-31 21:04:03+02:00,13,3,10
2018-07-31 21:04:03+02:00,12,0,12
2018-07-31 21:04:03+02:00,44,8,36
2018-07-31 21:04:03+02:00,1,1,0
2018-07-31 21:04:03+02:00,33,0,33
2018-07-31 21:04:03+02:00,48,0,48
2018-07-31 21:04:03+02:00,10,2,8
2018-07-31 21:04:03+02:00,11,36,-25
2018-07-31 21:08:03+02:00,4,5,-1
2018-07-31 21:21:45+02:00,37,31,6
2018-07-31 17:07:30-07:00,204,607,-403
2018-07-31 18:10:23-07:00,17,3,14
2018-08-01 07:26:13+02:00,3180,2187,993
2018-08-01 07:28:12+02:00,2,3,-1
2018-08-01 06:03:34+00:00,2,2,0
2018-08-01 09:00:12+02:00,54,0,54
2018-08-01 14:26:05+02:00,1,1,0
2018-08-01 15:38:23+02:00,1,1,0
2018-08-01 21:40:54+02:00,56,2,54
2018-08-01 21:44:02+02:00,48,1,47
2018-08-01 21:58:32+02:00,3,3,0
2018-08-02 10:30:36+02:00,1000,60,940
2018-08-02 08:45:28+00:00,11,11,0
2018-08-02 08:58:04+00:00,18,18,0
2018-08-02 09:15:02+00:00,1,1,0
2018-08-02 12:33:09+03:00,30,30,0
2018-08-02 12:35:47+03:00,349,74,275
2018-08-02 12:57:47+03:00,1,1,0
2018-08-02 10:10:44+00:00,93,0,93
2018-08-02 13:27:37+03:00,8,1,7
2018-08-02 13:27:37+03:00,1,1,0
2018-08-02 13:29:42+03:00,93,0,93
2018-08-02 14:26:07+02:00,1,1,0
2018-08-02 14:44:53+02:00,1,1,0
2018-08-02 16:33:02+02:00,107,6,101
2018-08-02 16:48:21+02:00,543,113,430
2018-08-02 17:10:38+02:00,8,8,0
2018-08-02 20:07:25+02:00,2,2,0
2018-08-02 20:11:27+02:00,2,2,0
2018-08-02 16:39:13-07:00,2,2,0
2018-08-02 17:08:14-07:00,16,1,15
2018-08-03 07:33:34+00:00,44,3,41
2018-08-03 08:33:37+00:00,13,15,-2
2018-08-03 08:38:13+00:00,3,3,0
2018-08-03 08:40:16+00:00,1,1,0
2018-08-03 08:45:24+00:00,1,1,0
2018-08-03 09:14:16+00:00,0,2,-2
2018-08-03 14:26:06+02:00,1,1,0
2018-08-03 14:26:07+02:00,1,1,0
2018-08-03 14:49:55+02:00,1,9,-8
2018-08-03 14:50:11+02:00,2,2,0
2018-08-03 16:11:14+03:00,2,2,0
2018-08-03 18:10:03+02:00,34,14,20
2018-08-04 13:04:16+02:00,1,1,0
2018-08-04 14:26:05+02:00,1,1,0
2018-08-04 19:55:20+03:00,1,1,0
2018-08-04 20:22:16+02:00,10,2,8
2018-08-04 20:22:45+02:00,1,1,0
2018-08-05 12:41:06+08:00,270,15,255
2018-08-05 14:26:07+02:00,1,1,0
2018-08-05 14:26:08+02:00,1,1,0
2018-08-05 21:08:07+08:00,6,5,1
2018-08-05 22:41:58+08:00,98,6,92
2018-08-05 22:56:14+08:00,12,4,8
2018-08-05 19:18:11+02:00,2,2,0
2018-08-05 16:08:49-04:00,22,2,20
2018-08-05 16:59:18-04:00,3,6,-3
2018-08-05 17:28:53-04:00,1,1,0
2018-08-05 17:52:06-04:00,2,1,1
2018-08-06 08:35:35+03:00,19,1,18
2018-08-06 12:00:22+03:00,11,3,8
2018-08-06 14:26:06+02:00,1,1,0
2018-08-06 15:29:56+02:00,1,1,0
2018-08-06 19:15:30+02:00,1,1,0
2018-08-07 08:56:06+02:00,5,5,0
2018-08-07 09:25:21+02:00,60,67,-7
2018-08-07 18:29:37+08:00,48,24,24
2018-08-07 14:26:07+02:00,1,1,0
2018-08-07 17:54:11+03:00,1,1,0
2018-08-08 14:26:07+02:00,1,1,0
2018-08-08 19:19:39+02:00,1,1,0
2018-08-08 21:54:52+02:00,27,0,27
2018-08-08 22:00:39+02:00,15,34,-19
2018-08-09 11:51:38+02:00,1,0,1
2018-08-09 12:46:35+02:00,1,1,0
2018-08-09 12:47:26+02:00,27,16,11
2018-08-09 13:01:57+02:00,1,1,0
2018-08-09 13:02:41+02:00,9,23,-14
2018-08-09 13:04:01+02:00,36,10,26
2018-08-09 13:12:12+02:00,2,2,0
2018-08-09 14:26:06+02:00,1,1,0
2018-08-09 19:15:47+02:00,1,1,0
2018-08-09 19:24:00+02:00,17,1,16
2018-08-09 19:58:47+02:00,6,5,1
2018-08-09 20:02:24+02:00,57,0,57
2018-08-09 20:07:01+02:00,19,4,15
2018-08-09 20:12:45+02:00,19,3,16
2018-08-09 20:13:07+02:00,4,4,0
2018-08-09 20:17:55+02:00,4,3,1
2018-08-10 09:44:03+02:00,5,1,4
2018-08-10 09:44:15+02:00,15,7,8
2018-08-10 09:48:54+02:00,1,0,1
2018-08-10 09:58:04+02:00,3,2,1
2018-08-10 11:00:07+02:00,4,5,-1
2018-08-10 11:08:28+02:00,41,8,33
2018-08-10 11:15:02+02:00,5,2,3
2018-08-10 13:04:43+02:00,10,1,9
2018-08-10 13:11:04+02:00,22,12,10
2018-08-11 14:26:06+02:00,1,1,0
2018-08-11 19:27:52+02:00,1,1,0
2018-08-12 09:18:30+02:00,1,16,-15
2018-08-12 09:30:12+02:00,1,1,0
2018-08-12 09:45:48+02:00,2,2,0
2018-08-12 10:16:51+02:00,11,1,10
2018-08-12 10:25:19+02:00,1,1,0
2018-08-12 10:37:10+02:00,25,4,21
2018-08-12 10:07:58+00:00,126,34,92
2018-08-12 13:08:10+02:00,3,2,1
2018-08-12 13:11:40+02:00,1601,1213,388
2018-08-12 13:59:50+02:00,1,1,0
2018-08-12 14:26:06+02:00,1,1,0
2018-08-12 19:03:17+02:00,1,1,0
2018-08-13 14:26:06+02:00,1,1,0
2018-08-13 14:42:09+02:00,1,1,0
2018-08-14 10:12:57+02:00,0,1,-1
2018-08-14 18:12:44+08:00,72,9,63
2018-08-14 13:21:13+02:00,97,29,68
2018-08-14 14:27:07+02:00,1,1,0
2018-08-14 14:40:58+02:00,1,1,0
2018-08-14 15:30:34+02:00,3,3,0
2018-08-14 16:02:03+02:00,30,6,24
2018-08-14 19:52:09+02:00,15,0,15
2018-08-14 20:33:03+02:00,40,31,9
2018-08-14 20:35:12+02:00,6,8,-2
2018-08-14 20:42:13+02:00,14,0,14
2018-08-14 20:53:58+02:00,28,0,28
2018-08-15 09:59:42+08:00,518,117,401
2018-08-15 10:39:32+08:00,45,3,42
2018-08-15 11:01:59+08:00,1,1,0
2018-08-15 12:05:56+08:00,39,1,38
2018-08-15 12:37:30+08:00,2,2,0
2018-08-15 06:43:51+02:00,82,2,80
2018-08-15 08:18:06+03:00,1,1,0
2018-08-15 08:25:04+03:00,1,1,0
2018-08-15 08:26:43+03:00,1,1,0
2018-08-15 08:37:20+02:00,3,2,1
2018-08-15 12:49:39+02:00,1,6,-5
2018-08-15 12:57:27+02:00,2,4,-2
2018-08-15 13:26:01+02:00,8,8,0
2018-08-15 14:27:06+02:00,1,1,0
2018-08-15 15:46:24+03:00,1,1,0
2018-08-15 15:09:35+02:00,85,5,80
2018-08-16 08:12:36+03:00,1,1,0
2018-08-16 11:35:41+02:00,7,6,1
2018-08-16 11:37:31+02:00,10,11,-1
2018-08-16 12:15:09+02:00,39,47,-8
2018-08-16 13:15:46+02:00,10,1,9
2018-08-16 14:27:06+02:00,1,1,0
2018-08-16 14:36:53+02:00,1,1,0
2018-08-16 20:17:24+03:00,38,6,32
2018-08-16 20:18:49+03:00,17,7,10
2018-08-17 06:50:36+02:00,24,0,24
2018-08-17 09:59:10+03:00,24,0,24
2018-08-17 14:27:07+02:00,1,1,0
2018-08-17 18:55:04+03:00,1,1,0
2018-08-18 14:27:07+02:00,1,1,0
2018-08-18 17:24:38+02:00,1,1,0
2018-08-18 21:05:38+02:00,20,1,19
2018-08-18 21:08:59+02:00,2,0,2
2018-08-19 09:17:17+02:00,0,4,-4
2018-08-19 14:28:06+02:00,1,1,0
2018-08-19 14:28:07+02:00,1,1,0
2018-08-19 18:14:46+03:00,2,2,0
2018-08-19 19:48:24+02:00,3,2,1
2018-08-19 19:49:02+02:00,8,7,1
2018-08-19 19:49:39+02:00,0,3,-3
2018-08-19 19:50:14+02:00,20,11,9
2018-08-19 19:53:38+02:00,15,1,14
2018-08-19 19:58:07+02:00,1,1,0
2018-08-20 14:28:06+02:00,1,1,0
2018-08-20 19:07:03+03:00,1,1,0
2018-08-20 20:01:57+02:00,1,1,0
2018-08-21 14:28:06+02:00,1,1,0
2018-08-21 14:28:08+02:00,1,1,0
2018-08-21 15:42:57+03:00,2,2,0
2018-08-21 19:08:21+02:00,0,21,-21
2018-08-21 19:55:30+02:00,22,5,17
2018-08-22 07:01:09+03:00,0,21,-21
2018-08-22 07:01:40+03:00,17,9,8
2018-08-22 07:02:38+03:00,60,67,-7
2018-08-22 14:28:07+02:00,1,1,0
2018-08-22 14:28:09+02:00,1,1,0
2018-08-22 19:29:07+02:00,2,2,0
2018-08-23 14:28:07+02:00,1,1,0
2018-08-23 16:14:14+02:00,1,1,0
2018-08-24 11:59:10+02:00,19,0,19
2018-08-24 14:28:06+02:00,1,1,0
2018-08-24 15:36:33+02:00,1,1,0
2018-08-25 13:17:07+02:00,8,5,3
2018-08-25 13:21:10+02:00,28,8,20
2018-08-25 14:28:06+02:00,1,1,0
2018-08-25 17:06:58+03:00,1,1,0
2018-08-26 12:49:39+02:00,4,4,0
2018-08-26 20:01:42+08:00,36,13,23
2018-08-26 14:28:07+02:00,1,1,0
2018-08-26 18:55:47+03:00,1,1,0
2018-08-26 20:09:12+02:00,49,72,-23
2018-08-27 14:28:05+02:00,1,1,0
2018-08-27 14:28:07+02:00,1,1,0
2018-08-27 15:51:22+02:00,2,2,0
2018-08-28 14:28:06+02:00,1,1,0
2018-08-28 19:11:09+02:00,1,1,0
2018-08-28 19:30:26+02:00,13,1,12
2018-08-28 22:06:46+02:00,17,0,17
2018-08-29 17:38:43+08:00,92,109,-17
2018-08-29 14:28:07+02:00,1,1,0
2018-08-29 17:04:41+02:00,1,1,0
2018-08-29 19:16:41+02:00,1,1,0
2018-08-29 19:32:44+02:00,774,233,541
2018-08-29 19:36:01+02:00,468,19,449
2018-08-29 19:43:09+02:00,644,135,509
2018-08-29 19:56:38+02:00,4,6,-2
2018-08-29 19:59:25+02:00,3,3,0
2018-08-30 14:28:07+02:00,1,1,0
2018-08-30 14:28:08+02:00,1,1,0
2018-08-30 14:28:10+02:00,1,1,0
2018-08-30 19:10:00+02:00,3,3,0
2018-08-31 23:05:12+03:00,80,74,6
2018-09-01 14:28:06+02:00,1,1,0
2018-09-01 19:27:15+02:00,1,1,0
2018-09-01 19:50:45+02:00,4,5,-1
2018-09-01 19:52:40+02:00,18,17,1
2018-09-01 19:57:12+02:00,2,1,1
2018-09-01 20:01:18+02:00,840,219,621
2018-09-02 14:28:06+02:00,1,1,0
2018-09-02 14:28:07+02:00,1,1,0
2018-09-02 16:10:26+03:00,2,2,0
2018-09-02 17:01:21+02:00,134,4,130
2018-09-02 19:15:23+02:00,22,3,19
2018-09-03 14:28:07+02:00,1,1,0
2018-09-03 19:15:03+02:00,1,1,0
2018-09-04 14:28:06+02:00,1,1,0
2018-09-04 14:28:08+02:00,1,1,0
2018-09-04 19:22:29+02:00,2,2,0
2018-09-05 14:28:06+02:00,1,1,0
2018-09-05 16:01:27+03:00,1,1,0
2018-09-06 14:28:06+02:00,1,1,0
2018-09-06 16:59:51+02:00,1127,143,984
2018-09-06 19:51:42+02:00,1,1,0
2018-09-06 20:12:16+02:00,2,0,2
2018-09-06 20:28:07+02:00,221,85,136
2018-09-07 14:28:07+02:00,1,1,0
2018-09-07 14:28:09+02:00,1,1,0
2018-09-07 15:56:26+03:00,2,2,0
2018-09-07 15:56:47+03:00,2,0,2
2018-09-08 13:01:33+02:00,1,0,1
2018-09-08 14:27:07+02:00,1,1,0
2018-09-08 16:06:35+03:00,1,1,0
2018-09-08 16:06:59+03:00,1,0,1
2018-09-09 08:39:57+02:00,418,51,367
2018-09-09 14:27:06+02:00,1,1,0
2018-09-09 15:47:09+02:00,1,1,0
2018-09-10 14:27:08+02:00,1,1,0
2018-09-10 19:04:23+02:00,1,1,0
2018-09-10 20:19:12+02:00,14,6,8
2018-09-10 20:19:28+02:00,59,62,-3
2018-09-11 14:27:07+02:00,1,1,0
2018-09-11 16:55:16+02:00,1,1,0
2018-09-11 19:46:31+02:00,5,5,0
2018-09-11 19:46:47+02:00,32,14,18
2018-09-11 19:59:01+02:00,30,34,-4
2018-09-12 14:28:06+02:00,1,1,0
2018-09-12 17:44:27+03:00,1,1,0
2018-09-12 20:25:15+02:00,19,10,9
2018-09-12 20:40:52+02:00,53,0,53
2018-09-13 14:29:06+02:00,1,1,0
2018-09-13 19:23:10+02:00,1,1,0
2018-09-14 14:28:05+02:00,1,1,0
2018-09-14 19:04:54+02:00,1023,0,1023
2018-09-14 19:20:49+02:00,1110,165,945
2018-09-14 19:39:08+02:00,1,1,0
2018-09-14 19:56:04+02:00,1,0,1
2018-09-15 14:28:05+02:00,1,1,0
2018-09-15 15:52:10+02:00,1,1,0
2018-09-15 15:53:42+02:00,1,5,-4
2018-09-15 17:40:49+02:00,1,1,0
2018-09-15 20:28:36+02:00,2,1,1
2018-09-15 20:38:09+02:00,4,0,4
2018-09-16 11:22:15+02:00,1,1,0
2018-09-16 11:26:20+02:00,2,2,0
2018-09-16 14:28:06+02:00,1,1,0
2018-09-16 15:12:43+02:00,1,1,0
2018-09-16 17:34:01+02:00,1,1,0
2018-09-16 20:11:08+02:00,1,1,0
2018-09-17 10:37:25+08:00,4,4,0
2018-09-17 14:28:06+02:00,1,1,0
2018-09-17 19:20:00+02:00,1,1,0
2018-09-17 19:44:40+02:00,1,1,0
2018-09-17 19:57:47+02:00,4,2,2
2018-09-17 20:49:41+02:00,1,1,0
2018-09-17 20:49:55+02:00,3,3,0
2018-09-18 14:28:06+02:00,1,1,0
2018-09-18 19:15:01+02:00,1,1,0
2018-09-19 14:28:06+02:00,1,1,0
2018-09-19 19:14:47+02:00,1,1,0
2018-09-19 19:40:32+02:00,23,24,-1
2018-09-20 14:28:08+02:00,1,1,0
2018-09-20 14:28:10+02:00,1,1,0
2018-09-20 16:15:53+02:00,34,11,23
2018-09-20 19:22:08+02:00,2,2,0
2018-09-20 20:35:26+02:00,6,2,4
2018-09-21 14:28:07+02:00,1,1,0
2018-09-21 16:03:29+02:00,1,1,0
2018-09-21 17:41:31+02:00,980,19,961
2018-09-21 17:42:04+02:00,13,0,13
2018-09-21 17:42:42+02:00,6,6,0
2018-09-21 17:54:37+02:00,135,295,-160
2018-09-21 17:57:29+02:00,0,9,-9
2018-09-21 17:58:20+02:00,0,6,-6
2018-09-21 18:00:37+02:00,0,1,-1
2018-09-21 21:36:26+02:00,8,6,2
2018-09-21 21:46:18+02:00,13,23,-10
2018-09-21 21:48:27+02:00,1,1,0
2018-09-21 21:55:36+02:00,2,3,-1
2018-09-21 21:58:37+02:00,0,3,-3
2018-09-21 21:59:35+02:00,0,7,-7
2018-09-21 21:59:57+02:00,0,0,0
2018-09-21 22:06:09+02:00,3,12,-9
2018-09-21 22:07:12+02:00,3,3,0
2018-09-22 14:28:05+02:00,1,1,0
2018-09-22 15:43:41+02:00,12,2,10
2018-09-22 15:44:51+02:00,1,1,0
2018-09-23 04:51:53+02:00,8,17,-9
2018-09-23 14:28:06+02:00,1,1,0
2018-09-23 14:28:08+02:00,1,1,0
2018-09-23 14:28:09+02:00,1,1,0
2018-09-23 19:20:57+02:00,3,3,0
2018-09-24 14:20:05+02:00,3,3,0
2018-09-24 14:21:37+02:00,1,0,1
2018-09-24 14:28:16+02:00,1,0,1
2018-09-24 14:55:49+02:00,4,4,0
2018-09-24 15:02:50+02:00,3,3,0
2018-09-24 15:27:26+02:00,2,4,-2
2018-09-24 15:47:07+02:00,3,1,2
2018-09-24 16:02:29+02:00,3,2,1
2018-09-24 17:47:50+02:00,12,9,3
2018-09-24 19:22:30+02:00,52,318,-266
2018-09-25 14:28:07+02:00,1,1,0
2018-09-25 19:20:54+02:00,1,1,0
2018-09-25 20:45:01+02:00,40,2,38
2018-09-26 06:37:33+02:00,6,2,4
2018-09-26 06:38:37+02:00,132,113,19
2018-09-26 14:28:07+02:00,1,1,0
2018-09-26 15:20:53+02:00,123,2259,-2136
2018-09-26 16:03:51+02:00,19,18,1
2018-09-26 16:06:38+02:00,139,116,23
2018-09-26 16:36:41+02:00,17,9,8
2018-09-26 16:50:17+02:00,39,28,11
2018-09-26 17:03:10+02:00,8,8,0
2018-09-26 17:09:20+02:00,1,1,0
2018-09-26 19:25:50+02:00,1,1,0
2018-09-26 19:26:17+02:00,40,2,38
2018-09-27 12:23:46+02:00,15,16,-1
2018-09-27 12:39:42+02:00,8,3,5
2018-09-27 12:39:56+02:00,23,24,-1
2018-09-27 12:40:17+02:00,1,1,0
2018-09-27 12:40:34+02:00,5,3,2
2018-09-27 14:54:18+02:00,77,33,44
2018-09-27 19:23:55+02:00,0,2,-2
2018-09-28 14:19:22+02:00,20,5,15
2018-09-28 14:23:39+02:00,1,2,-1
2018-09-28 14:28:05+02:00,4,2,2
2018-09-28 16:40:34+02:00,16,8,8
2018-09-28 16:46:42+02:00,4,1,3
2018-09-29 09:12:41+02:00,0,2,-2
2018-09-29 13:35:48+02:00,1,0,1
2018-09-29 13:49:27+02:00,2,1,1
2018-09-29 13:49:38+02:00,34,1,33
2018-09-29 13:50:02+02:00,1,1,0
2018-09-29 14:23:53+02:00,7,8,-1
2018-09-30 08:42:38+02:00,1,0,1
2018-09-30 14:28:06+02:00,1,1,0
2018-09-30 14:28:07+02:00,1,1,0
2018-09-30 16:51:33+02:00,36,3,33
2018-09-30 17:03:15+02:00,1,1,0
2018-10-01 14:29:06+02:00,1,1,0
2018-10-01 17:09:08+02:00,0,2,-2
2018-10-01 17:11:48+02:00,1,3,-2
2018-10-01 17:21:40+02:00,8,4,4
2018-10-01 17:29:33+02:00,4,18,-14
2018-10-01 17:33:18+02:00,9,7,2
2018-10-01 17:35:27+02:00,0,1,-1
2018-10-01 17:49:27+02:00,2,4,-2
2018-10-01 17:52:07+02:00,0,1,-1
2018-10-01 19:27:17+02:00,1,1,0
2018-10-02 09:18:54+03:00,1,1,0
2018-10-02 09:24:22+03:00,1531,417,1114
2018-10-02 11:49:49+02:00,12,8,4
2018-10-02 11:53:16+02:00,0,1,-1
2018-10-02 11:53:59+02:00,1,1,0
2018-10-02 11:55:14+02:00,1,1,0
2018-10-02 12:15:54+02:00,6,2,4
2018-10-02 12:16:09+02:00,1,1,0
2018-10-02 12:20:30+02:00,2,2,0
2018-10-02 12:20:48+02:00,1,1,0
2018-10-02 12:42:59+02:00,37,4,33
2018-10-02 16:07:33+02:00,52,0,52
2018-10-02 16:32:57+02:00,1,24,-23
2018-10-02 18:05:24+02:00,23,7,16
2018-10-03 08:36:52+02:00,1,1,0
2018-10-03 10:37:36+02:00,65,14,51
2018-10-03 13:09:11+03:00,1531,417,1114
2018-10-03 14:22:27+02:00,13,5,8
2018-10-03 14:23:10+02:00,96,11,85
2018-10-03 14:29:06+02:00,1,1,0
2018-10-03 14:29:07+02:00,1,1,0
2018-10-03 19:04:26+02:00,2,2,0
2018-10-03 19:32:14+02:00,2,2,0
2018-10-04 06:10:17+02:00,2,2,0
2018-10-04 14:29:06+02:00,1,1,0
2018-10-04 18:05:46+02:00,118,2,116
2018-10-04 18:07:47+02:00,17,7,10
2018-10-04 18:51:59+02:00,15,0,15
2018-10-04 19:18:44+02:00,1,1,0
2018-10-04 20:16:43+02:00,41,6,35
2018-10-04 20:17:19+02:00,29,8,21
2018-10-04 20:34:33+02:00,10,7,3
2018-10-04 20:34:48+02:00,3,1,2
2018-10-04 20:35:28+02:00,16,2,14
2018-10-04 20:38:30+02:00,10,1,9
2018-10-05 14:29:06+02:00,1,1,0
2018-10-05 15:14:47+02:00,1,1,0
2018-10-05 17:06:17+02:00,6,8,-2
2018-10-05 17:07:20+02:00,59,0,59
2018-10-05 17:19:20+02:00,0,1,-1
2018-10-05 17:25:56+02:00,1,3,-2
2018-10-06 09:27:49+02:00,2,2,0
2018-10-06 13:17:21+02:00,103,19,84
2018-10-06 14:29:05+02:00,1,1,0
2018-10-06 14:50:07+02:00,1,1,0
2018-10-08 14:29:07+02:00,1,1,0
2018-10-08 15:37:54+02:00,1,1,0
2018-10-08 15:39:21+02:00,1,1,0
2018-10-08 15:41:07+02:00,1,1,0
2018-10-08 20:04:51+03:00,1,1,0
2018-10-08 19:43:37+02:00,1,0,1
2018-10-09 08:01:09+03:00,1,0,1
2018-10-09 07:06:11+02:00,54,3,51
2018-10-09 11:49:25+03:00,2,2,0
2018-10-09 14:29:07+02:00,1,1,0
2018-10-09 16:59:46+02:00,1,1,0
2018-10-09 19:17:06+02:00,2,2,0
2018-10-09 19:25:43+02:00,53,0,53
2018-10-09 20:04:53+02:00,135,2,133
2018-10-09 21:08:56+02:00,1,0,1
2018-10-09 21:13:43+02:00,0,0,0
2018-10-10 08:43:48+03:00,0,0,0
2018-10-10 08:44:44+03:00,1,0,1
2018-10-10 14:29:06+02:00,1,1,0
2018-10-10 15:42:30+03:00,1,1,0
2018-10-10 20:08:29+02:00,32,1,31
2018-10-10 20:23:25+02:00,18,1,17
2018-10-10 20:58:21+02:00,6,38,-32
2018-10-10 21:28:48+02:00,21,6,15
2018-10-10 21:29:40+02:00,8,5,3
2018-10-10 21:50:59+02:00,45,1,44
2018-10-10 22:01:22+02:00,15,4,11
2018-10-10 22:03:54+02:00,2,1,1
2018-10-11 19:12:12+02:00,1,1,0
2018-10-11 19:26:19+02:00,10,6,4
2018-10-12 19:15:46+02:00,22,8,14
2018-10-12 19:37:23+02:00,3,10,-7
2018-10-13 14:33:06+02:00,1,1,0
2018-10-13 19:35:56+02:00,1,1,0
2018-10-14 14:33:06+02:00,1,1,0
2018-10-14 14:40:03+02:00,40,0,40
2018-10-14 14:43:02+02:00,1,1,0
2018-10-15 14:33:06+02:00,1,1,0
2018-10-15 14:59:34+02:00,1,1,0
2018-10-16 14:33:06+02:00,1,1,0
2018-10-16 17:06:32+02:00,1,1,0
2018-10-16 19:48:23+03:00,6,38,-32
2018-10-17 14:34:07+02:00,1,1,0
2018-10-17 14:34:09+02:00,1,1,0
2018-10-17 14:34:10+02:00,1,1,0
2018-10-17 15:47:50+03:00,3,3,0
2018-10-17 19:47:19+02:00,13,14,-1
2018-10-17 19:59:33+02:00,41,39,2
2018-10-18 11:09:10+02:00,14,6,8
2018-10-18 19:42:54+02:00,65,2,63
2018-10-18 19:43:04+02:00,2,2,0
2018-10-18 19:48:54+02:00,8,5,3
2018-10-18 20:05:57+02:00,7,6,1
2018-10-18 20:25:21+02:00,0,381,-381
2018-10-19 14:35:07+02:00,1,1,0
2018-10-19 14:35:09+02:00,1,1,0
2018-10-19 19:19:40+02:00,2,2,0
2018-10-21 09:21:32+02:00,23,27,-4
2018-10-21 09:23:07+02:00,0,5,-5
2018-10-21 13:13:18+02:00,53,0,53
2018-10-21 13:14:21+02:00,7,1,6
2018-10-21 13:15:14+02:00,10,9,1
2018-10-21 13:15:14+02:00,22,2,20
2018-10-21 13:15:14+02:00,12,4,8
2018-10-21 13:20:51+02:00,0,4,-4
2018-10-21 13:33:23+02:00,19,1,18
2018-10-21 14:00:01+02:00,11,5,6
2018-10-21 14:34:06+02:00,1,1,0
2018-10-21 19:45:29+02:00,1,1,0
2018-10-21 19:45:54+02:00,23,32,-9
2018-10-22 14:30:01+13:00,2,2,0
2018-10-22 14:34:08+02:00,1,1,0
2018-10-23 04:45:28+02:00,1,1,0
2018-10-23 11:50:49+03:00,2,2,0
2018-10-23 14:33:09+02:00,1,1,0
2018-10-23 14:33:10+02:00,1,1,0
2018-10-23 14:33:12+02:00,1,1,0
2018-10-23 16:05:41+03:00,3,3,0
2018-10-23 19:32:20+02:00,1,1,0
2018-10-23 19:33:13+02:00,206,115,91
2018-10-23 19:34:34+02:00,58,85,-27
2018-10-23 19:36:57+02:00,1,2,-1
2018-10-23 22:40:53-04:00,11,8,3
2018-10-24 14:33:06+02:00,1,1,0
2018-10-25 06:25:45-04:00,1,1,0
2018-10-25 16:57:49+02:00,28,9,19
2018-10-25 16:59:05+02:00,53,42,11
2018-10-25 17:24:33+02:00,29,20,9
2018-10-25 17:37:46+02:00,12,9,3
2018-10-26 07:21:24-04:00,124,437,-313
2018-10-26 14:33:07+02:00,1,1,0
2018-10-27 10:13:02+03:00,1,1,0
2018-10-27 14:33:06+02:00,1,1,0
2018-10-27 16:49:15+03:00,1,1,0
2018-10-27 11:16:10-04:00,40,0,40
2018-10-27 17:35:08+02:00,52,10,42
2018-10-27 17:38:15+02:00,3,1,2
2018-10-28 13:15:49+01:00,4,4,0
2018-10-28 13:33:09+01:00,1,1,0
2018-10-28 13:33:10+01:00,1,1,0
2018-10-28 09:36:06-04:00,2,2,0
2018-10-28 14:43:35+01:00,3,6,-3
2018-10-29 11:59:57+02:00,54,10,44
2018-10-29 13:33:10+01:00,1,1,0
2018-10-29 14:41:59+02:00,1,1,0
2018-10-29 19:23:56+01:00,54,3,51
2018-10-29 19:27:23+01:00,77,0,77
2018-10-29 19:27:23+01:00,162,40,122
2018-10-29 19:27:23+01:00,46,22,24
2018-10-29 19:27:23+01:00,23,25,-2
2018-10-29 19:27:23+01:00,17,9,8
2018-10-29 19:27:23+01:00,39,24,15
2018-10-29 19:27:23+01:00,7,3,4
2018-10-29 20:17:15+01:00,85,90,-5
2018-10-29 20:33:27+01:00,21,29,-8
2018-10-30 13:33:07+01:00,1,1,0
2018-10-30 17:57:55+02:00,1,1,0
2018-10-30 19:33:32+01:00,63,56,7
2018-10-30 19:36:19+01:00,14,17,-3
2018-10-30 19:37:45+01:00,3,3,0
2018-10-30 19:44:31+01:00,10,10,0
2018-10-30 19:58:06+01:00,6,6,0
2018-10-30 20:02:01+01:00,48,45,3
2018-10-30 20:02:31+01:00,2,0,2
2018-10-30 20:13:56+01:00,1,1,0
2018-10-30 20:23:31+01:00,3,3,0
2018-10-30 20:42:34+01:00,43,43,0
2018-10-30 20:45:32+01:00,1,0,1
2018-10-30 20:49:12+01:00,1,1,0
2018-10-31 13:34:07+01:00,1,1,0
2018-10-31 15:56:39+02:00,1,1,0
2018-11-01 13:05:57+01:00,5,5,0
2018-11-01 13:14:59+01:00,16,12,4
2018-11-01 13:16:10+01:00,6,0,6
2018-11-01 13:34:07+01:00,1,1,0
2018-11-01 13:34:08+01:00,1,1,0
2018-11-01 13:56:23+01:00,2,2,0
2018-11-02 13:34:06+01:00,1,1,0
2018-11-02 14:34:53+01:00,1,1,0
2018-11-02 16:03:09+01:00,60,12,48
2018-11-02 16:05:42+01:00,67,7,60
2018-11-02 18:07:38+01:00,38,50,-12
2018-11-02 18:10:03+01:00,2,11,-9
2018-11-02 18:59:31+01:00,351,468,-117
2018-11-02 19:01:37+01:00,1,1,0
2018-11-02 19:14:50+01:00,381,0,381
2018-11-02 19:19:28+01:00,0,2,-2
2018-11-02 19:21:05+01:00,381,0,381
2018-11-02 19:54:32+01:00,93,3,90
2018-11-02 19:55:41+01:00,3,3,0
2018-11-02 19:59:06+01:00,4,3,1
2018-11-02 20:07:45+01:00,6,1,5
2018-11-02 20:12:48+01:00,2,1,1
2018-11-02 20:27:56+01:00,381,0,381
2018-11-02 20:35:46+01:00,6,3,3
2018-11-02 20:48:35+01:00,2,4,-2
2018-11-02 20:49:31+01:00,1,0,1
2018-11-02 20:51:55+01:00,1,1,0
2018-11-02 20:52:46+01:00,1,1,0
2018-11-02 22:13:38+01:00,14,1,13
2018-11-03 13:34:05+01:00,1,1,0
2018-11-03 13:34:07+01:00,1,1,0
2018-11-03 14:31:34+01:00,23,16,7
2018-11-03 14:33:17+01:00,1,1,0
2018-11-04 09:17:24+01:00,2,2,0
2018-11-04 09:25:13+01:00,291,6,285
2018-11-04 13:34:07+01:00,1,1,0
2018-11-04 13:43:54+01:00,1,1,0
2018-11-04 18:11:58+01:00,66,68,-2
2018-11-04 18:43:57+01:00,23,19,4
2018-11-04 18:49:21+01:00,293,8,285
2018-11-04 18:51:54+01:00,1,1,0
2018-11-04 18:57:57+01:00,21,17,4
2018-11-05 13:34:07+01:00,1,1,0
2018-11-05 13:34:09+01:00,1,1,0
2018-11-05 13:34:10+01:00,1,1,0
2018-11-05 13:34:12+01:00,1,1,0
2018-11-05 14:36:10+01:00,13,5,8
2018-11-05 15:49:10+01:00,26,2,24
2018-11-05 15:55:35+01:00,11,3,8
2018-11-05 17:24:11+01:00,85,0,85
2018-11-05 17:28:07+01:00,4,4,0
2018-11-05 17:32:12+01:00,2,2,0
2018-11-05 20:07:56+01:00,4,4,0
2018-11-06 13:34:06+01:00,1,1,0
2018-11-06 14:56:58+02:00,1,1,0
2018-11-06 19:05:42+01:00,6,6,0
2018-11-06 19:16:20+01:00,19,6,13
2018-11-06 19:25:31+01:00,282,27,255
2018-11-06 19:41:46+01:00,1,3,-2
2018-11-06 19:45:41+01:00,11,6,5
2018-11-06 20:11:15+01:00,18,17,1
2018-11-07 06:26:16+01:00,839,129,710
2018-11-07 06:52:25+01:00,14,9,5
2018-11-07 06:55:27+01:00,19,8,11
2018-11-07 06:55:28+01:00,6,5,1
2018-11-07 06:58:20+01:00,112,164,-52
2018-11-07 07:05:40+01:00,3,3,0
2018-11-07 13:34:07+01:00,1,1,0
2018-11-07 15:20:25+01:00,1,1,0
2018-11-07 17:56:21+01:00,287,35,252
2018-11-07 18:12:46+01:00,4,9,-5
2018-11-07 18:15:04+01:00,2,2,0
2018-11-07 18:19:58+01:00,10,10,0
2018-11-07 18:24:13+01:00,19,13,6
2018-11-07 18:27:10+01:00,6,6,0
2018-11-07 18:33:35+01:00,1,0,1
2018-11-07 18:52:15+01:00,11,13,-2
2018-11-07 18:54:21+01:00,0,0,0
2018-11-07 19:00:18+01:00,10,9,1
2018-11-07 19:03:08+01:00,6,7,-1
2018-11-07 19:24:53+01:00,4,2,2
2018-11-07 20:45:52+01:00,194,517,-323
2018-11-08 00:22:46+01:00,32,30,2
2018-11-08 00:28:20+01:00,1,3,-2
2018-11-08 13:34:06+01:00,1,1,0
2018-11-08 14:10:52+01:00,2,0,2
2018-11-08 14:16:46+01:00,11,10,1
2018-11-08 14:18:07+01:00,1,1,0
2018-11-08 14:36:24+01:00,1,1,0
2018-11-09 06:56:30+01:00,73,10,63
2018-11-09 07:12:41+01:00,33,7,26
2018-11-09 07:12:41+01:00,3,0,3
2018-11-09 07:12:41+01:00,5,0,5
2018-11-09 07:12:41+01:00,1,16,-15
2018-11-09 07:13:20+01:00,25,7,18
2018-11-09 07:13:20+01:00,4,2,2
2018-11-09 07:13:20+01:00,2,2,0
2018-11-09 07:13:20+01:00,5,1,4
2018-11-09 07:13:20+01:00,5,4,1
2018-11-09 07:13:20+01:00,4,4,0
2018-11-09 07:13:20+01:00,1,2,-1
2018-11-09 07:13:20+01:00,71,0,71
2018-11-09 07:13:20+01:00,1,0,1
2018-11-09 07:14:43+01:00,1,1,0
2018-11-09 13:34:07+01:00,1,1,0
2018-11-09 13:34:08+01:00,1,1,0
2018-11-09 14:38:48+01:00,2,2,0
2018-11-09 19:34:18+01:00,9,3,6
2018-11-09 19:34:46+01:00,1,12,-11
2018-11-09 20:26:10+01:00,24,16,8
2018-11-09 20:51:15+01:00,137,188,-51
2018-11-09 20:52:03+01:00,1,4,-3
2018-11-09 20:59:28+01:00,4,0,4
2018-11-10 12:45:30+01:00,24,16,8
2018-11-10 13:34:06+01:00,1,1,0
2018-11-10 17:20:11+01:00,17,23,-6
2018-11-10 18:03:46+01:00,14,0,14
2018-11-10 18:09:32+01:00,1,0,1
2018-11-10 18:22:34+01:00,3,7,-4
2018-11-10 18:28:05+01:00,4,8,-4
2018-11-10 18:39:49+01:00,1,2,-1
2018-11-10 18:45:27+01:00,91,20,71
2018-11-10 19:37:09+01:00,1,1,0
2018-11-10 20:07:09+01:00,32,0,32
2018-11-10 20:14:46+01:00,1,1,0
2018-11-10 20:15:06+01:00,59,1,58
2018-11-10 20:16:20+01:00,1,0,1
2018-11-11 13:34:06+01:00,1,1,0
2018-11-11 13:34:07+01:00,1,1,0
2018-11-11 14:36:05+01:00,2,2,0
2018-11-12 13:34:07+01:00,1,1,0
2018-11-12 13:34:08+01:00,1,1,0
2018-11-12 19:20:26+01:00,2,2,0
2018-11-12 19:43:20+01:00,3,3,0
2018-11-13 13:34:07+01:00,1,1,0
2018-11-13 15:14:15+01:00,1,1,0
2018-11-13 19:33:59+01:00,1163,56,1107
2018-11-14 11:37:53+01:00,23,2,21
2018-11-14 12:37:15+01:00,156,16,140
2018-11-14 12:53:20+01:00,47,3,44
2018-11-14 13:25:44+01:00,21,2,19
2018-11-14 13:34:08+01:00,1,1,0
2018-11-14 13:34:09+01:00,1,1,0
2018-11-14 13:38:04+01:00,12,8,4
2018-11-14 13:38:23+01:00,13,10,3
2018-11-14 14:52:06+01:00,2,2,0
2018-11-14 16:31:23+01:00,16,1,15
2018-11-14 16:37:26+01:00,1,0,1
2018-11-14 16:38:55+01:00,1,1,0
2018-11-14 16:49:16+01:00,7,16,-9
2018-11-14 17:14:37+01:00,6,0,6
2018-11-14 17:14:44+01:00,55,0,55
2018-11-14 19:13:00+01:00,93,2,91
2018-11-14 19:14:34+01:00,140,0,140
2018-11-14 20:25:43+01:00,4,2,2
2018-11-15 06:58:24+01:00,35,16,19
2018-11-15 10:31:56+01:00,4,4,0
2018-11-15 10:44:33+01:00,1,20,-19
2018-11-15 10:46:36+01:00,1,0,1
2018-11-15 10:50:40+01:00,0,21,-21
2018-11-15 13:34:07+01:00,1,1,0
2018-11-15 13:34:08+01:00,1,1,0
2018-11-15 19:31:24+01:00,9,9,0
2018-11-15 19:36:04+01:00,4,4,0
2018-11-15 19:40:05+01:00,23,2,21
2018-11-15 19:51:31+01:00,2,2,0
2018-11-15 19:54:17+01:00,45,19,26
2018-11-15 20:02:07+01:00,1,1,0
2018-11-15 20:02:48+01:00,1,0,1
2018-11-15 20:13:47+01:00,1,0,1
2018-11-15 20:14:03+01:00,448,43,405
2018-11-16 13:34:08+01:00,1,1,0
2018-11-17 09:37:48+01:00,1,1,0
2018-11-17 10:14:18+01:00,40,0,40
2018-11-17 10:24:42+01:00,17,0,17
2018-11-17 10:26:15+01:00,8,1,7
2018-11-17 12:59:16+01:00,5,0,5
2018-11-17 13:05:35+01:00,10,0,10
2018-11-17 13:12:11+01:00,10,0,10
2018-11-17 13:13:16+01:00,2,2,0
2018-11-17 13:29:24+01:00,9,8,1
2018-11-17 13:29:42+01:00,25,12,13
2018-11-17 13:34:06+01:00,1,1,0
2018-11-17 13:34:23+01:00,3,2,1
2018-11-17 13:48:38+01:00,1,1,0
2018-11-17 18:47:13+01:00,44,2,42
2018-11-17 19:40:53+01:00,2,2,0
2018-11-17 19:54:55+01:00,41,1,40
2018-11-17 20:14:50+01:00,22,2,20
2018-11-17 21:16:32+01:00,39,23,16
2018-11-17 21:17:39+01:00,1,1,0
2018-11-17 21:22:54+01:00,11,1,10
2018-11-17 21:26:41+01:00,1,1,0
2018-11-17 21:27:42+01:00,3,0,3
2018-11-17 21:31:06+01:00,0,3,-3
2018-11-17 21:59:21+01:00,1,15,-14
2018-11-17 22:58:27+01:00,32,0,32
2018-11-17 23:03:07+01:00,5,3,2
2018-11-18 14:34:31+01:00,0,2,-2
2018-11-18 14:38:31+01:00,1,1,0
2018-11-18 14:39:31+01:00,2,5,-3
2018-11-18 14:57:03+01:00,2,2,0
2018-11-19 11:16:07+01:00,4,0,4
2018-11-19 13:01:17+01:00,1,1,0
2018-11-19 13:34:07+01:00,1,1,0
2018-11-19 19:20:07+01:00,1,1,0
2018-11-19 19:55:30+01:00,227,44,183
2018-11-19 20:02:26+01:00,10,1,9
2018-11-19 20:07:35+01:00,1,2,-1
2018-11-20 13:34:07+01:00,1,1,0
2018-11-20 17:29:22+01:00,1,1,0
2018-11-20 17:36:17+01:00,1,2,-1
2018-11-20 17:40:45+01:00,4,5,-1
2018-11-20 17:43:49+01:00,7,4,3
2018-11-20 19:41:07+01:00,20,11,9
2018-11-21 13:34:06+01:00,1,1,0
2018-11-21 14:00:15+01:00,0,3,-3
2018-11-21 14:01:08+01:00,228,45,183
2018-11-21 16:08:24+01:00,0,3,-3
2018-11-21 16:08:45+01:00,1,1,0
2018-11-21 17:27:45+01:00,0,0,0
2018-11-21 17:48:53+01:00,1,0,1
2018-11-21 17:54:14+01:00,26,1,25
2018-11-21 19:14:30+01:00,504,141,363
2018-11-21 19:47:28+01:00,27,0,27
2018-11-21 19:47:51+01:00,16,10,6
2018-11-21 19:58:28+01:00,3,3,0
2018-11-21 21:05:20+01:00,2,2,0
2018-11-21 23:35:44+01:00,2,2,0
2018-11-21 23:36:48+01:00,1,1,0
2018-11-22 00:04:20+01:00,30,38,-8
2018-11-22 06:00:49+01:00,147,1,146
2018-11-22 06:02:15+01:00,30,38,-8
2018-11-22 09:39:01+01:00,909,228,681
2018-11-22 13:34:06+01:00,1,1,0
2018-11-22 16:24:40+01:00,20,0,20
2018-11-22 16:26:24+01:00,31,0,31
2018-11-22 16:47:52+01:00,1,0,1
2018-11-22 16:53:50+01:00,17,31,-14
2018-11-22 17:02:02+01:00,7,0,7
2018-11-22 17:07:37+01:00,6,5,1
2018-11-22 17:08:32+01:00,1,1,0
2018-11-22 17:14:22+01:00,3,3,0
2018-11-22 17:24:45+01:00,5,0,5
2018-11-22 17:41:01+01:00,7,0,7
2018-11-22 19:25:26+01:00,55,4,51
2018-11-22 19:27:32+01:00,4,1,3
2018-11-22 19:38:20+01:00,2,2,0
2018-11-22 20:30:31+01:00,39,3,36
2018-11-22 21:01:39+01:00,50,0,50
2018-11-22 21:07:33+01:00,1,0,1
2018-11-22 21:12:49+01:00,2,0,2
2018-11-22 21:23:35+01:00,2,2,0
2018-11-23 10:17:10+01:00,17,10,7
2018-11-23 13:34:08+01:00,1,1,0
2018-11-23 13:34:09+01:00,1,1,0
2018-11-23 15:17:36+01:00,102,3,99
2018-11-23 19:17:36+01:00,20,21,-1
2018-11-23 20:28:01+01:00,31,53,-22
2018-11-23 20:47:17+01:00,32,37,-5
2018-11-23 20:49:00+01:00,0,1,-1
2018-11-23 20:51:23+01:00,4,4,0
2018-11-24 09:39:12+01:00,2,2,0
2018-11-24 10:39:16+01:00,2615,301,2314
2018-11-24 13:26:36+01:00,3,0,3
2018-11-24 13:34:05+01:00,1,1,0
2018-11-24 13:34:07+01:00,1,1,0
2018-11-24 14:09:15+01:00,2,2,0
2018-11-24 16:37:28+01:00,15,8,7
2018-11-24 16:41:17+01:00,1,5,-4
2018-11-24 16:53:10+01:00,6,3,3
2018-11-24 17:07:35+01:00,1,1,0
2018-11-24 17:08:12+01:00,2,2,0
2018-11-24 17:10:51+01:00,6,3,3
2018-11-24 17:32:25+01:00,5,6,-1
2018-11-24 18:08:11+01:00,36,0,36
2018-11-24 18:26:04+01:00,23,17,6
2018-11-24 18:36:07+01:00,1,1,0
2018-11-24 19:00:59+01:00,76,0,76
2018-11-24 19:09:23+01:00,3,0,3
2018-11-24 19:12:00+01:00,29,39,-10
2018-11-24 20:00:02+01:00,107,69,38
2018-11-24 20:02:29+01:00,8,12,-4
2018-11-24 20:12:50+01:00,13,0,13
2018-11-24 20:14:08+01:00,75,114,-39
2018-11-24 20:39:16+01:00,20,22,-2
2018-11-24 21:42:15+01:00,1,1,0
2018-11-25 09:55:36+01:00,2,9,-7
2018-11-25 10:08:27+01:00,6,6,0
2018-11-25 10:54:36+01:00,4,4,0
2018-11-25 11:29:04+01:00,8,10,-2
2018-11-25 11:31:30+01:00,0,1,-1
2018-11-25 13:25:18+01:00,25,15,10
2018-11-25 13:34:08+01:00,1,1,0
2018-11-25 13:51:59+01:00,1,1,0
2018-11-25 13:52:48+01:00,171,185,-14
2018-11-25 14:31:46+01:00,13,13,0
2018-11-25 14:38:06+01:00,4,7,-3
2018-11-25 14:40:21+01:00,1,1,0
2018-11-25 14:48:15+01:00,12,111,-99
2018-11-25 15:00:50+01:00,12,5,7
2018-11-25 17:22:56+01:00,37,32,5
2018-11-25 17:30:06+01:00,9,7,2
2018-11-25 19:03:28+01:00,12,10,2
2018-11-25 19:09:11+01:00,8,2,6
2018-11-25 19:48:46+01:00,4,0,4
2018-11-25 19:48:51+01:00,202,203,-1
2018-11-25 20:16:53+01:00,52,1,51
2018-11-25 20:20:11+01:00,1,1,0
2018-11-25 20:21:50+01:00,4,2,2
2018-11-25 20:44:40+01:00,10,4,6
2018-11-25 21:02:58+01:00,0,4,-4
2018-11-25 21:05:25+01:00,13,0,13
2018-11-25 21:09:35+01:00,10,0,10
2018-11-25 21:38:11+01:00,15,4,11
2018-11-25 22:02:59+01:00,33,3,30
2018-11-25 22:08:42+01:00,1,1,0
2018-11-26 09:18:29+08:00,2,2,0
2018-11-26 06:18:16+01:00,2,2,0
2018-11-26 06:28:01+01:00,17,20,-3
2018-11-26 06:40:20+01:00,3,0,3
2018-11-26 06:55:10+01:00,24,116,-92
2018-11-26 13:34:05+01:00,1,1,0
2018-11-26 15:13:36+02:00,1,1,0
2018-11-26 15:15:42+02:00,3,0,3
2018-11-26 18:28:13+01:00,3,3,0
2018-11-26 18:29:41+01:00,1,1,0
2018-11-26 18:46:59+01:00,20,2,18
2018-11-26 18:47:32+01:00,1,1,0
2018-11-26 19:01:29+01:00,47,139,-92
2018-11-26 19:08:58+01:00,247,340,-93
2018-11-26 19:13:36+01:00,1,1,0
2018-11-26 19:20:01+01:00,47,139,-92
2018-11-26 20:24:13+01:00,1,0,1
2018-11-26 21:06:32+01:00,16,4,12
2018-11-27 07:04:38+01:00,127,19,108
2018-11-27 13:34:08+01:00,1,1,0
2018-11-27 14:02:34+01:00,20,18,2
2018-11-27 17:09:51+01:00,1,1,0
2018-11-27 17:26:06+01:00,1,1,0
2018-11-27 19:04:10+01:00,1,1,0
2018-11-27 19:05:59+01:00,14,2,12
2018-11-28 13:34:07+01:00,1,1,0
2018-11-28 13:58:53+01:00,3,3,0
2018-11-28 14:16:50+01:00,3,1,2
2018-11-28 15:36:32+01:00,33,4,29
2018-11-28 15:45:11+01:00,1,1,0
2018-11-28 18:07:22+02:00,1,1,0
2018-11-28 19:35:10+01:00,7,4,3
2018-11-28 20:04:56+01:00,8,6,2
2018-11-29 07:07:47+01:00,85,1,84
2018-11-29 07:36:37+01:00,1,1,0
2018-11-29 12:24:04+01:00,4,1,3
2018-11-29 13:22:41+01:00,3,2,1
2018-11-29 13:34:07+01:00,1,1,0
2018-11-29 16:17:23+01:00,1,1,0
2018-11-29 18:17:16+02:00,85,1,84
2018-11-29 18:31:08+01:00,18,1,17
2018-11-29 18:45:37+01:00,1,1,0
2018-11-29 19:09:25+01:00,18,1,17
2018-11-29 20:02:12+01:00,54,34,20
2018-11-30 10:37:58+01:00,277,160,117
2018-11-30 13:34:08+01:00,1,1,0
2018-11-30 14:14:31+01:00,1,1,0
2018-11-30 14:55:46+01:00,1,1,0
2018-11-30 14:56:10+01:00,1,1,0
2018-11-30 15:13:43+01:00,232,23,209
2018-11-30 17:50:03+01:00,5,0,5
2018-11-30 17:50:06+01:00,232,23,209
2018-11-30 17:59:51+01:00,38,4,34
2018-11-30 18:07:45+01:00,3,2,1
2018-11-30 18:10:22+01:00,1,0,1
2018-11-30 18:20:29+01:00,7,4,3
2018-11-30 18:23:16+01:00,2,0,2
2018-11-30 18:28:18+01:00,6,6,0
2018-11-30 19:15:00+01:00,54,34,20
2018-11-30 19:17:09+01:00,159,49,110
2018-11-30 20:13:50+01:00,21,0,21
2018-11-30 20:15:56+01:00,1,0,1
2018-12-01 09:46:37+01:00,495,31,464
2018-12-01 10:01:11+01:00,1,1,0
2018-12-01 10:43:26+01:00,717,122,595
2018-12-01 10:50:41+01:00,9,5,4
2018-12-01 10:52:36+01:00,1,2,-1
2018-12-01 10:53:21+01:00,0,1,-1
2018-12-01 10:56:33+01:00,6,6,0
2018-12-01 10:58:05+01:00,1,2,-1
2018-12-01 10:58:47+01:00,1,1,0
2018-12-01 11:00:33+01:00,3,3,0
2018-12-01 11:08:18+01:00,2,1,1
2018-12-01 11:40:13+01:00,8,2,6
2018-12-01 11:41:30+01:00,1,1,0
2018-12-01 11:48:41+01:00,9,13,-4
2018-12-01 11:56:16+01:00,2,4,-2
2018-12-01 11:56:53+01:00,0,1,-1
2018-12-01 12:00:03+01:00,708,115,593
2018-12-01 12:06:48+01:00,1,1,0
2018-12-01 13:01:51+01:00,5,1,4
2018-12-01 13:02:45+01:00,1,3,-2
2018-12-01 13:34:06+01:00,1,1,0
2018-12-01 19:12:00+01:00,1,1,0
2018-12-02 09:07:25+01:00,60,0,60
2018-12-02 13:34:06+01:00,1,1,0
2018-12-02 15:40:35+01:00,1,1,0
2018-12-02 16:03:34+01:00,8,35,-27
2018-12-02 22:07:09+01:00,79,38,41
2018-12-02 22:07:09+01:00,8,10,-2
2018-12-02 22:07:09+01:00,9,12,-3
2018-12-02 22:07:09+01:00,4,3,1
2018-12-02 22:07:09+01:00,149,80,69
2018-12-02 22:18:14+01:00,3,0,3
2018-12-02 22:49:30+01:00,3,0,3
2018-12-03 07:21:01+08:00,2,2,0
2018-12-03 06:38:44+01:00,2,2,0
2018-12-03 13:34:08+01:00,1,1,0
2018-12-03 14:41:20+01:00,1,1,0
2018-12-03 19:29:35+01:00,4,4,0
2018-12-03 19:45:00+01:00,13,1,12
2018-12-03 19:46:22+01:00,1,0,1
2018-12-03 19:55:37+01:00,2,2,0
2018-12-03 20:00:18+01:00,30,14,16
2018-12-03 20:31:25+01:00,59,36,23
2018-12-03 20:38:15+01:00,6,6,0
2018-12-03 20:48:51+01:00,14,2,12
2018-12-04 06:13:39+01:00,6,0,6
2018-12-04 07:12:56+01:00,13,2,11
2018-12-04 07:16:34+01:00,33,13,20
2018-12-04 12:06:47+02:00,8,35,-27
2018-12-04 13:34:07+01:00,1,1,0
2018-12-04 14:55:23+02:00,1,1,0
2018-12-04 17:05:35+01:00,8,4,4
2018-12-04 17:13:46+01:00,8,4,4
2018-12-04 19:58:26+01:00,14,11,3
2018-12-04 19:58:43+01:00,35,16,19
2018-12-04 20:24:45+01:00,29,29,0
2018-12-04 20:24:52+01:00,34,5,29
2018-12-04 20:27:13+01:00,49,27,22
2018-12-04 20:28:07+01:00,1010,174,836
2018-12-04 20:36:44+01:00,1,1,0
2018-12-04 20:50:35+01:00,2,2,0
2018-12-04 20:59:55+01:00,6,5,1
2018-12-05 10:57:23+01:00,49,27,22
2018-12-05 13:34:06+01:00,1,1,0
2018-12-05 15:22:56+02:00,1,1,0
2018-12-05 19:16:37+01:00,3,0,3
2018-12-05 19:48:50+01:00,2,34,-32
2018-12-05 19:48:59+01:00,66,1,65
2018-12-05 20:44:41+01:00,8,5,3
2018-12-05 20:44:56+01:00,179,86,93
2018-12-05 20:45:11+01:00,15,5,10
2018-12-06 06:57:07+01:00,3,3,0
2018-12-06 13:34:06+01:00,1,1,0
2018-12-06 13:51:06+01:00,33,0,33
2018-12-06 19:09:44+01:00,3,3,0
2018-12-06 19:36:33+01:00,13,1,12
2018-12-06 19:39:25+01:00,2,2,0
2018-12-06 20:02:31+01:00,197,45,152
2018-12-06 20:04:24+01:00,1,1,0
2018-12-07 13:34:07+01:00,1,1,0
2018-12-07 18:28:22+01:00,1,1,0
2018-12-08 13:33:06+01:00,1,1,0
2018-12-08 15:35:47+01:00,1,1,0
2018-12-09 08:39:53+01:00,615,238,377
2018-12-09 09:03:17+01:00,5,0,5
2018-12-09 11:15:02+01:00,5,0,5
2018-12-09 13:33:06+01:00,1,1,0
2018-12-09 15:09:02+01:00,1,1,0
2018-12-09 15:16:38+01:00,825,288,537
2018-12-09 15:59:05+01:00,20,10,10
2018-12-09 16:00:04+01:00,1,1,0
2018-12-09 16:04:28+01:00,1,1,0
2018-12-09 16:06:00+01:00,1,1,0
2018-12-09 16:22:21+01:00,22,9,13
2018-12-10 13:33:07+01:00,1,1,0
2018-12-10 15:04:37+01:00,1,1,0
2018-12-10 18:52:24+01:00,26,12,14
2018-12-10 19:09:20+01:00,30,0,30
2018-12-10 19:17:56+01:00,35,0,35
2018-12-10 19:55:21+01:00,7,9,-2
2018-12-10 20:22:21+01:00,20,17,3
2018-12-10 20:22:41+01:00,0,14,-14
2018-12-11 07:14:39+01:00,30,31,-1
2018-12-11 13:33:06+01:00,1,1,0
2018-12-11 13:33:08+01:00,1,1,0
2018-12-11 13:59:59+01:00,2,2,0
2018-12-11 19:18:28+01:00,4,1,3
2018-12-11 19:32:49+01:00,51,62,-11
2018-12-11 20:26:53+01:00,11,8,3
2018-12-11 20:27:30+01:00,2,2,0
2018-12-11 20:27:54+01:00,13,10,3
2018-12-12 09:32:55+01:00,26,20,6
2018-12-12 13:05:55+01:00,49,5,44
2018-12-12 13:32:07+01:00,1,1,0
2018-12-12 13:32:09+01:00,1,1,0
2018-12-12 13:33:03+01:00,2,2,0
2018-12-12 13:46:13+01:00,2,2,0
2018-12-12 19:17:09+01:00,22,15,7
2018-12-12 19:17:09+01:00,42,20,22
2018-12-12 19:17:09+01:00,10,10,0
2018-12-12 19:17:09+01:00,2,2,0
2018-12-12 19:35:51+01:00,6,1,5
2018-12-12 20:04:14+01:00,6,6,0
2018-12-12 20:11:27+01:00,1,1,0
2018-12-12 20:15:14+01:00,6,6,0
2018-12-12 20:17:56+01:00,1,1,0
2018-12-12 20:20:07+01:00,2,0,2
2018-12-12 20:38:44+01:00,2,0,2
2018-12-13 13:32:07+01:00,1,1,0
2018-12-13 14:57:55+02:00,1,1,0
2018-12-13 19:43:17+01:00,1,1,0
2018-12-13 20:14:32+01:00,81,47,34
2018-12-14 06:32:49+01:00,4,4,0
2018-12-14 06:32:49+01:00,7,7,0
2018-12-14 06:32:49+01:00,3,0,3
2018-12-14 06:32:49+01:00,7,7,0
2018-12-14 06:32:49+01:00,259,245,14
2018-12-14 06:32:49+01:00,11,9,2
2018-12-14 06:32:49+01:00,8,5,3
2018-12-14 06:32:49+01:00,5,5,0
2018-12-14 06:32:49+01:00,19,18,1
2018-12-14 06:32:49+01:00,477,471,6
2018-12-14 06:32:49+01:00,1,4,-3
2018-12-14 13:32:07+01:00,1,1,0
2018-12-14 13:32:09+01:00,1,1,0
2018-12-14 13:54:07+01:00,2,2,0
2018-12-15 13:28:00+01:00,1,1,0
2018-12-15 13:32:06+01:00,1,1,0
2018-12-15 13:40:02+01:00,0,0,0
2018-12-15 13:49:12+01:00,1,1,0
2018-12-15 13:54:35+01:00,18,22,-4
2018-12-15 14:10:33+01:00,11,9,2
2018-12-15 14:14:38+01:00,11,10,1
2018-12-15 14:21:14+01:00,5,1,4
2018-12-15 14:22:49+01:00,2,2,0
2018-12-15 14:28:37+01:00,6,5,1
2018-12-15 14:42:21+01:00,8,4,4
2018-12-15 15:38:40+01:00,33,37,-4
2018-12-15 19:15:38+01:00,1,1,0
2018-12-15 19:52:52+01:00,14,30,-16
2018-12-15 20:31:05+01:00,17,17,0
2018-12-15 20:32:55+01:00,40,33,7
2018-12-16 09:58:46+01:00,11,2,9
2018-12-16 09:58:54+01:00,8,12,-4
2018-12-16 10:17:11+01:00,42,24,18
2018-12-16 10:19:49+01:00,13,0,13
2018-12-16 10:29:53+01:00,24,36,-12
2018-12-16 10:30:13+01:00,54,68,-14
2018-12-16 10:33:08+01:00,35,35,0
2018-12-16 13:11:29+01:00,6,2,4
2018-12-16 14:14:17+01:00,10,8,2
2018-12-16 22:02:29+01:00,21,1,20
2018-12-16 22:05:15+01:00,1,1,0
2018-12-16 22:07:03+01:00,3,3,0
2018-12-16 22:08:50+01:00,1,1,0
2018-12-16 22:09:46+01:00,1,1,0
2018-12-16 22:11:51+01:00,1,1,0
2018-12-16 22:13:50+01:00,2,2,0
2018-12-17 06:09:48+01:00,2,2,0
2018-12-17 06:32:59+01:00,1,1,0
2018-12-17 06:37:46+01:00,174,139,35
2018-12-17 06:38:13+01:00,275,25,250
2018-12-16 22:15:45-08:00,35,8,27
2018-12-17 09:14:10+01:00,846,817,29
2018-12-17 13:32:07+01:00,1,1,0
2018-12-17 16:12:21+01:00,1,1,0
2018-12-17 07:54:28-08:00,2,3,-1
2018-12-17 21:30:58+01:00,9,0,9
2018-12-17 13:53:22-08:00,1,1,0
2018-12-18 10:13:21+02:00,34,8,26
2018-12-18 13:32:07+01:00,1,1,0
2018-12-18 13:32:09+01:00,1,1,0
2018-12-18 14:50:38+02:00,2,2,0
2018-12-19 13:32:09+01:00,1,1,0
2018-12-19 16:39:52+02:00,1,1,0
2018-12-20 13:32:07+01:00,1,1,0
2018-12-20 13:32:09+01:00,1,1,0
2018-12-20 14:45:29+01:00,2,2,0
2018-12-21 10:20:01+01:00,1,6,-5
2018-12-21 10:21:31+01:00,0,4,-4
2018-12-21 10:35:17+01:00,1,1,0
2018-12-21 13:32:06+01:00,1,1,0
2018-12-21 13:53:40+01:00,1,1,0
2018-12-22 13:33:07+01:00,1,1,0
2018-12-22 14:07:49+01:00,1,1,0
2018-12-22 19:03:42+01:00,7,0,7
2018-12-22 19:14:18+01:00,9,2,7
2018-12-23 13:33:07+01:00,1,1,0
2018-12-24 11:18:02+02:00,1,1,0
2018-12-24 11:39:11+01:00,1,1,0
2018-12-24 13:32:45+01:00,1,1,0
2018-12-24 13:33:08+01:00,1,1,0
2018-12-24 13:46:23+01:00,1,1,0
2018-12-25 13:00:48+01:00,3,3,0
2018-12-25 13:15:41+01:00,35,16,19
2018-12-25 13:32:11+01:00,35,16,19
2018-12-25 13:33:06+01:00,1,1,0
2018-12-25 14:04:53+01:00,1,1,0
2018-12-26 13:33:06+01:00,1,1,0
2018-12-26 13:42:37+01:00,14,14,0
2018-12-26 13:42:46+01:00,117,44,73
2018-12-26 13:42:52+01:00,17,6,11
2018-12-26 13:44:47+01:00,1,1,0
2018-12-26 13:52:56+01:00,30,2,28
2018-12-26 14:02:17+01:00,0,200,-200
2018-12-26 15:52:40+01:00,30,2,28
2018-12-26 15:53:25+01:00,0,200,-200
2018-12-27 06:58:59+01:00,1,1,0
2018-12-27 07:01:57+01:00,1,1,0
2018-12-27 07:03:28+01:00,3,3,0
2018-12-27 07:04:30+01:00,141,57,84
2018-12-27 14:56:35+08:00,8,3,5
2018-12-27 08:57:13+01:00,8,3,5
2018-12-27 09:31:21+01:00,55,0,55
2018-12-27 11:19:26+01:00,23,6,17
2018-12-27 11:28:40+01:00,77,5,72
2018-12-27 11:44:50+01:00,1,1,0
2018-12-27 11:45:21+01:00,1,1,0
2018-12-27 11:47:00+01:00,1,1,0
2018-12-27 12:47:12+01:00,7103,2207,4896
2018-12-27 12:51:05+01:00,1,1,0
2018-12-27 12:56:56+01:00,35,0,35
2018-12-27 13:07:00+01:00,35,0,35
2018-12-27 13:34:07+01:00,1,1,0
2018-12-27 14:22:29+01:00,1,1,0
2018-12-27 14:29:26+01:00,1,0,1
2018-12-27 14:56:10+01:00,1,0,1
2018-12-28 10:01:16+01:00,11,11,0
2018-12-28 10:04:07+01:00,1,1,0
2018-12-28 10:04:28+01:00,12,13,-1
2018-12-28 10:25:41+01:00,40,16,24
2018-12-28 10:41:54+01:00,6,0,6
2018-12-28 10:44:24+01:00,0,3,-3
2018-12-28 10:46:48+01:00,3,1,2
2018-12-28 11:45:57+01:00,58,36,22
2018-12-28 11:47:00+01:00,6,0,6
2018-12-28 13:34:05+01:00,1,1,0
2018-12-28 13:34:07+01:00,1,1,0
2018-12-28 13:37:44+01:00,1,0,1
2018-12-28 13:48:58+01:00,2,2,0
2018-12-28 14:11:22+01:00,8,0,8
2018-12-28 14:18:34+01:00,23,0,23
2018-12-28 14:20:43+01:00,1,23,-22
2018-12-28 14:22:17+01:00,0,1,-1
2018-12-28 14:28:09+01:00,0,0,0
2018-12-28 14:52:23+01:00,3,1,2
2018-12-28 15:37:14+01:00,12,1,11
2018-12-28 15:55:51+01:00,2,2,0
2018-12-28 16:16:04+01:00,11,13,-2
2018-12-28 19:46:33+01:00,32,12,20
2018-12-29 09:01:58+01:00,1,7,-6
2018-12-29 13:34:05+01:00,1,1,0
2018-12-29 14:08:16+01:00,1,1,0
2018-12-30 12:09:06+01:00,1,7,-6
2018-12-30 13:34:05+01:00,1,1,0
2018-12-30 14:47:46+01:00,1,1,0
2018-12-30 15:22:19+01:00,455,19,436
2018-12-30 16:56:13+01:00,114,99,15
2018-12-30 16:56:27+01:00,21,5,16
2018-12-30 17:08:21+01:00,31,31,0
2018-12-30 17:14:03+01:00,8,28,-20
2018-12-30 17:14:56+01:00,17,22,-5
2018-12-30 17:17:52+01:00,35,43,-8
2018-12-30 17:20:16+01:00,1,5,-4
2018-12-30 17:20:28+01:00,2,1,1
2018-12-30 17:21:54+01:00,4,8,-4
2018-12-30 17:29:07+01:00,7,1,6
2018-12-30 17:32:03+01:00,0,4,-4
2018-12-30 17:47:41+01:00,1,1,0
2018-12-30 17:53:33+01:00,24,1,23
2018-12-30 17:58:06+01:00,66,62,4
2018-12-30 18:03:09+01:00,22,1,21
2018-12-30 18:06:09+01:00,3,0,3
2018-12-30 18:22:28+01:00,65,0,65
2018-12-31 07:12:54+01:00,31,0,31
2018-12-31 09:18:22+01:00,19,3,16
2018-12-31 09:24:04+01:00,6,0,6
2018-12-31 10:31:28+01:00,1,1,0
2018-12-31 10:49:14+01:00,2,2,0
2018-12-31 11:04:22+01:00,133,133,0
2018-12-31 11:12:56+01:00,1,1,0
2018-12-31 11:52:09+01:00,0,466,-466
2018-12-31 13:19:00+01:00,1,1,0
2018-12-31 13:26:25+01:00,5,5,0
2018-12-31 13:27:59+01:00,73,73,0
2018-12-31 13:34:07+01:00,1,1,0
2018-12-31 13:36:27+01:00,1,1,0
2018-12-31 13:39:18+01:00,4,4,0
2018-12-31 14:00:36+01:00,73,75,-2
2018-12-31 14:01:55+01:00,1,1,0
2018-12-31 14:35:03+01:00,1,1,0
2018-12-31 15:09:50+01:00,5,5,0
2018-12-31 19:13:34+01:00,15,5,10
2018-12-31 19:15:49+01:00,25,29,-4
2018-12-31 19:40:14+01:00,57,0,57
2018-12-31 19:42:14+01:00,3,2,1
2019-01-01 13:34:06+01:00,1,1,0
2019-01-01 13:42:30+01:00,3,2,1
2019-01-01 14:07:40+01:00,27,11,16
2019-01-01 14:08:50+01:00,1,1,0
2019-01-01 14:13:37+01:00,461,384,77
2019-01-01 16:32:45+01:00,23,19,4
2019-01-01 16:33:02+01:00,3,4,-1
2019-01-01 16:45:52+01:00,1,1,0
2019-01-01 16:50:10+01:00,3,2,1
2019-01-01 16:54:44+01:00,2,2,0
2019-01-02 12:32:13+01:00,30,26,4
2019-01-02 13:33:33+01:00,1,0,1
2019-01-02 13:34:06+01:00,1,1,0
2019-01-02 13:34:08+01:00,3,1,2
2019-01-02 13:38:02+01:00,1,0,1
2019-01-02 13:50:00+01:00,1,1,0
2019-01-02 14:02:11+01:00,30,13,17
2019-01-02 14:18:34+01:00,17,18,-1
2019-01-02 14:21:02+01:00,1,1,0
2019-01-02 14:41:27+01:00,5,102,-97
2019-01-02 14:44:17+01:00,1,1,0
2019-01-02 16:41:15+01:00,3,1,2
2019-01-02 19:26:58+01:00,2,0,2
2019-01-02 19:31:37+01:00,2,0,2
2019-01-03 13:33:08+01:00,1,1,0
2019-01-03 14:02:03+01:00,1,1,0
2019-01-03 14:38:38+01:00,62,18,44
2019-01-03 14:40:27+01:00,1,1,0
2019-01-04 13:33:09+01:00,1,1,0
2019-01-04 14:10:42+01:00,1,1,0
2019-01-04 22:33:53+01:00,157,40,117
2019-01-04 22:39:44+01:00,22,1,21
2019-01-04 23:00:36+01:00,51,84,-33
2019-01-05 07:10:25+01:00,71,0,71
2019-01-05 07:20:38+01:00,27,86,-59
2019-01-05 07:22:19+01:00,13,9,4
2019-01-05 07:24:15+01:00,3,0,3
2019-01-05 07:25:35+01:00,3,0,3
2019-01-05 07:32:35+01:00,7,6,1
2019-01-05 09:03:26+01:00,5,0,5
2019-01-05 13:33:06+01:00,1,1,0
2019-01-05 13:33:07+01:00,1,1,0
2019-01-05 15:43:12+02:00,2,2,0
2019-01-05 19:24:07+01:00,1,1,0
2019-01-05 19:34:45+01:00,8,8,0
2019-01-05 19:50:46+01:00,5,0,5
2019-01-05 19:51:28+01:00,1,1,0
2019-01-05 19:51:51+01:00,5,0,5
2019-01-05 20:00:10+01:00,11,11,0
2019-01-05 20:04:54+01:00,2,2,0
2019-01-05 20:06:15+01:00,3,4,-1
2019-01-06 11:40:33+01:00,91,63,28
2019-01-06 11:42:35+01:00,8,8,0
2019-01-06 11:43:03+01:00,1,1,0
2019-01-06 11:55:43+01:00,25,16,9
2019-01-06 12:02:57+01:00,12,12,0
2019-01-06 12:53:04+01:00,12,12,0
2019-01-06 13:29:14+01:00,144,2,142
2019-01-06 13:29:14+01:00,28,17,11
2019-01-06 13:29:14+01:00,29,26,3
2019-01-06 13:29:14+01:00,12,0,12
2019-01-06 13:33:06+01:00,1,1,0
2019-01-06 13:47:36+01:00,39,6,33
2019-01-06 13:48:27+01:00,1,1,0
2019-01-06 14:12:55+01:00,11,0,11
2019-01-06 14:13:15+01:00,80,12,68
2019-01-06 14:19:24+01:00,1,1,0
2019-01-06 14:20:55+01:00,40,7,33
2019-01-06 14:45:29+01:00,11,1,10
2019-01-06 14:47:38+01:00,7,7,0
2019-01-06 14:47:53+01:00,49,9,40
2019-01-06 14:57:14+01:00,7,7,0
2019-01-06 19:31:25+01:00,1,1,0
2019-01-06 19:38:32+01:00,24,1,23
2019-01-08 12:39:10+01:00,9,5,4
2019-01-08 12:39:53+01:00,2,1,1
2019-01-08 13:33:06+01:00,1,1,0
2019-01-08 13:33:08+01:00,1,1,0
2019-01-08 13:33:10+01:00,1,1,0
2019-01-08 13:33:11+01:00,1,1,0
2019-01-08 13:33:13+01:00,1,1,0
2019-01-08 13:44:51+01:00,17,11,6
2019-01-08 15:33:32+01:00,178,108,70
2019-01-08 16:31:02+01:00,11,1,10
2019-01-08 16:34:23+01:00,1,1,0
2019-01-08 17:07:32+01:00,1,1,0
2019-01-08 19:04:43+01:00,5,5,0
2019-01-08 20:09:32+01:00,1,1,0
2019-01-08 20:12:39+01:00,1,1,0
2019-01-08 20:35:08+01:00,2,2,0
2019-01-08 20:39:50+01:00,1,1,0
2019-01-08 20:58:14+01:00,1,1,0
2019-01-08 21:07:08+01:00,1,0,1
2019-01-08 21:11:36+01:00,3,0,3
2019-01-08 21:13:56+01:00,0,1,-1
2019-01-08 21:19:53+01:00,372,62,310
2019-01-08 21:27:50+01:00,3,3,0
2019-01-08 21:30:11+01:00,0,1,-1
2019-01-09 06:27:58+01:00,1,2,-1
2019-01-09 08:15:36+01:00,1,2,-1
2019-01-09 08:16:33+01:00,1,3,-2
2019-01-09 08:17:03+01:00,1,1,0
2019-01-09 12:21:34+01:00,7,9,-2
2019-01-09 13:32:07+01:00,1,1,0
2019-01-09 14:02:39+01:00,1,1,0
2019-01-09 16:23:13+01:00,69,1,68
2019-01-10 13:32:07+01:00,1,1,0
2019-01-10 13:32:09+01:00,1,1,0
2019-01-10 15:01:10+02:00,2,2,0
2019-01-11 13:32:07+01:00,1,1,0
2019-01-12 09:30:15+01:00,1,1,0
2019-01-12 13:32:06+01:00,1,1,0
2019-01-12 13:32:08+01:00,1,1,0
2019-01-12 13:38:49+01:00,42,0,42
2019-01-12 13:45:03+01:00,8,7,1
2019-01-12 13:45:43+01:00,4,4,0
2019-01-12 13:49:39+01:00,2,2,0
2019-01-13 13:32:06+01:00,1,1,0
2019-01-13 14:51:14+01:00,1,1,0
2019-01-14 13:32:07+01:00,1,1,0
2019-01-14 13:32:08+01:00,1,1,0
2019-01-14 14:06:53+01:00,2,2,0
2019-01-15 11:04:32+01:00,29,18,11
2019-01-15 11:10:28+01:00,1,1,0
2019-01-15 13:32:08+01:00,1,1,0
2019-01-15 13:45:27+01:00,1,1,0
2019-01-15 15:02:01+01:00,2,2,0
2019-01-15 15:16:58+01:00,2,2,0
2019-01-15 15:36:41+01:00,15,8,7
2019-01-16 11:22:25+01:00,1,12,-11
2019-01-16 11:51:54+01:00,15,5,10
2019-01-16 11:52:23+01:00,390,82,308
2019-01-16 12:16:32+01:00,15,12,3
2019-01-16 14:28:52+01:00,1,2,-1
2019-01-16 14:49:47+01:00,11,8,3
2019-01-16 14:51:27+01:00,54,11,43
2019-01-16 14:56:27+01:00,54,11,43
2019-01-16 15:00:35+01:00,8,0,8
2019-01-16 15:10:31+01:00,6,1,5
2019-01-16 15:17:28+01:00,1,1,0
2019-01-16 16:15:36+01:00,2,2,0
2019-01-16 18:38:20+01:00,113,4,109
2019-01-16 18:58:12+01:00,2,1,1
2019-01-16 19:04:43+01:00,3,2,1
2019-01-16 19:10:13+01:00,7,3,4
2019-01-16 19:12:52+01:00,1,1,0
2019-01-16 19:22:06+01:00,9,4,5
2019-01-16 19:23:55+01:00,3,0,3
2019-01-16 20:03:34+01:00,1,1,0
2019-01-16 21:34:50+01:00,1,1,0
2019-01-17 13:32:07+01:00,1,1,0
2019-01-17 19:05:28+01:00,3,1,2
2019-01-17 19:38:05+01:00,3,1,2
2019-01-17 20:28:21+01:00,17,11,6
2019-01-17 20:30:45+01:00,1,1,0
2019-01-17 20:31:00+01:00,1,1,0
2019-01-17 20:48:55+01:00,18,12,6
2019-01-18 11:58:23+01:00,1,1,0
2019-01-18 12:00:02+01:00,1,1,0
2019-01-18 12:00:53+01:00,1,1,0
2019-01-18 12:02:29+01:00,1,1,0
2019-01-18 12:07:51+01:00,3,3,0
2019-01-18 12:14:00+01:00,1,0,1
2019-01-18 19:29:39+01:00,291,33,258
2019-01-19 13:32:06+01:00,1,1,0
2019-01-19 13:32:07+01:00,1,1,0
2019-01-19 13:57:46+01:00,2,2,0
2019-01-19 13:26:30-04:00,1,1,0
2019-01-19 19:10:11+01:00,1,1,0
2019-01-19 20:02:37+01:00,14,6,8
2019-01-19 20:03:04+01:00,24,0,24
2019-01-19 20:21:33+01:00,1,1,0
2019-01-20 13:32:07+01:00,1,1,0
2019-01-20 14:21:42+01:00,1,1,0
2019-01-20 15:57:41+01:00,1,1,0
2019-01-20 15:57:54+01:00,1,1,0
2019-01-20 16:13:02+01:00,38,6,32
2019-01-21 13:32:07+01:00,1,1,0
2019-01-21 14:57:42+02:00,1,1,0
2019-01-21 19:53:14+01:00,17,17,0
2019-01-21 22:08:59-04:00,0,0,0
2019-01-22 07:04:19+01:00,45,0,45
2019-01-22 07:04:19+01:00,19,9,10
2019-01-22 07:04:19+01:00,10,6,4
2019-01-22 07:04:19+01:00,9,0,9
2019-01-22 07:04:19+01:00,2,2,0
2019-01-22 07:04:19+01:00,10,3,7
2019-01-22 07:04:19+01:00,2,2,0
2019-01-22 07:04:19+01:00,5,2,3
2019-01-22 07:04:19+01:00,36,0,36
2019-01-22 07:04:19+01:00,5,5,0
2019-01-22 07:04:19+01:00,42,18,24
2019-01-22 07:04:19+01:00,20,3,17
2019-01-22 07:04:19+01:00,23,5,18
2019-01-22 07:04:19+01:00,14,1,13
2019-01-22 07:04:19+01:00,3,4,-1
2019-01-22 07:04:19+01:00,2,4,-2
2019-01-22 07:04:19+01:00,1,0,1
2019-01-22 07:04:19+01:00,51,0,51
2019-01-22 07:04:19+01:00,18,3,15
2019-01-22 07:04:19+01:00,7,6,1
2019-01-22 07:04:19+01:00,7,11,-4
2019-01-22 07:05:09+01:00,14,13,1
2019-01-22 07:05:09+01:00,0,3,-3
2019-01-22 07:05:09+01:00,6,6,0
2019-01-22 07:06:30+01:00,9,4,5
2019-01-22 07:06:30+01:00,11,7,4
2019-01-22 07:07:15+01:00,43,26,17
2019-01-22 07:07:15+01:00,25,18,7
2019-01-22 07:07:15+01:00,5,5,0
2019-01-22 07:07:15+01:00,18,9,9
2019-01-22 07:07:15+01:00,3,3,0
2019-01-22 07:07:15+01:00,3,3,0
2019-01-22 07:07:15+01:00,2,4,-2
2019-01-22 07:07:15+01:00,4,6,-2
2019-01-22 07:07:15+01:00,1,1,0
2019-01-22 07:07:15+01:00,6,0,6
2019-01-22 07:07:15+01:00,2,2,0
2019-01-22 07:07:15+01:00,26,0,26
2019-01-22 07:07:15+01:00,31,2,29
2019-01-22 07:07:15+01:00,39,3,36
2019-01-22 07:07:15+01:00,32,33,-1
2019-01-22 07:07:15+01:00,3,2,1
2019-01-22 07:38:15+01:00,8,40,-32
2019-01-22 11:20:01+01:00,17,17,0
2019-01-22 13:32:11+01:00,1,1,0
2019-01-22 14:49:44+02:00,1,1,0
2019-01-22 19:17:08+01:00,13,0,13
2019-01-22 19:17:21+01:00,3,2,1
2019-01-22 19:26:07+01:00,1,1,0
2019-01-22 19:44:56+01:00,28,0,28
2019-01-22 20:01:12+01:00,4,2,2
2019-01-22 22:41:53+01:00,27,18,9
2019-01-23 09:06:24+02:00,4,2,2
2019-01-23 10:15:43+02:00,28,0,28
2019-01-23 13:26:05-04:00,462,91,371
2019-01-23 20:57:31+01:00,1,1,0
2019-01-23 20:57:31+01:00,1,1,0
2019-01-23 20:59:41+01:00,39,14,25
2019-01-23 21:01:19+01:00,50,21,29
2019-01-23 21:05:07+01:00,2,2,0
2019-01-24 06:43:28+01:00,33,14,19
2019-01-24 07:03:25+01:00,56,54,2
2019-01-24 07:03:41+01:00,58,2,56
2019-01-24 07:08:21+01:00,5,0,5
2019-01-24 13:33:07+01:00,1,1,0
2019-01-24 14:50:52+02:00,1,1,0
2019-01-24 15:24:38+01:00,52,40,12
2019-01-25 06:38:39+01:00,79,58,21
2019-01-25 13:33:29+01:00,1,1,0
2019-01-25 13:33:30+01:00,1,1,0
2019-01-25 13:58:36+01:00,2,2,0
2019-01-25 19:14:29+01:00,1,1,0
2019-01-25 19:14:38+01:00,13,13,0
2019-01-25 19:17:44+01:00,1,1,0
2019-01-26 11:00:04+01:00,473,389,84
2019-01-26 11:00:05+01:00,1,1,0
2019-01-26 11:00:08+01:00,460,460,0
2019-01-26 11:00:09+01:00,15,11,4
2019-01-26 11:00:10+01:00,1,1,0
2019-01-26 11:00:12+01:00,2,3,-1
2019-01-26 11:04:35+01:00,81,60,21
2019-01-26 11:07:17+01:00,164,77,87
2019-01-26 13:33:18+01:00,1,1,0
2019-01-26 13:33:20+01:00,1,1,0
2019-01-26 19:16:33+01:00,1,1,0
2019-01-26 19:22:45+01:00,9,9,0
2019-01-26 19:29:41+01:00,245,137,108
2019-01-26 20:05:49+01:00,31,0,31
2019-01-27 10:40:52+01:00,5,4,1
2019-01-27 10:47:02+01:00,1,6,-5
2019-01-27 10:47:24+01:00,1,1,0
2019-01-27 12:28:32+01:00,9,13,-4
2019-01-27 12:32:18+01:00,522,130,392
2019-01-27 13:33:07+01:00,1,1,0
2019-01-27 13:49:36+01:00,1,1,0
2019-01-28 13:33:07+01:00,1,1,0
2019-01-28 14:41:23+01:00,1,1,0
2019-01-29 13:33:08+01:00,1,1,0
2019-01-29 13:50:11+01:00,1,1,0
2019-01-30 11:22:10+01:00,181,74,107
2019-01-30 11:23:23+01:00,9,2,7
2019-01-30 11:41:32+01:00,9,2,7
2019-01-30 13:33:06+01:00,1,1,0
2019-01-30 13:33:08+01:00,1,1,0
2019-01-30 13:33:10+01:00,1,1,0
2019-01-31 07:50:13+02:00,1,1,0
2019-01-31 07:51:03+02:00,11,11,0
2019-01-31 06:58:57+01:00,15,15,0
2019-01-31 13:34:07+01:00,1,1,0
2019-01-31 13:34:09+01:00,1,1,0
2019-01-31 13:34:11+01:00,1,1,0
2019-01-31 14:41:14+01:00,3,3,0
2019-02-01 13:34:07+01:00,1,1,0
2019-02-01 13:34:09+01:00,1,1,0
2019-02-01 13:34:10+01:00,1,1,0
2019-02-01 13:56:17+01:00,3,3,0
2019-02-02 13:34:06+01:00,1,1,0
2019-02-02 13:34:08+01:00,1,1,0
2019-02-02 15:25:29+02:00,2,2,0
2019-02-03 13:34:07+01:00,1,1,0
2019-02-03 13:51:52+01:00,30,18,12
2019-02-03 13:52:05+01:00,80,1,79
2019-02-03 13:52:05+01:00,1,1,0
2019-02-03 13:52:05+01:00,7,0,7
2019-02-03 13:52:05+01:00,5,3,2
2019-02-03 13:53:32+01:00,1,1,0
2019-02-04 06:13:22+01:00,2,3,-1
2019-02-04 13:34:10+01:00,1,1,0
2019-02-04 13:34:12+01:00,1,1,0
2019-02-04 14:44:47+01:00,2,2,0
2019-02-04 22:47:58+01:00,120,21,99
2019-02-05 13:34:06+01:00,1,1,0
2019-02-05 13:34:07+01:00,1,1,0
2019-02-05 13:55:09+01:00,2,2,0
2019-02-06 13:34:09+01:00,1,1,0
2019-02-06 15:29:06+02:00,1,1,0
2019-02-07 13:34:09+01:00,1,1,0
2019-02-07 15:37:18+01:00,1,1,0
2019-02-08 13:34:26+01:00,1,1,0
2019-02-08 14:52:56+02:00,1,1,0
2019-02-09 13:33:06+01:00,1,1,0
2019-02-09 13:33:08+01:00,1,1,0
2019-02-09 13:33:09+01:00,1,1,0
2019-02-09 13:33:11+01:00,1,1,0
2019-02-09 14:00:49+01:00,4,4,0
2019-02-10 13:33:06+01:00,1,1,0
2019-02-10 14:49:25+02:00,1,1,0
2019-02-10 21:02:53+03:00,3,3,0
2019-02-10 21:31:13+03:00,10,14,-4
2019-02-10 19:36:33+01:00,3,3,0
2019-02-10 21:52:33+03:00,4,0,4
2019-02-10 22:01:46+03:00,2,1,1
2019-02-10 22:09:11+03:00,2,2,0
2019-02-10 22:13:40+03:00,3,2,1
2019-02-10 22:23:00+03:00,1,1,0
2019-02-10 22:28:40+03:00,4,3,1
2019-02-10 20:39:45+01:00,6,0,6
2019-02-10 23:37:24+03:00,2,2,0
2019-02-11 06:12:17+01:00,13,16,-3
2019-02-11 13:31:07+01:00,1,1,0
2019-02-11 13:31:09+01:00,1,1,0
2019-02-11 14:52:25+02:00,2,2,0
2019-02-12 13:31:08+01:00,1,1,0
2019-02-12 14:50:30+01:00,1,1,0
2019-02-13 02:55:55+03:00,9,16,-7
2019-02-13 03:14:24+03:00,6,2,4
2019-02-13 03:17:54+03:00,1,1,0
2019-02-13 03:54:57+03:00,2,6,-4
2019-02-13 12:23:22+03:00,2,6,-4
2019-02-13 12:38:44+03:00,1,1,0
2019-02-13 12:42:39+03:00,1,1,0
2019-02-13 13:02:57+03:00,4,4,0
2019-02-13 12:39:12+01:00,6,6,0
2019-02-13 13:32:06+01:00,1,1,0
2019-02-13 13:32:08+01:00,1,1,0
2019-02-13 13:32:10+01:00,1,1,0
2019-02-13 14:35:43+01:00,3,3,0
2019-02-14 07:27:13+01:00,20,30,-10
2019-02-14 19:15:16+01:00,3,1,2
2019-02-15 22:50:11+01:00,93,12,81
2019-02-15 22:50:31+01:00,3,3,0
2019-02-15 22:51:09+01:00,1,1,0
2019-02-15 23:27:41+01:00,9,9,0
2019-02-16 13:32:04+01:00,1,1,0
2019-02-16 13:32:05+01:00,1,1,0
2019-02-16 13:32:06+01:00,1,1,0
2019-02-16 13:51:58+01:00,3,3,0
2019-02-16 13:55:33+01:00,33,52,-19
2019-02-16 19:50:55+03:00,2,1,1
2019-02-16 19:53:35+03:00,1,0,1
2019-02-16 22:56:04+01:00,91,5,86
2019-02-17 03:59:40+01:00,9,18,-9
2019-02-17 04:01:17+01:00,171,0,171
2019-02-17 04:01:43+01:00,57,0,57
2019-02-17 04:15:11+01:00,3,3,0
2019-02-17 04:18:56+01:00,5,2,3
2019-02-17 04:22:24+01:00,1,0,1
2019-02-17 04:25:39+01:00,0,1,-1
2019-02-17 12:56:28+03:00,1,0,1
2019-02-17 11:38:51+01:00,4,1,3
2019-02-17 13:30:07+01:00,1,1,0
2019-02-17 14:42:55+01:00,8,3,5
2019-02-17 15:21:14+01:00,40,56,-16
2019-02-17 15:26:33+01:00,2,2,0
2019-02-17 15:29:58+01:00,3,3,0
2019-02-17 15:34:44+01:00,2,1,1
2019-02-17 15:40:08+01:00,5,3,2
2019-02-17 15:42:09+01:00,1,1,0
2019-02-17 15:54:22+01:00,2,2,0
2019-02-17 15:55:47+01:00,2,2,0
2019-02-17 16:12:40+01:00,3,3,0
2019-02-17 16:14:20+01:00,4,1,3
2019-02-17 16:15:24+01:00,1,1,0
2019-02-17 16:15:55+01:00,1,1,0
2019-02-17 23:26:10+01:00,2,2,0
2019-02-17 23:34:15+01:00,17,170,-153
2019-02-18 01:03:09+01:00,3,4,-1
2019-02-18 08:39:49+01:00,5,3,2
2019-02-18 13:30:10+01:00,1,1,0
2019-02-18 13:58:48+01:00,1,1,0
2019-02-18 17:16:27+01:00,6,0,6
2019-02-19 11:49:49+03:00,3,1,2
2019-02-19 15:14:47+03:00,74,43,31
2019-02-19 19:15:22+01:00,51,19,32
2019-02-19 19:19:54+01:00,3,1,2
2019-02-19 19:54:53+01:00,2,1,1
2019-02-19 21:56:20+01:00,31,1,30
2019-02-19 22:27:20+01:00,5,5,0
2019-02-20 00:52:10+01:00,9,5,4
2019-02-20 01:03:03+01:00,9,5,4
2019-02-20 02:38:16+01:00,30,38,-8
2019-02-20 09:06:04+01:00,2,1,1
2019-02-20 15:12:04+03:00,17,8,9
2019-02-20 15:13:21+03:00,1,1,0
2019-02-20 13:31:05+01:00,1,1,0
2019-02-20 13:31:06+01:00,1,1,0
2019-02-20 13:31:07+01:00,1,1,0
2019-02-20 13:31:08+01:00,1,1,0
2019-02-20 16:01:56+03:00,5,4,1
2019-02-20 15:03:00+02:00,4,4,0
2019-02-20 16:12:17+03:00,6,2,4
2019-02-20 16:23:09+03:00,2,1,1
2019-02-20 17:00:35+03:00,15,5,10
2019-02-20 17:54:20+03:00,19,12,7
2019-02-20 17:55:20+03:00,0,2,-2
2019-02-20 18:09:26+01:00,2,2,0
2019-02-20 19:14:17+01:00,6,0,6
2019-02-20 20:13:23+01:00,26,9,17
2019-02-20 21:04:52+01:00,1,1,0
2019-02-20 21:07:54+01:00,1,1,0
2019-02-21 00:26:02+03:00,1,0,1
2019-02-21 00:46:35+03:00,2,2,0
2019-02-21 00:47:18+03:00,0,1,-1
2019-02-21 01:20:24+03:00,9,6,3
2019-02-21 00:29:59+01:00,43,80,-37
2019-02-21 00:30:46+01:00,12,5,7
2019-02-21 06:24:16+01:00,1,0,1
2019-02-21 06:25:47+01:00,10,8,2
2019-02-21 06:29:37+01:00,23,13,10
2019-02-21 06:41:35+01:00,258,24,234
2019-02-21 06:56:22+01:00,0,0,0
2019-02-21 06:59:52+01:00,5,2,3
2019-02-21 07:07:45+01:00,13,12,1
2019-02-21 12:32:45+01:00,0,0,0
2019-02-21 12:33:09+01:00,2978,1257,1721
2019-02-21 13:31:05+01:00,1,1,0
2019-02-21 19:03:29+01:00,37,17,20
2019-02-21 19:14:24+01:00,1,1,0
2019-02-21 22:43:15+01:00,2,2,0
2019-02-22 01:48:35+01:00,65,21,44
2019-02-22 10:24:23+01:00,756,752,4
2019-02-22 13:30:08+01:00,1,1,0
2019-02-22 15:27:40+02:00,1,1,0
2019-02-22 17:37:59+03:00,21,2,19
2019-02-22 16:56:05+01:00,21,2,19
2019-02-22 19:33:05+03:00,1,1,0
2019-02-22 19:02:31+01:00,727,704,23
2019-02-22 19:08:33+01:00,1,1,0
2019-02-22 19:22:48+01:00,3,3,0
2019-02-22 20:31:24+01:00,1016,749,267
2019-02-22 21:13:08+01:00,1,1,0
2019-02-22 21:16:31+01:00,4,1,3
2019-02-23 13:32:04+01:00,1,1,0
2019-02-23 16:03:15+01:00,18,12,6
2019-02-23 16:21:52+01:00,1,1,0
2019-02-23 16:28:13+01:00,2,2,0
2019-02-23 16:28:37+01:00,1,1,0
2019-02-23 17:05:36+01:00,1,1,0
2019-02-23 19:23:40+01:00,119,114,5
2019-02-24 13:19:01+03:00,118,79,39
2019-02-24 13:29:22+01:00,33,4,29
2019-02-24 13:32:05+01:00,1,1,0
2019-02-24 13:32:06+01:00,1,1,0
2019-02-24 13:50:39+01:00,139,63,76
2019-02-24 13:50:54+01:00,2,2,0
2019-02-24 17:35:49+01:00,118,79,39
2019-02-24 19:30:05+01:00,27,0,27
2019-02-24 19:35:29+01:00,12,14,-2
2019-02-24 19:41:47+01:00,2,2,0
2019-02-24 19:59:45+01:00,70,57,13
2019-02-24 20:01:20+01:00,1,1,0
2019-02-24 20:08:27+01:00,39,25,14
2019-02-24 20:13:38+01:00,1,1,0
2019-02-24 20:18:41+01:00,3,4,-1
2019-02-25 13:32:04+01:00,1,1,0
2019-02-25 15:27:56+01:00,1,1,0
2019-02-25 20:00:17+01:00,60,14,46
2019-02-26 10:17:21+01:00,77,17,60
2019-02-26 13:32:03+01:00,1,1,0
2019-02-26 13:32:04+01:00,1,1,0
2019-02-26 15:46:02+01:00,2,2,0
2019-02-26 19:26:23+01:00,152,101,51
2019-02-26 19:27:28+01:00,3,18,-15
2019-02-26 19:27:28+01:00,0,2,-2
2019-02-26 19:27:28+01:00,7,62,-55
2019-02-26 21:01:50+01:00,1,1,0
2019-02-27 06:31:27+03:00,77,77,0
2019-02-27 10:33:10+01:00,11,83,-72
2019-02-27 11:18:23+01:00,77,77,0
2019-02-27 13:35:06+03:00,11,9,2
2019-02-27 11:50:29+01:00,11,9,2
2019-02-27 13:32:04+01:00,1,1,0
2019-02-27 13:32:05+01:00,1,1,0
2019-02-27 14:33:34+01:00,2,2,0
2019-02-27 17:51:00+01:00,1,1,0
2019-02-28 13:32:06+01:00,1,1,0
2019-02-28 16:34:22+01:00,1,1,0
2019-03-01 01:26:29+03:00,45,40,5
2019-03-01 02:13:16+03:00,12,12,0
2019-03-01 13:32:06+01:00,1,1,0
2019-03-01 13:32:07+01:00,1,1,0
2019-03-01 14:10:20+01:00,2,2,0
2019-03-02 13:32:03+01:00,1,1,0
2019-03-02 13:32:04+01:00,1,1,0
2019-03-02 16:47:42+01:00,2,2,0
2019-03-02 17:24:28+01:00,30,8,22
2019-03-02 17:24:48+01:00,8,9,-1
2019-03-02 18:53:42+01:00,117,15,102
2019-03-02 18:55:40+01:00,698,537,161
2019-03-03 00:35:25+01:00,0,89,-89
2019-03-03 12:57:16+01:00,1,1,0
2019-03-03 13:32:03+01:00,1,1,0
2019-03-03 13:37:54+01:00,4,2,2
2019-03-03 13:41:51+01:00,3,7,-4
2019-03-03 15:15:52+01:00,1,1,0
2019-03-03 15:31:48+01:00,11,0,11
2019-03-03 15:38:31+01:00,150,18,132
2019-03-04 07:24:05+01:00,13,11,2
2019-03-04 07:24:41+01:00,70,70,0
2019-03-04 07:24:49+01:00,1,1,0
2019-03-04 11:05:12+03:00,32,2,30
2019-03-04 12:14:26+01:00,32,2,30
2019-03-04 13:32:05+01:00,1,1,0
2019-03-04 16:18:20+01:00,1,1,0
2019-03-04 23:44:44+03:00,16,16,0
2019-03-05 06:22:36+01:00,16,16,0
2019-03-05 06:43:28+01:00,7,2,5
2019-03-05 09:40:05+01:00,91,84,7
2019-03-05 12:44:06+03:00,1,1,0
2019-03-05 14:09:26+03:00,40,24,16
2019-03-05 14:11:40+03:00,95,52,43
2019-03-05 14:29:55+03:00,1,0,1
2019-03-05 13:33:05+01:00,1,1,0
2019-03-05 13:33:06+01:00,1,1,0
2019-03-05 14:56:05+01:00,2,2,0
2019-03-06 01:21:38+03:00,1,1,0
2019-03-06 06:17:04+01:00,138,78,60
2019-03-06 13:33:04+01:00,1,1,0
2019-03-06 14:17:38+01:00,1,1,0
2019-03-06 20:55:40+03:00,1,1,0
2019-03-06 19:09:37+01:00,1,1,0
2019-03-06 19:55:34+01:00,30,5,25
2019-03-06 21:37:52+01:00,21,11,10
2019-03-07 10:05:46+01:00,30,5,25
2019-03-07 13:33:07+01:00,1,1,0
2019-03-07 14:08:36+01:00,1,1,0
2019-03-08 13:33:06+01:00,1,1,0
2019-03-08 14:21:40+01:00,1,1,0
2019-03-08 20:18:45+03:00,1,1,0
2019-03-08 19:31:54+01:00,1,1,0
2019-03-08 22:24:55+03:00,1,0,1
2019-03-08 20:39:06+01:00,1,0,1
2019-03-08 21:17:12+01:00,1,1,0
2019-03-08 21:26:21+01:00,3,0,3
2019-03-08 21:37:15+01:00,5,3,2
2019-03-08 21:54:40+01:00,2,4,-2
2019-03-08 22:15:03+01:00,7,2,5
2019-03-08 22:19:44+01:00,27,12,15
2019-03-09 13:32:07+01:00,1,1,0
2019-03-09 13:32:08+01:00,1,1,0
2019-03-09 19:19:53+01:00,2,2,0
2019-03-09 19:22:20+01:00,3,3,0
2019-03-09 19:23:34+01:00,4,1,3
2019-03-09 20:13:35+01:00,5,1,4
2019-03-09 20:30:56+01:00,1,1,0
2019-03-10 13:32:05+01:00,1,1,0
2019-03-10 13:32:06+01:00,1,1,0
2019-03-10 13:54:02+01:00,2,2,0
2019-03-10 15:54:46+01:00,1,0,1
2019-03-10 17:11:28+01:00,66,0,66
2019-03-10 21:04:38+03:00,95,11,84
2019-03-11 13:32:04+01:00,1,1,0
2019-03-11 15:38:00+03:00,17,7,10
2019-03-11 14:20:19+01:00,1,1,0
2019-03-11 19:49:03+01:00,5,1,4
2019-03-11 20:20:51+01:00,22,5,17
2019-03-11 20:22:51+01:00,70,65,5
2019-03-11 20:30:16+01:00,56,4,52
2019-03-11 20:30:36+01:00,2,2,0
2019-03-12 07:06:42+01:00,3,0,3
2019-03-12 11:46:15+01:00,132,58,74
2019-03-12 11:48:29+01:00,3,0,3
2019-03-12 12:32:10+01:00,174,78,96
2019-03-12 13:03:29+01:00,26,0,26
2019-03-12 13:09:27+01:00,2,2,0
2019-03-12 13:10:59+01:00,1,3,-2
2019-03-12 13:32:05+01:00,1,1,0
2019-03-12 14:10:21+01:00,1,1,0
2019-03-12 15:35:44+01:00,31,4,27
2019-03-12 15:43:53+01:00,15,12,3
2019-03-12 15:46:21+01:00,2,1,1
2019-03-12 15:48:30+01:00,3,0,3
2019-03-12 16:31:22+01:00,1,1,0
2019-03-12 16:31:22+01:00,6,1,5
2019-03-12 16:31:22+01:00,1,7,-6
2019-03-12 16:31:22+01:00,4,4,0
2019-03-12 16:31:22+01:00,8,8,0
2019-03-12 16:31:22+01:00,1,1,0
2019-03-12 16:31:22+01:00,13,11,2
2019-03-12 16:31:22+01:00,161,191,-30
2019-03-12 16:31:22+01:00,1,1,0
2019-03-12 16:31:22+01:00,6,7,-1
2019-03-12 16:31:22+01:00,3,0,3
2019-03-12 16:31:22+01:00,1,1,0
2019-03-12 16:31:22+01:00,22,0,22
2019-03-12 16:31:22+01:00,2,1,1
2019-03-12 16:31:22+01:00,5,22,-17
2019-03-12 16:31:22+01:00,29,4,25
2019-03-12 16:31:22+01:00,0,1,-1
2019-03-12 16:31:22+01:00,2,2,0
2019-03-12 16:35:32+01:00,4,4,0
2019-03-12 16:37:30+01:00,5,1,4
2019-03-12 16:39:13+01:00,2,1,1
2019-03-12 16:54:59+01:00,1,0,1
2019-03-12 17:54:16+01:00,5,4,1
2019-03-12 19:37:43+01:00,3,2,1
2019-03-12 19:37:58+01:00,1,1,0
2019-03-12 21:54:52+01:00,1,0,1
2019-03-12 21:55:00+01:00,37,32,5
2019-03-12 21:55:18+01:00,1,1,0
2019-03-12 22:01:19+01:00,37,35,2
2019-03-13 13:32:04+01:00,1,1,0
2019-03-13 13:32:06+01:00,1,1,0
2019-03-13 14:33:10+01:00,2,2,0
2019-03-13 19:41:58+01:00,3,2,1
2019-03-13 19:52:32+01:00,16,7,9
2019-03-13 20:08:51+01:00,1,1,0
2019-03-13 20:18:49+01:00,1,0,1
2019-03-14 06:22:18+01:00,256,249,7
2019-03-14 06:42:27+01:00,12,12,0
2019-03-14 07:51:07+01:00,15,14,1
2019-03-14 07:56:21+01:00,294,273,21
2019-03-14 09:00:28+01:00,1,1,0
2019-03-14 09:01:03+01:00,62,31,31
2019-03-14 09:04:41+01:00,0,23,-23
2019-03-14 09:26:31+01:00,5,12,-7
2019-03-14 13:32:05+01:00,1,1,0
2019-03-14 13:32:09+01:00,1,1,0
2019-03-14 19:36:41+01:00,2,2,0
2019-03-14 22:48:42+01:00,2,1,1
2019-03-15 06:11:53+01:00,2,1,1
2019-03-15 13:32:05+01:00,1,1,0
2019-03-15 13:46:13+01:00,1,1,0
2019-03-15 19:50:38+01:00,2,2,0
2019-03-16 08:15:09+01:00,2,2,0
2019-03-16 10:38:25+01:00,14,9,5
2019-03-16 10:38:32+01:00,1,1,0
2019-03-16 10:43:56+01:00,153,18,135
2019-03-16 11:04:24+01:00,3,0,3
2019-03-16 11:07:16+01:00,2,0,2
2019-03-16 12:44:17+01:00,5,0,5
2019-03-16 13:24:10+01:00,28,8,20
2019-03-16 13:32:26+01:00,25,0,25
2019-03-16 13:46:04+01:00,105,11,94
2019-03-16 17:28:28+01:00,20,0,20
2019-03-16 17:28:28+01:00,67,0,67
2019-03-16 17:28:28+01:00,15,33,-18
2019-03-16 17:28:28+01:00,1,15,-14
2019-03-16 17:50:57+01:00,22,1,21
2019-03-16 19:15:20+01:00,1,0,1
2019-03-16 19:51:39+01:00,13,13,0
2019-03-16 19:54:16+01:00,15,10,5
2019-03-16 19:54:34+01:00,2,0,2
2019-03-16 20:04:39+01:00,6,6,0
2019-03-16 20:04:55+01:00,34,9,25
2019-03-16 20:14:45+01:00,7,7,0
2019-03-16 21:00:16+01:00,13,13,0
2019-03-16 21:16:59+01:00,120,43,77
2019-03-17 11:27:01+01:00,2,2,0
2019-03-17 13:12:04+01:00,5,4,1
2019-03-17 13:19:24+01:00,7,1,6
2019-03-17 13:27:32+01:00,11,11,0
2019-03-17 13:32:05+01:00,1,1,0
2019-03-17 15:25:28+01:00,1,1,0
2019-03-17 15:28:04+01:00,5,3,2
2019-03-17 15:39:05+01:00,2,3,-1
2019-03-17 16:01:34+01:00,17,0,17
2019-03-17 16:02:13+01:00,4,1,3
2019-03-17 16:03:44+01:00,5,4,1
2019-03-17 16:04:09+01:00,10,13,-3
2019-03-17 16:04:09+01:00,0,4,-4
2019-03-17 16:04:09+01:00,5,5,0
2019-03-17 16:04:09+01:00,2,3,-1
2019-03-17 16:04:09+01:00,1,1,0
2019-03-17 16:04:09+01:00,2,2,0
2019-03-17 16:04:09+01:00,2,5,-3
2019-03-17 16:04:09+01:00,0,29,-29
2019-03-17 16:14:49+01:00,4,30,-26
2019-03-17 16:26:38+01:00,19,6,13
2019-03-17 18:18:35+01:00,4,2,2
2019-03-17 18:18:44+01:00,32,38,-6
2019-03-17 18:24:29+01:00,1,1,0
2019-03-17 19:35:25+01:00,24,0,24
2019-03-17 19:36:02+01:00,41,1,40
2019-03-17 19:36:25+01:00,25,10,15
2019-03-17 21:58:12+01:00,4,30,-26
2019-03-18 06:27:44+01:00,1,1,0
2019-03-18 06:29:08+01:00,2,2,0
2019-03-18 09:00:47+01:00,90,11,79
2019-03-18 13:32:05+01:00,1,1,0
2019-03-18 13:50:35+01:00,1,1,0
2019-03-18 19:40:32+01:00,53,8,45
2019-03-19 13:32:04+01:00,1,1,0
2019-03-19 13:32:05+01:00,1,1,0
2019-03-19 13:49:46+01:00,2,2,0
2019-03-19 20:51:27+03:00,45,40,5
2019-03-19 20:52:35+03:00,12,12,0
2019-03-20 13:35:05+01:00,1,1,0
2019-03-20 13:35:07+01:00,1,1,0
2019-03-20 14:18:38+01:00,2,2,0
2019-03-20 18:38:10+01:00,15,7,8
2019-03-20 19:31:02+01:00,57,52,5
2019-03-20 19:44:59+01:00,3,3,0
2019-03-20 23:57:49+03:00,1,0,1
2019-03-21 06:03:12+01:00,1,0,1
2019-03-21 06:14:43+01:00,1,3,-2
2019-03-21 06:22:48+01:00,207,103,104
2019-03-21 06:34:31+01:00,46,92,-46
2019-03-22 13:35:06+01:00,1,1,0
2019-03-22 15:30:33+01:00,1,1,0
2019-03-22 20:16:54+03:00,171,136,35
2019-03-22 21:49:19+03:00,4,1,3
2019-03-22 22:03:15+03:00,2,2,0
2019-03-22 23:41:48+03:00,2,1,1
2019-03-23 00:20:20+03:00,56,51,5
2019-03-23 13:35:03+01:00,1,1,0
2019-03-23 13:52:00+01:00,1,1,0
2019-03-23 14:50:18+01:00,9,6,3
2019-03-23 15:00:07+01:00,27,20,7
2019-03-23 15:24:11+01:00,3,3,0
2019-03-23 16:44:58+01:00,24,28,-4
2019-03-23 16:46:03+01:00,4,7,-3
2019-03-23 16:48:17+01:00,8,8,0
2019-03-23 16:51:36+01:00,5,5,0
2019-03-23 19:18:10+01:00,8,14,-6
2019-03-23 19:37:17+01:00,6,6,0
2019-03-23 19:40:52+01:00,6,6,0
2019-03-23 19:43:23+01:00,10,10,0
2019-03-23 20:05:27+01:00,16,16,0
2019-03-23 20:40:07+01:00,10,6,4
2019-03-24 13:35:03+01:00,1,1,0
2019-03-24 14:20:24+01:00,1,1,0
2019-03-24 15:06:17+01:00,5,3,2
2019-03-24 15:13:03+01:00,3,3,0
2019-03-24 15:13:17+01:00,47,33,14
2019-03-24 15:37:58+01:00,1,1,0
2019-03-24 16:08:48+01:00,28,1,27
2019-03-24 16:09:04+01:00,4,0,4
2019-03-24 16:09:20+01:00,31,1,30
2019-03-24 16:16:39+01:00,17,0,17
2019-03-24 16:28:14+01:00,10,6,4
2019-03-24 16:29:58+01:00,5,4,1
2019-03-24 16:30:11+01:00,10,2,8
2019-03-24 16:33:21+01:00,3,2,1
2019-03-24 17:06:46+01:00,50,36,14
2019-03-24 17:08:52+01:00,13,19,-6
2019-03-24 17:13:03+01:00,15,9,6
2019-03-24 19:44:52+01:00,1,1,0
2019-03-24 19:49:49+01:00,9,1,8
2019-03-24 22:36:33+01:00,38,0,38
2019-03-24 22:56:42+01:00,12,17,-5
2019-03-25 09:44:12+01:00,104,4,100
2019-03-25 09:48:41+01:00,5,5,0
2019-03-25 10:16:09+01:00,105,6,99
2019-03-25 10:25:07+01:00,4,3,1
2019-03-25 13:36:04+01:00,1,1,0
2019-03-25 13:36:06+01:00,1,1,0
2019-03-25 14:20:01+01:00,2,2,0
2019-03-25 17:45:03+03:00,199,185,14
2019-03-25 19:26:51+01:00,8,2,6
2019-03-25 19:26:51+01:00,2,0,2
2019-03-25 19:26:51+01:00,9,3,6
2019-03-25 19:31:10+01:00,4,4,0
2019-03-25 19:40:21+01:00,6,2,4
2019-03-25 19:49:58+01:00,5,3,2
2019-03-25 23:57:14+01:00,6,7,-1
2019-03-25 23:57:14+01:00,9,4,5
2019-03-25 23:58:02+01:00,0,6,-6
2019-03-26 00:49:39+01:00,5,8,-3
2019-03-26 11:07:02+03:00,20,12,8
2019-03-26 11:07:24+03:00,228,129,99
2019-03-26 12:42:19+03:00,8,6,2
2019-03-26 12:45:19+03:00,3,1,2
2019-03-26 13:37:03+01:00,1,1,0
2019-03-26 14:30:40+01:00,1,1,0
2019-03-26 18:34:50+03:00,3,3,0
2019-03-26 18:53:16+01:00,1,1,0
2019-03-27 10:29:54+01:00,6,2,4
2019-03-27 10:51:13+01:00,1,1,0
2019-03-27 12:43:59+01:00,25,9,16
2019-03-27 12:54:00+01:00,15,0,15
2019-03-27 12:59:59+01:00,1,1,0
2019-03-27 12:38:05+00:00,1,1,0
2019-03-27 14:02:37+01:00,33,3,30
2019-03-27 14:04:33+01:00,4,2,2
2019-03-27 14:15:51+01:00,1,1,0
2019-03-27 16:04:05+01:00,44,3,41
2019-03-27 16:58:53+01:00,1,0,1
2019-03-27 18:19:42+01:00,3,3,0
2019-03-27 20:51:55+01:00,23,1,22
2019-03-27 21:12:57+01:00,23,13,10
2019-03-27 21:20:09+01:00,1,1,0
2019-03-27 21:22:25+01:00,2,2,0
2019-03-27 21:32:56+01:00,2,1,1
2019-03-27 21:39:17+01:00,3,4,-1
2019-03-27 22:00:46+01:00,6,0,6
2019-03-28 06:22:02+01:00,30,13,17
2019-03-28 06:22:38+01:00,129,7,122
2019-03-28 11:10:21+03:00,390,117,273
2019-03-28 12:09:07+01:00,10,3,7
2019-03-28 12:38:05+00:00,1,1,0
2019-03-28 14:45:56+01:00,1,1,0
2019-03-28 16:21:49+01:00,3,8,-5
2019-03-28 16:26:59+01:00,0,3,-3
2019-03-28 19:37:50+01:00,5,5,0
2019-03-28 19:45:48+01:00,28,13,15
2019-03-28 20:44:24+01:00,143,76,67
2019-03-28 21:18:26+01:00,15,3,12
2019-03-29 08:08:29+01:00,4,4,0
2019-03-29 12:38:05+00:00,1,1,0
2019-03-29 15:16:53+01:00,1,1,0
2019-03-29 20:13:15+01:00,23,1,22
2019-03-29 20:16:41+01:00,2,2,0
2019-03-29 20:16:52+01:00,18,0,18
2019-03-29 20:19:40+01:00,10,6,4
2019-03-30 02:19:43+03:00,9,5,4
2019-03-30 12:38:03+00:00,1,1,0
2019-03-30 13:47:21+01:00,2,2,0
2019-03-30 13:47:30+01:00,1,13,-12
2019-03-30 13:48:03+01:00,2,53,-51
2019-03-30 13:48:30+01:00,1,2,-1
2019-03-30 13:53:43+01:00,1,1,0
2019-03-30 23:33:52+03:00,1,1,0
2019-03-31 13:15:35+02:00,13,3,10
2019-03-31 13:20:25+02:00,1,1,0
2019-03-31 13:30:22+02:00,2,2,0
2019-03-31 13:47:42+02:00,25,3,22
2019-03-31 12:38:03+00:00,1,1,0
2019-03-31 12:38:04+00:00,1,1,0
2019-03-31 14:58:16+02:00,2,2,0
2019-03-31 15:38:25+02:00,0,1,-1
2019-03-31 15:39:41+02:00,23,18,5
2019-03-31 15:40:43+02:00,4,0,4
2019-03-31 15:41:10+02:00,38,37,1
2019-03-31 15:45:22+02:00,7,0,7
2019-03-31 15:51:45+02:00,18,8,10
2019-03-31 16:05:40+02:00,38,1,37
2019-03-31 19:41:17+02:00,1,1,0
2019-03-31 19:56:01+02:00,20,0,20
2019-03-31 23:39:55+03:00,14,31,-17
2019-04-01 12:50:47+02:00,2,2,0
2019-04-01 12:52:49+02:00,6,70,-64
2019-04-01 12:55:19+02:00,52,8,44
2019-04-01 14:08:03+03:00,2,1,1
2019-04-01 14:08:41+03:00,4,9,-5
2019-04-01 12:38:06+00:00,1,1,0
2019-04-01 12:38:07+00:00,1,1,0
2019-04-01 16:03:31+02:00,2,2,0
2019-04-01 19:13:45+02:00,18,6,12
2019-04-01 20:23:13+03:00,1,1,0
2019-04-01 19:25:13+02:00,35,35,0
2019-04-01 20:45:59+03:00,3,0,3
2019-04-01 21:36:53+03:00,3,2,1
2019-04-02 07:12:48+02:00,13,21,-8
2019-04-02 12:23:08+02:00,143,68,75
2019-04-02 12:38:06+00:00,1,1,0
2019-04-02 16:37:58+02:00,1,1,0
2019-04-02 18:25:17+02:00,8,0,8
2019-04-02 18:31:03+02:00,2,1,1
2019-04-02 18:45:18+02:00,7,6,1
2019-04-02 18:57:06+02:00,2,2,0
2019-04-02 20:00:58+02:00,4,2,2
2019-04-02 20:08:10+02:00,6,1,5
2019-04-02 20:15:01+02:00,59,40,19
2019-04-02 21:57:52+03:00,11,1,10
2019-04-02 22:36:30+03:00,64,107,-43
2019-04-03 00:50:33+03:00,458,280,178
2019-04-03 00:55:59+03:00,36,78,-42
2019-04-03 14:03:28+02:00,19,11,8
2019-04-03 14:07:33+02:00,2,2,0
2019-04-03 14:14:47+02:00,8,10,-2
2019-04-03 14:31:00+02:00,6,6,0
2019-04-03 12:38:06+00:00,1,1,0
2019-04-03 12:38:07+00:00,1,1,0
2019-04-03 15:32:15+02:00,2,2,0
2019-04-03 16:28:44+02:00,9,1,8
2019-04-03 19:27:14+02:00,17,11,6
2019-04-03 19:29:44+02:00,4,4,0
2019-04-03 19:31:24+02:00,9,1,8
2019-04-03 19:51:46+02:00,5,5,0
2019-04-03 19:53:10+02:00,9,8,1
2019-04-03 20:04:04+02:00,3,4,-1
2019-04-03 20:28:03+02:00,5,3,2
2019-04-03 20:32:38+02:00,19,18,1
2019-04-03 20:35:37+02:00,4,4,0
2019-04-03 21:09:36+02:00,5,3,2
2019-04-03 22:14:42+03:00,3,1,2
2019-04-04 11:19:15+02:00,343,260,83
2019-04-04 12:06:45+02:00,3,3,0
2019-04-04 14:13:00+02:00,3,3,0
2019-04-04 12:38:05+00:00,1,1,0
2019-04-04 12:38:06+00:00,1,1,0
2019-04-04 14:56:55+02:00,2,2,0
2019-04-04 17:13:54+02:00,63,31,32
2019-04-04 17:15:51+02:00,1,1,0
2019-04-04 17:17:21+02:00,2,3,-1
2019-04-04 17:23:21+02:00,15,1,14
2019-04-04 19:44:03+02:00,11,2,9
2019-04-04 20:56:40+03:00,52,42,10
2019-04-04 20:23:10+02:00,2,1,1
2019-04-04 21:39:38+03:00,2,3,-1
2019-04-04 20:53:28+02:00,6,4,2
2019-04-04 21:05:26+02:00,3,5,-2
2019-04-04 21:15:28+02:00,6,6,0
2019-04-05 06:47:03+02:00,18,20,-2
2019-04-05 06:49:15+02:00,2,4,-2
2019-04-05 06:51:16+02:00,5,4,1
2019-04-05 07:28:57+02:00,68,41,27
2019-04-05 16:48:14+03:00,25,1,24
2019-04-05 19:21:30+02:00,25,28,-3
2019-04-05 19:46:43+02:00,4,4,0
2019-04-05 19:49:02+02:00,1,4,-3
2019-04-05 19:53:15+02:00,1,2,-1
2019-04-05 20:20:16+02:00,15,5,10
2019-04-05 20:20:41+02:00,1,1,0
2019-04-05 20:23:15+02:00,549,406,143
2019-04-05 20:30:54+02:00,4,0,4
2019-04-05 20:40:44+02:00,1,1,0
2019-04-05 23:16:27+03:00,99,75,24
2019-04-06 12:38:04+00:00,1,1,0
2019-04-06 14:57:54+02:00,1,1,0
2019-04-06 19:58:45+02:00,10,7,3
2019-04-06 21:11:14+03:00,63,0,63
2019-04-06 20:11:41+02:00,7,9,-2
2019-04-06 20:27:03+02:00,1,1,0
2019-04-06 20:32:15+02:00,15,14,1
2019-04-06 20:32:44+02:00,110,45,65
2019-04-06 23:36:55+03:00,15,0,15
2019-04-07 00:22:02+03:00,4,8,-4
2019-04-07 10:31:03+03:00,4,26,-22
2019-04-07 12:52:13+02:00,64,44,20
2019-04-07 14:05:41+03:00,24,0,24
2019-04-07 14:07:26+03:00,3,4,-1
2019-04-07 12:38:05+00:00,1,1,0
2019-04-07 16:28:53+03:00,83,83,0
2019-04-07 19:17:31+02:00,1,1,0
2019-04-08 04:23:29+03:00,24,2,22
2019-04-08 04:42:28+03:00,8,8,0
2019-04-08 11:19:45+03:00,2,2,0
2019-04-08 11:20:15+03:00,5,5,0
2019-04-08 12:39:06+00:00,1,1,0
2019-04-08 16:30:12+02:00,1,1,0
2019-04-08 19:59:30+02:00,12,2,10
2019-04-08 19:59:54+02:00,38,2,36
2019-04-08 20:26:36+02:00,83,83,0
2019-04-09 12:27:35+03:00,71,50,21
2019-04-09 12:38:06+00:00,1,1,0
2019-04-09 16:59:48+02:00,1,1,0
2019-04-10 06:59:10+02:00,7,2,5
2019-04-10 10:30:49+02:00,55,4,51
2019-04-10 12:38:05+00:00,1,1,0
2019-04-10 14:55:59+02:00,1,1,0
2019-04-11 00:07:27+03:00,2,3,-1
2019-04-11 00:15:17+03:00,8,0,8
2019-04-11 00:59:53+03:00,17,15,2
2019-04-11 12:38:06+00:00,1,1,0
2019-04-11 15:52:05+02:00,1,1,0
2019-04-11 18:07:51+03:00,148,0,148
2019-04-11 22:22:33+03:00,28,17,11
2019-04-12 07:05:00+02:00,4,0,4
2019-04-12 07:05:15+02:00,2,1,1
2019-04-12 10:54:28+03:00,13,15,-2
2019-04-12 10:45:56+02:00,6,1,5
2019-04-12 10:48:02+02:00,13,15,-2
2019-04-12 12:39:05+00:00,1,1,0
2019-04-12 15:05:41+02:00,1,1,0
2019-04-13 12:39:05+00:00,1,1,0
2019-04-13 15:59:48+02:00,1,1,0
2019-04-14 10:17:06+02:00,5,3,2
2019-04-14 10:34:27+02:00,28,2,26
2019-04-14 10:40:57+02:00,25,15,10
2019-04-14 13:13:28+02:00,1,1,0
2019-04-14 15:53:37+02:00,64,0,64
2019-04-14 15:57:44+02:00,1,2,-1
2019-04-15 12:39:05+00:00,1,1,0
2019-04-15 12:39:06+00:00,1,1,0
2019-04-15 12:39:08+00:00,1,1,0
2019-04-15 15:20:33+02:00,3,3,0
2019-04-15 19:44:53+02:00,1,2,-1
2019-04-15 19:45:21+02:00,1,1,0
2019-04-16 12:39:04+00:00,1,1,0
2019-04-16 12:39:05+00:00,1,1,0
2019-04-16 12:39:06+00:00,1,1,0
2019-04-16 12:39:07+00:00,1,1,0
2019-04-16 12:39:09+00:00,1,1,0
2019-04-16 12:39:12+00:00,1,1,0
2019-04-16 15:25:34+02:00,6,6,0
2019-04-16 19:41:02+02:00,0,15,-15
2019-04-16 19:51:42+02:00,5,2,3
2019-04-16 19:51:56+02:00,27,3,24
2019-04-16 19:54:24+02:00,2,1,1
2019-04-16 20:25:48+02:00,21,6,15
2019-04-17 12:40:07+00:00,1,1,0
2019-04-17 12:40:09+00:00,1,1,0
2019-04-17 12:40:10+00:00,1,1,0
2019-04-17 15:03:20+02:00,3,3,0
2019-04-17 17:24:56+02:00,21,6,15
2019-04-17 17:31:21+02:00,34,21,13
2019-04-18 08:07:43+02:00,1,1,0
2019-04-18 12:40:07+00:00,1,1,0
2019-04-18 12:40:08+00:00,1,1,0
2019-04-18 12:40:10+00:00,1,1,0
2019-04-18 12:40:11+00:00,1,1,0
2019-04-18 12:40:16+00:00,1,1,0
2019-04-18 15:51:26+02:00,5,5,0
2019-04-19 06:43:12+02:00,18,4,14
2019-04-19 06:51:08+02:00,66,44,22
2019-04-19 12:40:05+00:00,1,1,0
2019-04-19 12:40:06+00:00,1,1,0
2019-04-19 15:41:40+02:00,2,2,0
2019-04-19 15:57:07+02:00,4638,2634,2004
2019-04-19 16:01:26+02:00,1,1,0
2019-04-20 09:25:20+02:00,1,1,0
2019-04-20 12:50:10+02:00,6,4,2
2019-04-20 12:40:05+00:00,1,1,0
2019-04-20 12:40:06+00:00,1,1,0
2019-04-20 12:40:07+00:00,1,1,0
2019-04-20 19:40:59+02:00,3,3,0
2019-04-20 21:08:11+02:00,6,4,2
2019-04-21 12:41:04+00:00,1,1,0
2019-04-21 12:41:05+00:00,1,1,0
2019-04-21 15:04:29+02:00,2,2,0
2019-04-21 13:49:07-03:00,4,0,4
2019-04-21 14:54:24-03:00,1,1,0
2019-04-22 01:10:01+03:00,12,2,10
2019-04-22 13:14:46+02:00,12,2,10
2019-04-22 13:31:07+02:00,30,1,29
2019-04-22 13:36:14+02:00,1,0,1
2019-04-22 13:44:40+02:00,35,1,34
2019-04-22 12:41:06+00:00,1,1,0
2019-04-22 12:41:07+00:00,1,1,0
2019-04-22 12:41:08+00:00,1,1,0
2019-04-22 16:04:40+02:00,3,3,0
2019-04-22 21:24:45+03:00,205,74,131
2019-04-22 22:11:56+03:00,36,13,23
2019-04-23 00:52:07+03:00,41,23,18
2019-04-23 09:49:24+03:00,3,0,3
2019-04-23 12:41:12+00:00,1,1,0
2019-04-23 12:41:13+00:00,1,1,0
2019-04-23 12:41:14+00:00,1,1,0
2019-04-23 12:41:16+00:00,1,1,0
2019-04-23 15:05:01+02:00,4,4,0
2019-04-23 20:07:57+02:00,241,87,154
2019-04-23 20:11:04+02:00,3,0,3
2019-04-23 21:18:52+03:00,24,1,23
2019-04-23 21:25:36+03:00,2,3,-1
2019-04-23 21:34:38+03:00,239,90,149
2019-04-23 21:58:27+03:00,248,107,141
2019-04-23 22:03:41+03:00,1,1,0
2019-04-23 22:16:24+03:00,8,5,3
2019-04-24 07:10:02+02:00,28,18,10
2019-04-24 09:30:59+02:00,9,65,-56
2019-04-24 10:31:03+03:00,28,3,25
2019-04-24 09:31:13+02:00,2,0,2
2019-04-24 10:35:04+03:00,1,1,0
2019-04-24 10:38:50+03:00,1,1,0
2019-04-24 09:48:25+02:00,16,54,-38
2019-04-24 09:51:04+02:00,457,209,248
2019-04-24 09:55:53+02:00,1,1,0
2019-04-24 11:25:15+03:00,1,1,0
2019-04-24 12:19:07+02:00,36,12,24
2019-04-24 12:20:39+02:00,102,14,88
2019-04-24 14:04:12+02:00,9,27,-18
2019-04-24 14:07:55+02:00,1,1,0
2019-04-24 12:41:08+00:00,1,1,0
2019-04-24 12:41:09+00:00,1,1,0
2019-04-24 15:18:07+02:00,2,2,0
2019-04-24 20:44:36+02:00,10,3,7
2019-04-24 21:02:05+02:00,29,31,-2
2019-04-24 21:12:08+02:00,23,31,-8
2019-04-24 21:12:23+02:00,5,4,1
2019-04-24 21:13:57+02:00,21,22,-1
2019-04-24 21:24:00+02:00,25,42,-17
2019-04-24 21:27:32+02:00,6,36,-30
2019-04-24 21:32:33+02:00,10,6,4
2019-04-24 21:56:24+02:00,19,2,17
2019-04-24 22:08:56+02:00,1,1,0
2019-04-24 22:17:20+02:00,1,1,0
2019-04-24 22:20:05+02:00,1,1,0
2019-04-24 22:30:59+02:00,9,27,-18
2019-04-24 22:40:52+02:00,19,2,17
2019-04-25 11:11:04+03:00,28,6,22
2019-04-26 12:42:07+00:00,1,1,0
2019-04-26 19:16:56+02:00,1,1,0
2019-04-26 19:50:18+02:00,1,1,0
2019-04-26 19:51:57+02:00,4,6,-2
2019-04-26 19:57:09+02:00,6,6,0
2019-04-26 19:59:05+02:00,1,2,-1
2019-04-27 09:12:27+02:00,9,12,-3
2019-04-27 12:42:05+00:00,1,1,0
2019-04-27 16:55:01+02:00,1,1,0
2019-04-29 12:42:12+00:00,1,1,0
2019-04-29 15:54:40+02:00,1,1,0
2019-04-30 06:23:14+02:00,6,3,3
2019-04-30 06:25:02+02:00,10,5,5
2019-04-30 10:29:49+03:00,1,1,0
2019-04-30 12:13:40+02:00,89,135,-46
2019-04-30 12:42:06+00:00,1,1,0
2019-04-30 19:47:55+03:00,6,6,0
2019-04-30 19:31:23+02:00,7,7,0
2019-04-30 19:32:03+02:00,15,8,7
2019-04-30 19:34:08+02:00,1,1,0
2019-05-01 12:42:25+02:00,15,8,7
2019-05-01 12:54:36+02:00,121,163,-42
2019-05-01 12:55:32+02:00,28,6,22
2019-05-01 15:27:58+03:00,18,1,17
2019-05-01 14:43:05+02:00,1,1,0
2019-05-01 15:55:56+03:00,1,0,1
2019-05-01 15:09:46+02:00,1,1,0
2019-05-01 16:22:52+02:00,4,4,0
2019-05-01 16:47:22+02:00,16,8,8
2019-05-02 09:36:13+02:00,19,1,18
2019-05-02 12:43:05+00:00,1,1,0
2019-05-02 19:06:39+02:00,1,1,0
2019-05-03 12:43:08+00:00,1,1,0
2019-05-03 12:43:09+00:00,1,1,0
2019-05-03 16:48:07+03:00,119,86,33
2019-05-03 16:58:51+03:00,16,12,4
2019-05-04 00:09:48+02:00,2,2,0
2019-05-04 09:10:25+02:00,5,1,4
2019-05-04 12:42:04+00:00,1,1,0
2019-05-04 15:38:57+02:00,1,1,0
2019-05-05 14:07:08+02:00,21,15,6
2019-05-06 00:30:21+03:00,1,1,0
2019-05-06 06:55:12+02:00,9,8,1
2019-05-06 06:56:07+02:00,13,4,9
2019-05-06 06:58:17+02:00,68,2,66
2019-05-06 12:42:06+00:00,1,1,0
2019-05-06 14:57:10+02:00,1,1,0
2019-05-06 18:27:05+03:00,23,16,7
2019-05-07 14:03:58+02:00,106,24,82
2019-05-07 14:04:50+02:00,5,1,4
2019-05-07 12:42:07+00:00,1,1,0
2019-05-07 12:42:10+00:00,1,1,0
2019-05-07 15:53:00+02:00,2,2,0
2019-05-07 23:39:42+03:00,5,6,-1
2019-05-08 00:00:44+03:00,4,0,4
2019-05-08 12:42:06+00:00,1,1,0
2019-05-08 15:10:50+02:00,1,1,0
2019-05-08 20:33:22+02:00,2,2,0
2019-05-08 23:41:45+03:00,3,9,-6
2019-05-09 06:47:14+02:00,120,86,34
2019-05-09 06:53:10+02:00,24,0,24
2019-05-09 08:56:27+02:00,1,1,0
2019-05-09 12:42:08+00:00,1,1,0
2019-05-09 12:42:09+00:00,1,1,0
2019-05-09 16:05:20+02:00,2,2,0
2019-05-10 10:54:44+03:00,17,8,9
2019-05-10 14:24:37+02:00,24,0,24
2019-05-10 12:42:13+00:00,1,1,0
2019-05-10 12:42:14+00:00,1,1,0
2019-05-10 19:32:37+02:00,2,2,0
2019-05-11 10:17:46+03:00,4,3,1
2019-05-11 14:33:26+02:00,5,6,-1
2019-05-11 14:33:35+02:00,16,2,14
2019-05-11 12:41:06+00:00,1,1,0
2019-05-11 12:41:07+00:00,1,1,0
2019-05-11 15:04:38+02:00,2,2,0
2019-05-11 15:27:09+02:00,9,2,7
2019-05-12 12:41:05+00:00,1,1,0
2019-05-12 12:41:06+00:00,1,1,0
2019-05-12 17:36:34+02:00,21,8,13
2019-05-12 19:33:15+02:00,2,2,0
2019-05-12 21:14:00+03:00,12,10,2
2019-05-12 21:19:20+03:00,2,2,0
2019-05-13 12:41:06+00:00,1,1,0
2019-05-13 15:39:11+02:00,1,1,0
2019-05-13 19:49:23+02:00,29,17,12
2019-05-13 19:50:56+02:00,4,1,3
2019-05-13 20:01:21+02:00,4,1,3
2019-05-13 23:56:59+03:00,18,1,17
2019-05-14 09:23:09+03:00,32,0,32
2019-05-15 12:05:35+03:00,7,5,2
2019-05-15 19:39:17+02:00,56,5,51
2019-05-15 19:39:46+02:00,9,2,7
2019-05-16 22:38:59+03:00,5,5,0
2019-05-17 06:28:48+02:00,5,5,0
2019-05-17 19:05:36+03:00,44,23,21
2019-05-18 09:35:27+02:00,44,23,21
2019-05-18 09:57:10+02:00,324,0,324
2019-05-18 09:57:10+02:00,52,0,52
2019-05-18 09:57:10+02:00,13,0,13
2019-05-18 09:57:10+02:00,11,0,11
2019-05-18 09:57:10+02:00,9,0,9
2019-05-18 09:57:10+02:00,3,0,3
2019-05-18 09:57:10+02:00,6,6,0
2019-05-18 09:57:10+02:00,21,96,-75
2019-05-18 09:57:10+02:00,70,36,34
2019-05-18 09:57:10+02:00,5,7,-2
2019-05-18 09:57:10+02:00,36,1,35
2019-05-18 09:57:10+02:00,62,57,5
2019-05-18 09:57:10+02:00,36,14,22
2019-05-18 09:57:10+02:00,27,2,25
2019-05-18 09:57:10+02:00,29,11,18
2019-05-18 09:57:10+02:00,45,40,5
2019-05-18 09:57:10+02:00,1,2,-1
2019-05-18 09:57:10+02:00,0,0,0
2019-05-18 09:57:10+02:00,35,11,24
2019-05-18 09:57:10+02:00,14,5,9
2019-05-18 09:57:10+02:00,62,33,29
2019-05-18 09:57:10+02:00,7,9,-2
2019-05-18 09:57:10+02:00,4,4,0
2019-05-18 09:57:10+02:00,7,7,0
2019-05-18 09:57:10+02:00,7,6,1
2019-05-18 09:57:10+02:00,42,6,36
2019-05-18 09:57:10+02:00,1,1,0
2019-05-18 09:57:10+02:00,7,5,2
2019-05-18 09:57:10+02:00,69,54,15
2019-05-18 09:57:10+02:00,6,4,2
2019-05-18 09:57:10+02:00,24,3,21
2019-05-18 09:57:10+02:00,25,8,17
2019-05-18 09:57:10+02:00,29,0,29
2019-05-18 09:57:10+02:00,4,5,-1
2019-05-18 09:57:10+02:00,44,2,42
2019-05-18 09:57:10+02:00,1,2,-1
2019-05-18 09:57:10+02:00,28,28,0
2019-05-18 09:57:10+02:00,26,0,26
2019-05-18 09:57:10+02:00,1,8,-7
2019-05-18 09:57:10+02:00,37,36,1
2019-05-18 10:00:07+02:00,75,34,41
2019-05-18 10:00:07+02:00,14,16,-2
2019-05-18 10:00:07+02:00,39,2,37
2019-05-18 10:00:07+02:00,0,19,-19
2019-05-18 10:00:07+02:00,13,1,12
2019-05-18 10:00:07+02:00,25,2,23
2019-05-18 10:00:07+02:00,32,13,19
2019-05-18 10:00:07+02:00,203,28,175
2019-05-18 10:00:07+02:00,47,4,43
2019-05-18 10:00:07+02:00,7,0,7
2019-05-18 10:00:07+02:00,68,5,63
2019-05-18 10:00:07+02:00,21,4,17
2019-05-18 10:00:07+02:00,60,51,9
2019-05-18 10:00:07+02:00,26,25,1
2019-05-18 10:00:07+02:00,12,11,1
2019-05-18 10:00:07+02:00,31,11,20
2019-05-18 10:24:01+02:00,17,9,8
2019-05-18 10:24:22+02:00,185,0,185
2019-05-18 10:31:50+02:00,1,10,-9
2019-05-18 10:34:30+02:00,1,1,0
2019-05-18 10:42:18+02:00,8,5,3
2019-05-18 13:36:51+02:00,10,16,-6
2019-05-18 13:39:12+02:00,17,12,5
2019-05-19 09:03:56+02:00,6,0,6
2019-05-19 09:07:43+02:00,3,3,0
2019-05-19 16:07:16+02:00,1,1,0
2019-05-19 19:30:27+02:00,9,3,6
2019-05-20 12:27:30+03:00,0,1,-1
2019-05-20 12:16:57+02:00,0,1,-1
2019-05-20 15:36:07+00:00,1,1,0
2019-05-20 15:36:08+00:00,1,1,0
2019-05-20 15:36:09+00:00,1,1,0
2019-05-20 15:36:10+00:00,1,1,0
2019-05-20 15:36:11+00:00,1,1,0
2019-05-20 15:36:13+00:00,1,1,0
2019-05-20 19:48:12+02:00,2,2,0
2019-05-20 20:02:46+02:00,8,8,0
2019-05-20 20:11:50+02:00,9,1,8
2019-05-20 20:11:50+02:00,23,0,23
2019-05-20 20:11:50+02:00,61,0,61
2019-05-20 20:11:50+02:00,6,4,2
2019-05-20 20:11:50+02:00,21,3,18
2019-05-20 20:11:50+02:00,18,12,6
2019-05-20 20:11:50+02:00,11,1,10
2019-05-20 20:29:23+02:00,1,5,-4
2019-05-21 20:49:02+03:00,14,12,2
2019-05-21 20:49:19+03:00,10,9,1
2019-05-22 14:04:58+03:00,6,6,0
2019-05-22 14:21:36+03:00,5,3,2
2019-05-22 14:34:35+03:00,1,1,0
2019-05-22 17:19:11+03:00,1,1,0
2019-05-22 19:25:34+02:00,19,16,3
2019-05-23 19:32:02+02:00,5,3,2
2019-05-23 19:48:22+02:00,87,41,46
2019-05-23 19:53:42+02:00,9,0,9
2019-05-24 04:04:07+03:00,2,2,0
2019-05-24 06:22:27+02:00,6,1,5
2019-05-24 23:08:56+03:00,20,15,5
2019-05-25 13:16:00+02:00,10,6,4
2019-05-25 13:26:07+02:00,20,15,5
2019-05-25 13:26:34+02:00,107,43,64
2019-05-25 14:11:30+02:00,33,1,32
2019-05-25 14:13:59+02:00,82,29,53
2019-05-25 14:15:07+02:00,13,2,11
2019-05-25 14:16:59+02:00,8,3,5
2019-05-25 14:17:04+02:00,209,109,100
2019-05-25 14:25:16+02:00,6,3,3
2019-05-25 14:25:36+02:00,5,19,-14
2019-05-25 14:42:13+02:00,3,1,2
2019-05-25 15:54:35+02:00,1,1,0
2019-05-25 16:13:18+02:00,226,196,30
2019-05-25 16:27:18+02:00,1,0,1
2019-05-25 16:27:36+02:00,42,53,-11
2019-05-25 16:51:52+02:00,42,54,-12
2019-05-25 16:53:35+02:00,22,26,-4
2019-05-25 20:00:31+02:00,106,111,-5
2019-05-25 20:01:43+02:00,17,16,1
2019-05-25 20:06:15+02:00,18,36,-18
2019-05-25 20:06:18+02:00,5,4,1
2019-05-25 20:14:31+02:00,3,2,1
2019-05-25 20:31:21+02:00,89,71,18
2019-05-25 22:42:17+03:00,16,5,11
2019-05-26 13:40:07+02:00,4,4,0
2019-05-26 13:49:00+02:00,263,243,20
2019-05-26 14:40:03+02:00,18,3,15
2019-05-26 19:26:19+02:00,16,5,11
2019-05-26 20:19:06+02:00,1,1,0
2019-05-27 08:21:31+02:00,1,1,0
2019-05-27 15:29:06+00:00,1,1,0
2019-05-27 15:29:07+00:00,1,1,0
2019-05-27 15:29:09+00:00,1,1,0
2019-05-27 19:15:23+02:00,3,3,0
2019-05-27 19:42:12+02:00,36,19,17
2019-05-28 07:07:09+02:00,12,8,4
2019-05-28 19:20:41+02:00,1,1,0
2019-05-28 19:25:01+02:00,12,12,0
2019-05-28 23:04:39+03:00,7,5,2
2019-05-28 23:25:19+03:00,4,5,-1
2019-05-28 23:25:53+03:00,6,2,4
2019-05-29 06:18:57+02:00,283,301,-18
2019-05-29 06:19:13+02:00,48,27,21
2019-05-29 14:17:09+02:00,1,1,0
2019-05-29 18:07:55+02:00,1,1,0
2019-05-29 20:07:46+03:00,1197,833,364
2019-05-29 19:24:25+02:00,32,20,12
2019-05-29 19:46:26+02:00,17,2,15
2019-05-29 19:46:26+02:00,3,12,-9
2019-05-29 19:46:26+02:00,5,1,4
2019-05-29 19:46:26+02:00,1,1,0
2019-05-29 19:46:26+02:00,13,0,13
2019-05-29 19:46:46+02:00,0,14,-14
2019-05-29 19:54:59+02:00,16,17,-1
2019-05-29 20:06:02+02:00,18,9,9
2019-05-29 20:20:20+02:00,29,28,1
2019-05-29 20:25:07+02:00,49,24,25
2019-05-29 21:57:14+03:00,122,86,36
2019-05-30 06:30:06+02:00,1,1,0
2019-05-30 06:33:16+02:00,8,5,3
2019-05-30 10:56:48+03:00,1,1,0
2019-05-30 10:56:57+03:00,7,7,0
2019-05-30 11:03:17+03:00,1,1,0
2019-05-30 11:19:27+03:00,7,4,3
2019-05-30 20:38:04+03:00,3,1,2
2019-05-30 21:00:16+03:00,3,4,-1
2019-05-30 20:14:08+02:00,6,5,1
2019-05-30 23:00:19+03:00,2,1,1
2019-06-01 06:20:11+02:00,75,49,26
2019-06-01 06:26:03+02:00,2,1,1
2019-06-02 13:25:09+03:00,1,2,-1
2019-06-02 13:27:44+03:00,9,0,9
2019-06-02 13:27:31+02:00,28,9,19
2019-06-02 15:13:06+02:00,21,18,3
2019-06-02 15:20:12+02:00,1513,57,1456
2019-06-02 15:28:29+02:00,1,1,0
2019-06-02 15:52:19+02:00,1,1,0
2019-06-03 17:19:12+02:00,1,1,0
2019-06-03 17:19:13+02:00,1,1,0
2019-06-03 17:19:16+02:00,1,1,0
2019-06-03 17:19:19+02:00,1,1,0
2019-06-03 17:19:20+02:00,1,1,0
2019-06-03 17:19:24+02:00,1,1,0
2019-06-03 17:19:25+02:00,1,1,0
2019-06-03 17:19:26+02:00,1,1,0
2019-06-06 18:25:58+03:00,7,6,1
2019-06-06 18:48:26+03:00,13,0,13
2019-06-06 18:52:14+03:00,4,3,1
2019-06-08 19:32:31+02:00,8,7,1
2019-06-08 19:43:54+02:00,16,15,1
2019-06-08 20:21:51+02:00,28,9,19
2019-06-08 20:23:13+02:00,2439,823,1616
2019-06-08 20:26:25+02:00,1,1,0
2019-06-09 13:19:01+02:00,4,4,0
2019-06-09 14:04:19+02:00,2,0,2
2019-06-09 14:06:29+02:00,47,11,36
2019-06-09 14:13:03+02:00,17,1,16
2019-06-09 14:35:58+02:00,15,5,10
2019-06-09 14:36:08+02:00,44,0,44
2019-06-09 14:40:45+02:00,14,2,12
2019-06-09 14:51:58+02:00,47,0,47
2019-06-09 14:52:17+02:00,11,7,4
2019-06-09 15:03:26+02:00,1,0,1
2019-06-10 02:08:54+03:00,10,16,-6
2019-06-10 13:15:54+02:00,10,16,-6
2019-06-10 14:58:19+02:00,197,25,172
2019-06-10 16:20:19+02:00,6,6,0
2019-06-10 15:19:05+00:00,1,1,0
2019-06-10 15:19:06+00:00,1,1,0
2019-06-10 15:19:08+00:00,1,1,0
2019-06-10 15:19:09+00:00,1,1,0
2019-06-10 17:55:36+02:00,4,4,0
2019-06-11 10:09:30+03:00,12,13,-1
2019-06-11 10:10:21+03:00,1,1,0
2019-06-11 10:21:59+03:00,2,1,1
2019-06-11 10:42:14+03:00,3,0,3
2019-06-11 10:58:19+03:00,5,6,-1
2019-06-11 11:14:39+02:00,25,2,23
2019-06-11 13:18:35+03:00,50,17,33
2019-06-11 13:43:29+03:00,2,2,0
2019-06-11 13:47:04+03:00,4,7,-3
2019-06-12 10:29:17+02:00,142,18,124
2019-06-12 10:31:44+02:00,6,6,0
2019-06-12 12:33:20+03:00,62,0,62
2019-06-12 22:40:50+03:00,1,1,0
2019-06-12 22:53:43+03:00,16,16,0
2019-06-12 23:37:02+03:00,2,1,1
2019-06-13 19:34:46+02:00,2,2,0
2019-06-13 20:00:00+02:00,4,0,4
2019-06-13 20:00:56+02:00,24,1,23
2019-06-13 20:04:52+02:00,5,3,2
2019-06-13 20:05:49+02:00,54,0,54
2019-06-13 20:26:47+02:00,5,2,3
2019-06-13 20:37:17+02:00,1,1,0
2019-06-14 02:58:34+03:00,5,5,0
2019-06-14 14:32:32+02:00,89,6,83
2019-06-14 18:40:02+03:00,7,8,-1
2019-06-14 18:40:25+03:00,15,3,12
2019-06-14 19:24:14+02:00,8,6,2
2019-06-14 19:37:54+02:00,11,10,1
2019-06-14 20:12:07+02:00,137,94,43
2019-06-14 21:54:38+03:00,3,7,-4
2019-06-14 21:59:16+03:00,2,2,0
2019-06-14 22:04:29+03:00,4,1,3
2019-06-15 12:20:32+02:00,2,0,2
2019-06-15 13:04:15+02:00,2,0,2
2019-06-15 13:14:07+02:00,19,1,18
2019-06-15 13:19:18+02:00,6,6,0
2019-06-15 13:31:14+02:00,4,1,3
2019-06-15 13:31:27+02:00,8,8,0
2019-06-15 13:32:05+02:00,6,6,0
2019-06-15 13:45:50+02:00,2,4,-2
2019-06-15 13:46:19+02:00,8,11,-3
2019-06-15 13:48:08+02:00,38,23,15
2019-06-15 13:52:30+02:00,84,24,60
2019-06-15 14:28:16+02:00,4,0,4
2019-06-15 14:30:31+02:00,6,6,0
2019-06-15 16:58:17+02:00,2,1,1
2019-06-16 10:13:12+02:00,11,17,-6
2019-06-16 10:13:24+02:00,41,0,41
2019-06-16 10:13:56+02:00,1,1,0
2019-06-16 10:37:28+02:00,476,160,316
2019-06-16 10:39:43+02:00,3,3,0
2019-06-16 19:25:23+02:00,113,17,96
2019-06-16 19:33:48+02:00,13,0,13
2019-06-16 19:33:48+02:00,185,162,23
2019-06-16 19:33:48+02:00,46,49,-3
2019-06-16 19:33:48+02:00,52,40,12
2019-06-16 19:33:48+02:00,14,7,7
2019-06-16 19:33:48+02:00,3,3,0
2019-06-16 19:33:48+02:00,22,20,2
2019-06-16 19:33:48+02:00,54,4,50
2019-06-16 19:33:48+02:00,72,10,62
2019-06-16 19:33:48+02:00,49,5,44
2019-06-16 19:33:48+02:00,44,42,2
2019-06-16 19:33:48+02:00,72,40,32
2019-06-16 19:33:48+02:00,59,18,41
2019-06-16 19:33:48+02:00,7,11,-4
2019-06-16 19:35:15+02:00,48,28,20
2019-06-16 19:35:21+02:00,23,6,17
2019-06-16 19:35:21+02:00,23,0,23
2019-06-16 19:35:21+02:00,25,45,-20
2019-06-16 19:35:21+02:00,12,1,11
2019-06-16 19:35:21+02:00,1,3,-2
2019-06-16 19:53:48+02:00,26,7,19
2019-06-16 20:14:31+02:00,1,2,-1
2019-06-16 21:37:43+03:00,6,9,-3
2019-06-16 22:10:39+03:00,4,3,1
2019-06-17 04:35:39+03:00,4,4,0
2019-06-17 06:07:07+02:00,4,4,0
2019-06-17 06:41:19+02:00,10,12,-2
2019-06-17 06:55:30+02:00,6,3,3
2019-06-17 06:56:52+02:00,16,3,13
2019-06-17 07:01:17+02:00,5,5,0
2019-06-17 07:03:33+02:00,2,0,2
2019-06-17 14:36:58+02:00,4,7,-3
2019-06-17 14:55:31+02:00,28,10,18
2019-06-17 15:23:13+00:00,1,1,0
2019-06-17 15:23:14+00:00,1,1,0
2019-06-17 15:23:15+00:00,1,1,0
2019-06-17 19:16:39+02:00,3,3,0
2019-06-18 01:46:30+03:00,11,7,4
2019-06-19 01:53:38+03:00,102,123,-21
2019-06-19 02:42:29+03:00,4,4,0
2019-06-19 02:49:12+03:00,1,0,1
2019-06-19 19:32:22+02:00,11,7,4
2019-06-20 00:04:11+03:00,8,4,4
2019-06-20 03:26:02+03:00,33,0,33
2019-06-20 03:26:25+03:00,6,6,0
2019-06-20 19:29:14+02:00,8,4,4
2019-06-20 20:30:05+02:00,16,37,-21
2019-06-20 20:32:46+02:00,4,1,3
2019-06-20 20:36:39+02:00,29,0,29
2019-06-20 20:56:58+02:00,10,1,9
2019-06-20 20:57:15+02:00,74,3,71
2019-06-21 06:41:46+02:00,103,123,-20
2019-06-21 07:07:21+02:00,9,1,8
2019-06-21 07:07:39+02:00,1,0,1
2019-06-21 07:10:30+02:00,2,1,1
2019-06-21 19:28:38+02:00,144,152,-8
2019-06-21 19:31:18+02:00,3,0,3
2019-06-21 20:21:03+02:00,4,10,-6
2019-06-22 12:55:17+02:00,11,1,10
2019-06-22 13:06:30+02:00,670,337,333
2019-06-22 15:45:20+02:00,30,18,12
2019-06-22 16:18:22+02:00,46,17,29
2019-06-22 16:18:49+02:00,17,7,10
2019-06-22 16:20:41+02:00,18,41,-23
2019-06-22 16:40:33+02:00,2,2,0
2019-06-22 16:45:38+02:00,11,37,-26
2019-06-22 16:52:14+02:00,7,9,-2
2019-06-22 23:51:29+03:00,22,19,3
2019-06-23 10:56:11+02:00,22,19,3
2019-06-23 19:23:51+03:00,28,22,6
2019-06-23 20:34:53+03:00,3,2,1
2019-06-23 21:42:46+03:00,26,27,-1
2019-06-23 22:51:33+03:00,1,1,0
2019-06-23 23:10:37+03:00,21,21,0
2019-06-24 06:14:27+02:00,1,1,0
2019-06-24 06:15:54+02:00,18,46,-28
2019-06-24 06:17:11+02:00,21,21,0
2019-06-24 06:17:44+02:00,131,40,91
2019-06-24 06:18:17+02:00,4,7,-3
2019-06-24 06:21:08+02:00,1435,737,698
2019-06-24 06:50:48+02:00,74,59,15
2019-06-24 07:09:54+02:00,1,1,0
2019-06-24 07:10:24+02:00,18,11,7
2019-06-24 07:15:14+02:00,197,134,63
2019-06-24 14:33:46+02:00,29,29,0
2019-06-24 17:20:41+02:00,6,8,-2
2019-06-24 15:24:06+00:00,1,1,0
2019-06-24 15:24:07+00:00,1,1,0
2019-06-24 15:24:08+00:00,1,1,0
2019-06-24 15:24:09+00:00,1,1,0
2019-06-24 19:20:42+02:00,1,1,0
2019-06-24 19:26:00+02:00,4,4,0
2019-06-24 19:41:56+02:00,87,61,26
2019-06-24 19:43:59+02:00,0,0,0
2019-06-24 19:44:14+02:00,1,1,0
2019-06-24 19:46:39+02:00,1,1,0
2019-06-24 19:55:16+02:00,24,23,1
2019-06-24 20:05:13+02:00,343,0,343
2019-06-24 20:05:17+02:00,6,10,-4
2019-06-24 20:07:04+02:00,8,12,-4
2019-06-24 20:08:15+02:00,0,45,-45
2019-06-24 20:08:17+02:00,6,7,-1
2019-06-24 20:08:17+02:00,5,6,-1
2019-06-24 20:10:50+02:00,8,336,-328
2019-06-24 20:13:40+02:00,5,2,3
2019-06-24 20:18:06+02:00,2,2,0
2019-06-24 21:08:40+02:00,1,1,0
2019-06-25 07:04:06+02:00,7,4,3
2019-06-26 06:05:43+02:00,5349,2054,3295
2019-06-26 06:11:00+02:00,1,1,0
2019-06-26 20:00:16+02:00,10,2,8
2019-06-26 20:34:28+02:00,10,2,8
2019-06-26 22:23:16+03:00,2,2,0
2019-06-27 01:03:38+03:00,10,4,6
2019-06-27 05:49:58+02:00,2,2,0
2019-06-27 06:06:23+02:00,384,423,-39
2019-06-27 06:20:22+02:00,4,1,3
2019-06-27 06:29:18+02:00,24,0,24
2019-06-27 06:32:26+02:00,10,10,0
2019-06-27 07:06:11+02:00,4,1,3
2019-06-27 07:06:35+02:00,23,1,22
2019-06-27 16:42:10+03:00,1,0,1
2019-06-27 19:34:17+02:00,34,4,30
2019-06-27 19:34:51+02:00,27,2,25
2019-06-27 19:36:06+02:00,62,22,40
2019-06-27 19:51:04+02:00,24,32,-8
2019-06-27 22:29:17+03:00,14,12,2
2019-06-28 01:01:51+03:00,3,2,1
2019-06-28 06:04:32+02:00,3,2,1
2019-06-28 06:47:40+02:00,1,1,0
2019-06-29 16:57:04+02:00,13,1,12
2019-06-29 17:20:10+02:00,1,1,0
2019-06-29 17:22:47+02:00,22,3,19
2019-06-29 17:23:33+02:00,10,10,0
2019-06-29 19:51:01+02:00,1,1,0
2019-06-29 20:07:25+02:00,2,22,-20
2019-06-29 20:38:49+02:00,28,14,14
2019-06-29 20:41:22+02:00,8,7,1
2019-06-29 20:52:23+02:00,39,8,31
2019-06-29 20:52:33+02:00,36,111,-75
2019-06-30 09:28:34+02:00,5,6,-1
2019-06-30 09:28:49+02:00,31,38,-7
2019-06-30 09:41:43+02:00,40,2,38
2019-06-30 09:42:10+02:00,14,68,-54
2019-06-30 09:44:50+02:00,11,11,0
2019-06-30 09:47:07+02:00,7,8,-1
2019-06-30 10:04:43+02:00,38,7,31
2019-06-30 10:14:33+02:00,23,3,20
2019-06-30 10:24:10+02:00,23,5,18
2019-06-30 10:26:53+02:00,10,22,-12
2019-06-30 10:31:36+02:00,35,33,2
2019-06-30 10:47:55+02:00,38,4,34
2019-06-30 11:08:02+02:00,47,39,8
2019-06-30 13:01:12+02:00,22,2,20
2019-06-30 13:18:22+02:00,5,40,-35
2019-06-30 19:52:35+02:00,14,12,2
2019-06-30 19:52:50+02:00,46,44,2
2019-06-30 20:30:31+02:00,8,0,8
2019-06-30 20:30:57+02:00,17,0,17
2019-07-01 06:18:28+02:00,0,1,-1
2019-07-01 11:19:37+02:00,24,0,24
2019-07-01 18:28:30+00:00,1,1,0
2019-07-01 18:28:31+00:00,1,1,0
2019-07-01 18:28:32+00:00,1,1,0
2019-07-01 22:06:29+02:00,3,3,0
2019-07-02 20:33:27+02:00,1,40,-39
2019-07-03 05:02:44+03:00,7,2,5
2019-07-03 05:13:41+03:00,1,1,0
2019-07-03 06:26:39+02:00,1,1,0
2019-07-03 06:43:34+02:00,359,316,43
2019-07-03 06:44:23+02:00,7,2,5
2019-07-03 11:18:39+03:00,31,6,25
2019-07-03 11:11:28+02:00,31,6,25
2019-07-03 12:01:41+02:00,1,40,-39
2019-07-03 20:06:50+02:00,14,4,10
2019-07-03 20:07:26+02:00,72,2,70
2019-07-03 20:20:12+02:00,21,5,16
2019-07-04 19:53:50+02:00,12,12,0
2019-07-04 19:57:38+02:00,19,20,-1
2019-07-04 20:25:44+02:00,31,32,-1
2019-07-07 00:31:48+03:00,10,38,-28
2019-07-07 00:48:39+03:00,23,24,-1
2019-07-07 00:51:01+03:00,1,1,0
2019-07-07 01:10:41+03:00,4,3,1
2019-07-07 01:20:26+03:00,10,9,1
2019-07-07 01:40:52+03:00,50,0,50
2019-07-07 02:42:03+03:00,1,1,0
2019-07-07 02:53:13+03:00,14,14,0
2019-07-07 06:36:35+02:00,4,4,0
2019-07-07 10:13:00+03:00,1,1,0
2019-07-07 10:17:01+03:00,1,1,0
2019-07-08 16:31:57+02:00,106,10,96
2019-07-08 16:56:25+02:00,108,85,23
2019-07-08 17:01:25+02:00,29,29,0
2019-07-08 17:08:14+02:00,24,12,12
2019-07-09 00:59:34+03:00,1,1,0
2019-07-09 10:33:42+02:00,1,1,0
2019-07-10 01:53:40+03:00,4,1,3
2019-07-10 08:49:42+02:00,3,3,0
2019-07-11 00:51:54+02:00,3,3,0
2019-07-11 23:02:57+03:00,2,3,-1
2019-07-12 00:49:23+03:00,164,143,21
2019-07-12 00:49:23+03:00,76,140,-64
2019-07-12 01:41:09+03:00,25,14,11
2019-07-12 03:31:36+03:00,32,25,7
2019-07-12 08:14:46+02:00,2,3,-1
2019-07-12 09:02:41+02:00,53,41,12
2019-07-12 23:45:49+03:00,62,52,10
2019-07-14 13:30:57+02:00,1,1,0
2019-07-14 13:37:00+02:00,61,51,10
2019-07-14 14:17:09+02:00,5,3,2
2019-07-14 14:18:30+02:00,7,0,7
2019-07-14 14:23:23+02:00,7,6,1
2019-07-14 19:29:44+02:00,18,8,10
2019-07-14 20:56:17+03:00,10,0,10
2019-07-14 21:00:48+03:00,1,1,0
2019-07-14 20:05:28+02:00,9,6,3
2019-07-14 20:14:35+02:00,3,2,1
2019-07-14 20:21:57+02:00,4,9,-5
2019-07-14 22:48:15+03:00,23,10,13
2019-07-15 01:44:25+03:00,37,42,-5
2019-07-15 01:55:35+03:00,6,10,-4
2019-07-15 06:27:43+02:00,1,3,-2
2019-07-15 06:59:20+02:00,1,1,0
2019-07-15 10:55:33+02:00,37,11,26
2019-07-15 17:29:32+02:00,16,17,-1
2019-07-15 19:36:16+02:00,1,3,-2
2019-07-15 19:41:57+02:00,269,303,-34
2019-07-15 20:17:15+02:00,23,1,22
2019-07-15 20:28:02+02:00,19,2,17
2019-07-15 20:31:55+02:00,23,12,11
2019-07-15 22:17:57+03:00,89,70,19
2019-07-15 21:35:42+02:00,135,24,111
2019-07-15 21:38:49+02:00,48,8,40
2019-07-15 22:45:14+02:00,47,21,26
2019-07-15 22:52:33+02:00,73,13,60
2019-07-15 22:59:28+02:00,3,3,0
2019-07-15 23:14:07+02:00,5,22,-17
2019-07-16 05:41:39+02:00,2,2,0
2019-07-16 05:51:26+02:00,32,11,21
2019-07-16 06:27:43+02:00,177,120,57
2019-07-16 06:45:13+02:00,70,23,47
2019-07-16 06:50:25+02:00,13,0,13
2019-07-16 06:54:38+02:00,3,2,1
2019-07-16 19:40:42+02:00,2,2,0
2019-07-16 23:00:19+03:00,22,33,-11
2019-07-17 06:20:21+02:00,94,86,8
2019-07-17 06:24:40+02:00,0,14,-14
2019-07-17 06:27:42+02:00,94,86,8
2019-07-17 06:32:24+02:00,3,16,-13
2019-07-17 07:15:43+02:00,8,18,-10
2019-07-17 20:51:44+02:00,47,0,47
2019-07-17 20:52:17+02:00,2,2,0
2019-07-18 06:31:44+02:00,1,1,0
2019-07-18 06:56:52+02:00,2,2,0
2019-07-18 10:45:47+03:00,12,72,-60
2019-07-18 12:12:34+03:00,2,2,0
2019-07-18 13:53:48+02:00,2,2,0
2019-07-18 14:06:05+02:00,2,2,0
2019-07-18 18:08:02+03:00,2,2,0
2019-07-18 18:15:51+03:00,0,2,-2
2019-07-18 19:48:19+02:00,12,10,2
2019-07-18 20:02:28+02:00,49,28,21
2019-07-18 21:43:40+03:00,29,32,-3
2019-07-18 20:56:51+02:00,29,32,-3
2019-07-18 22:43:36+03:00,2,2,0
2019-07-19 06:31:49+02:00,7,7,0
2019-07-19 06:36:11+02:00,12,10,2
2019-07-19 06:38:54+02:00,10,72,-62
2019-07-20 12:48:26+02:00,541,101,440
2019-07-21 14:52:59+02:00,14,10,4
2019-07-21 15:03:12+02:00,46,48,-2
2019-07-21 15:16:19+02:00,7,2,5
2019-07-21 15:29:17+02:00,11,19,-8
2019-07-21 16:20:45+02:00,1,2,-1
2019-07-21 19:21:50+02:00,2,2,0
2019-07-21 19:31:50+02:00,1,3,-2
2019-07-21 19:56:43+02:00,4,2,2
2019-07-22 06:19:31+02:00,60,62,-2
2019-07-22 15:23:05+00:00,1,1,0
2019-07-22 15:23:06+00:00,1,1,0
2019-07-22 15:23:07+00:00,1,1,0
2019-07-22 15:23:08+00:00,1,1,0
2019-07-22 15:23:09+00:00,1,1,0
2019-07-22 15:23:11+00:00,1,1,0
2019-07-22 15:23:12+00:00,1,1,0
2019-07-22 15:23:13+00:00,1,1,0
2019-07-22 20:23:18+03:00,18,6,12
2019-07-22 20:39:38+02:00,22,22,0
2019-07-22 20:59:49+02:00,27,27,0
2019-07-23 18:51:24+03:00,49,13,36
2019-07-23 22:52:42-05:00,2,0,2
2019-07-24 06:29:50+02:00,0,1,-1
2019-07-23 23:45:27-05:00,1,0,1
2019-07-25 08:17:41+03:00,7,3,4
2019-07-25 08:49:33+03:00,1,1,0
2019-07-25 10:42:23+02:00,18,6,12
2019-07-25 20:54:12+03:00,18,0,18
2019-07-25 19:56:59+02:00,6,2,4
2019-07-25 20:05:48+02:00,16,0,16
2019-07-25 20:06:20+02:00,31,31,0
2019-07-25 21:07:17+03:00,3,3,0
2019-07-25 20:18:05+02:00,74,16,58
2019-07-25 20:35:20+02:00,35,4,31
2019-07-25 20:36:19+02:00,8,23,-15
2019-07-25 20:42:08+02:00,304,298,6
2019-07-26 02:21:31+03:00,2,2,0
2019-07-26 02:57:51+03:00,0,5,-5
2019-07-26 02:59:10+03:00,1,1,0
2019-07-26 04:02:34+03:00,1,0,1
2019-07-26 06:02:27+02:00,43,27,16
2019-07-26 06:08:09+02:00,1,6,-5
2019-07-26 06:17:15+02:00,53,33,20
2019-07-26 06:19:04+02:00,305,299,6
2019-07-26 14:23:00+03:00,2,0,2
2019-07-26 14:40:11+02:00,2,0,2
2019-07-27 23:24:06+03:00,1,1,0
2019-07-27 18:35:21-05:00,2,1,1
2019-07-28 14:10:16+02:00,1,1,0
2019-07-28 14:11:03+02:00,3,0,3
2019-07-28 14:45:16+02:00,1,0,1
2019-07-28 14:55:19+02:00,7,7,0
2019-07-28 14:55:19+02:00,34,2,32
2019-07-28 14:57:05+02:00,37,4,33
2019-07-28 14:57:05+02:00,31,4,27
2019-07-28 14:57:05+02:00,23,7,16
2019-07-28 14:57:05+02:00,0,2,-2
2019-07-28 14:57:05+02:00,11,7,4
2019-07-28 14:57:05+02:00,6,3,3
2019-07-28 14:57:05+02:00,14,11,3
2019-07-28 14:57:05+02:00,2,1,1
2019-07-28 14:57:05+02:00,16,14,2
2019-07-28 14:57:05+02:00,5,9,-4
2019-07-28 14:57:05+02:00,3,3,0
2019-07-28 14:58:06+02:00,85,81,4
2019-07-28 14:58:06+02:00,4,4,0
2019-07-28 15:05:17+02:00,13,8,5
2019-07-28 15:11:41+02:00,3,3,0
2019-07-28 15:19:17+02:00,17,4,13
2019-07-28 15:34:49+02:00,38,13,25
2019-07-28 19:33:18+02:00,17,4,13
2019-07-29 06:15:49+02:00,3,3,0
2019-07-29 13:28:40+02:00,49,50,-1
2019-07-29 15:25:06+00:00,1,1,0
2019-07-29 15:25:07+00:00,1,1,0
2019-07-29 15:25:08+00:00,1,1,0
2019-07-29 15:25:09+00:00,1,1,0
2019-07-29 15:25:10+00:00,1,1,0
2019-07-29 15:25:11+00:00,1,1,0
2019-07-29 15:25:12+00:00,1,1,0
2019-07-29 15:25:14+00:00,1,1,0
2019-07-29 15:25:15+00:00,1,1,0
2019-07-29 15:25:16+00:00,1,1,0
2019-07-29 19:37:28+02:00,57,58,-1
2019-07-29 19:39:09+02:00,49,50,-1
2019-07-29 20:07:44+02:00,3,3,0
2019-07-29 20:27:50+02:00,1,1,0
2019-07-29 20:30:14+02:00,1,1,0
2019-07-29 20:32:28+02:00,2,0,2
2019-07-29 20:52:38+02:00,3,3,0
2019-07-29 20:53:26+02:00,34,5,29
2019-07-29 20:54:35+02:00,1,1,0
2019-07-29 20:57:57+02:00,2,2,0
2019-07-30 06:12:47+02:00,2,0,2
2019-07-30 06:19:43+02:00,2648,1872,776
2019-07-30 11:47:28+03:00,31,34,-3
2019-07-30 11:47:46+03:00,12,9,3
2019-07-30 11:31:22+02:00,1,1,0
2019-07-31 06:49:25+02:00,9,7,2
2019-07-31 06:54:45+02:00,6,6,0
2019-07-31 06:58:26+02:00,1,1,0
2019-07-31 07:10:17+02:00,7,4,3
2019-07-31 19:25:21+02:00,39,10,29
2019-07-31 19:39:54+02:00,32,7,25
2019-08-01 07:08:50+02:00,43,43,0
2019-08-01 19:33:45+02:00,160,116,44
2019-08-01 23:57:26+03:00,15,10,5
2019-08-01 23:57:50+03:00,2,0,2
2019-08-01 19:30:45-04:00,58,0,58
2019-08-02 06:44:31+02:00,119,0,119
2019-08-02 06:47:03+02:00,1,1,0
2019-08-02 09:41:24+02:00,1,1,0
2019-08-02 10:27:10+02:00,1,1,0
2019-08-02 19:50:12+02:00,6,3,3
2019-08-02 19:52:56+02:00,2,2,0
2019-08-02 20:02:46+02:00,17,10,7
2019-08-02 20:04:18+02:00,1,1,0
2019-08-02 20:08:26+02:00,18,11,7
2019-08-02 20:29:09+02:00,122,0,122
2019-08-02 22:22:58+03:00,21,9,12
2019-08-02 22:23:48+03:00,8,14,-6
2019-08-03 09:24:27+03:00,4,0,4
2019-08-03 10:20:20+03:00,3,3,0
2019-08-03 09:35:22+02:00,4,0,4
2019-08-03 11:05:05+03:00,5,3,2
2019-08-03 11:34:09+03:00,1,1,0
2019-08-03 13:14:36+02:00,35,12,23
2019-08-03 13:18:37+02:00,1,1,0
2019-08-03 13:22:44+02:00,10,0,10
2019-08-03 13:24:47+02:00,35,27,8
2019-08-03 17:19:37+02:00,3,3,0
2019-08-03 19:09:42+03:00,43,3,40
2019-08-03 19:13:18+03:00,2,1,1
2019-08-03 19:44:32+03:00,1,1,0
2019-08-03 19:55:54+02:00,21,5,16
2019-08-03 19:56:41+02:00,1,1,0
2019-08-03 20:04:49+02:00,1,0,1
2019-08-04 09:25:59+02:00,45,12,33
2019-08-04 09:32:56+02:00,1,0,1
2019-08-04 10:20:31+02:00,27,15,12
2019-08-04 10:21:22+02:00,3,1,2
2019-08-04 10:25:46+02:00,5,2,3
2019-08-04 10:26:04+02:00,3,17,-14
2019-08-04 10:38:37+02:00,2,2,0
2019-08-04 12:52:39+02:00,23,7,16
2019-08-04 12:55:03+02:00,12,12,0
2019-08-04 19:37:52+02:00,37,34,3
2019-08-04 22:54:19+03:00,12,16,-4
2019-08-05 06:55:51+02:00,267,80,187
2019-08-05 18:07:25+03:00,101,104,-3
2019-08-05 15:26:09+00:00,1,1,0
2019-08-05 15:26:10+00:00,1,1,0
2019-08-05 15:26:11+00:00,1,1,0
2019-08-05 15:26:16+00:00,1,1,0
2019-08-05 15:26:17+00:00,1,1,0
2019-08-05 15:26:19+00:00,1,1,0
2019-08-05 19:25:43+02:00,11,0,11
2019-08-05 19:28:42+02:00,6,6,0
2019-08-05 19:49:25+02:00,69,0,69
2019-08-05 20:06:42+02:00,50,0,50
2019-08-05 20:07:29+02:00,5,2,3
2019-08-05 20:19:19+02:00,34,52,-18
2019-08-05 20:25:20+02:00,1,1,0
2019-08-05 20:37:38+02:00,13,11,2
2019-08-06 06:05:29+02:00,1,1,0
2019-08-06 06:32:31+02:00,11,3,8
2019-08-06 06:45:44+02:00,5,1,4
2019-08-06 06:56:08+02:00,20,2,18
2019-08-06 13:31:11+02:00,11,3,8
2019-08-06 13:38:32+02:00,13,11,2
2019-08-06 13:46:16+02:00,76,41,35
2019-08-06 20:09:09+02:00,9,1,8
2019-08-06 20:23:32+02:00,5,5,0
2019-08-06 22:35:14-04:00,235,117,118
2019-08-07 06:19:26+02:00,13,5,8
2019-08-07 07:02:15+00:00,1,1,0
2019-08-07 07:02:19+00:00,1,1,0
2019-08-07 07:02:25+00:00,1,1,0
2019-08-07 09:57:01+02:00,1,1,0
2019-08-07 09:57:33+02:00,1,1,0
2019-08-07 10:13:08+02:00,1,1,0
2019-08-07 14:20:36+02:00,25,3,22
2019-08-07 21:03:03+02:00,7,5,2
2019-08-07 21:19:16+02:00,4,0,4
2019-08-07 21:35:52+02:00,4,0,4
2019-08-07 21:45:45+02:00,6,0,6
2019-08-07 21:45:58+02:00,18,13,5
2019-08-07 19:48:55-04:00,5,4,1
2019-08-07 20:47:37-04:00,2,1,1
2019-08-08 11:14:51+02:00,39,18,21
2019-08-08 22:51:37+03:00,271,9,262
2019-08-08 22:10:51+02:00,1,1,0
2019-08-08 22:09:15-04:00,151,76,75
2019-08-09 06:19:59+02:00,1,1,0
2019-08-09 09:31:30+03:00,2,2,0
2019-08-09 14:51:03+03:00,6,6,0
2019-08-09 11:36:53-04:00,4,4,0
2019-08-09 11:41:05-04:00,5,7,-2
2019-08-09 11:53:29-04:00,8,1,7
2019-08-09 17:06:19-04:00,6,5,1
2019-08-09 17:24:17-04:00,4,3,1
2019-08-10 14:24:14+03:00,2,20,-18
2019-08-10 15:14:37+03:00,2,1,1
2019-08-10 16:07:30+03:00,37,9,28
2019-08-10 15:45:41+02:00,2,0,2
2019-08-10 15:47:06+02:00,319,115,204
2019-08-10 15:49:52+02:00,368,109,259
2019-08-10 18:47:58+03:00,2,2,0
2019-08-10 19:34:03+02:00,41,30,11
2019-08-10 19:55:33+02:00,12,2,10
2019-08-10 19:57:49+02:00,13,7,6
2019-08-10 19:58:04+02:00,8,14,-6
2019-08-10 20:02:11+02:00,29,0,29
2019-08-10 20:15:07+02:00,984,345,639
2019-08-11 13:46:41+02:00,5,0,5
2019-08-11 13:48:41+02:00,8,7,1
2019-08-11 14:14:51+02:00,8,2,6
2019-08-11 14:15:04+02:00,32,7,25
2019-08-11 19:29:27+02:00,13,7,6
2019-08-11 19:43:57+02:00,9,37,-28
2019-08-11 19:45:31+02:00,72,2,70
2019-08-11 20:14:58+02:00,2,2,0
2019-08-11 20:16:34+02:00,15,23,-8
2019-08-11 20:16:52+02:00,72,137,-65
2019-08-11 20:17:22+02:00,35,67,-32
2019-08-11 20:17:39+02:00,114,152,-38
2019-08-11 20:22:50+02:00,21,54,-33
2019-08-11 20:30:15+02:00,23,0,23
2019-08-12 00:32:03+03:00,5,2,3
2019-08-12 00:33:34+03:00,144,0,144
2019-08-12 02:19:50+03:00,55,30,25
2019-08-12 06:12:22+02:00,83,10,73
2019-08-12 06:34:49+02:00,92,10,82
2019-08-12 06:35:47+02:00,1,1,0
2019-08-12 06:41:00+02:00,55,30,25
2019-08-12 06:45:27+02:00,13,6,7
2019-08-12 06:47:52+02:00,61,22,39
2019-08-12 06:49:41+02:00,116,52,64
2019-08-12 07:02:10+02:00,285,435,-150
2019-08-12 14:08:32+02:00,13,6,7
2019-08-12 15:43:10+02:00,24,1,23
2019-08-12 16:08:23+02:00,42,4,38
2019-08-12 16:11:43+02:00,43,3,40
2019-08-12 16:25:01+02:00,40,38,2
2019-08-12 16:29:09+02:00,8,0,8
2019-08-12 16:34:55+02:00,9,6,3
2019-08-12 16:39:21+02:00,0,47,-47
2019-08-12 16:46:45+02:00,1,1,0
2019-08-12 16:47:00+02:00,52,0,52
2019-08-12 15:25:05+00:00,1,1,0
2019-08-12 15:25:06+00:00,1,1,0
2019-08-12 15:25:08+00:00,1,1,0
2019-08-12 15:25:09+00:00,1,1,0
2019-08-12 17:41:25+02:00,4,4,0
2019-08-12 19:50:38+02:00,31,4,27
2019-08-12 20:04:19+02:00,7,7,0
2019-08-12 21:08:52+03:00,2,4,-2
2019-08-12 21:08:34+03:00,8,6,2
2019-08-12 20:36:45+02:00,0,94,-94
2019-08-12 20:39:24+02:00,7,1,6
2019-08-12 20:39:34+02:00,8,1,7
2019-08-12 23:13:04+03:00,3,1,2
2019-08-13 00:10:33+03:00,23,11,12
2019-08-13 00:14:19+03:00,494,500,-6
2019-08-13 00:23:41+03:00,4,3,1
2019-08-13 08:05:51+02:00,0,47,-47
2019-08-13 08:20:35+02:00,11,2,9
2019-08-13 08:27:46+02:00,13,12,1
2019-08-13 08:38:19+02:00,37,0,37
2019-08-13 08:47:11+02:00,3,0,3
2019-08-13 09:36:52+02:00,9,15,-6
2019-08-13 09:37:56+02:00,3,6,-3
2019-08-13 09:38:21+02:00,2,4,-2
2019-08-13 09:42:22+02:00,6,12,-6
2019-08-13 10:01:29+02:00,7,7,0
2019-08-13 10:01:43+02:00,3,2,1
2019-08-13 10:12:02+02:00,2,0,2
2019-08-13 10:12:12+02:00,4,1,3
2019-08-13 10:15:31+02:00,4,4,0
2019-08-13 10:20:32+02:00,22,0,22
2019-08-13 10:34:27+02:00,1,1,0
2019-08-13 14:25:56+03:00,2,2,0
2019-08-13 19:47:38+03:00,1,0,1
2019-08-13 19:34:35+02:00,22,12,10
2019-08-13 19:36:06+02:00,47,5,42
2019-08-13 21:52:50+03:00,15,5,10
2019-08-14 06:07:03+02:00,1,1,0
2019-08-14 06:16:43+02:00,91,92,-1
2019-08-14 06:16:59+02:00,4,3,1
2019-08-14 06:21:15+02:00,27,0,27
2019-08-14 06:37:33+02:00,183,14,169
2019-08-14 07:23:05+02:00,177,139,38
2019-08-14 09:37:17+02:00,8,0,8
2019-08-14 10:07:14+02:00,95,82,13
2019-08-14 10:07:32+02:00,18,17,1
2019-08-14 10:14:54+02:00,19,18,1
2019-08-14 10:22:54+02:00,7,2,5
2019-08-14 13:25:49+03:00,99,21,78
2019-08-14 20:45:24+02:00,4,5,-1
2019-08-14 20:49:06+02:00,16,11,5
2019-08-14 20:49:13+02:00,10,30,-20
2019-08-14 21:39:53+02:00,4,3,1
2019-08-15 06:35:37+02:00,118,99,19
2019-08-15 06:35:50+02:00,1,1,0
2019-08-15 06:37:26+02:00,4,4,0
2019-08-15 06:46:12+02:00,550,272,278
2019-08-15 06:52:37+02:00,19,58,-39
2019-08-15 06:56:39+02:00,611,278,333
2019-08-15 06:59:45+02:00,2,2,0
2019-08-15 07:21:00+02:00,200,9,191
2019-08-15 16:23:42+02:00,29,20,9
2019-08-15 10:41:02-06:00,1,1,0
2019-08-15 19:33:57+02:00,1,1,0
2019-08-15 20:09:00+02:00,2,1,1
2019-08-15 20:13:19+02:00,3,1,2
2019-08-15 20:28:32+02:00,2,1,1
2019-08-15 21:39:04+03:00,49,15,34
2019-08-15 23:13:46+03:00,6,6,0
2019-08-16 01:05:34+03:00,66,0,66
2019-08-16 04:20:12+03:00,8,0,8
2019-08-16 06:57:46+02:00,4,2,2
2019-08-16 09:40:42+02:00,4,2,2
2019-08-16 10:19:06+02:00,1,1,0
2019-08-16 10:24:55+02:00,1,1,0
2019-08-16 11:08:54+02:00,123,15,108
2019-08-16 13:04:48+02:00,16,14,2
2019-08-16 14:39:29+02:00,5,4,1
2019-08-16 14:42:44+02:00,86,15,71
2019-08-16 14:53:46+02:00,5,3,2
2019-08-16 14:56:38+02:00,27,0,27
2019-08-16 14:56:57+02:00,34,3,31
2019-08-16 15:27:48+02:00,43,37,6
2019-08-16 15:27:59+02:00,1,1,0
2019-08-16 15:28:11+02:00,47,4,43
2019-08-16 15:52:59+02:00,102,7,95
2019-08-16 16:01:30+02:00,0,1,-1
2019-08-17 06:48:31+02:00,5,140,-135
2019-08-17 06:48:34+02:00,2,2,0
2019-08-17 07:01:20+02:00,48,2,46
2019-08-17 07:05:42+02:00,20,1,19
2019-08-17 07:19:46+02:00,1,1,0
2019-08-17 12:57:44+03:00,30,16,14
2019-08-17 13:05:13+03:00,33,0,33
2019-08-17 15:13:39+00:00,1,1,0
2019-08-17 15:14:01+00:00,1,1,0
2019-08-17 17:19:02+02:00,17,0,17
2019-08-17 17:24:54+02:00,1,1,0
2019-08-17 17:25:12+02:00,1,1,0
2019-08-17 15:26:07+00:00,1,1,0
2019-08-17 17:27:14+02:00,1,1,0
2019-08-17 19:29:24+02:00,1,1,0
2019-08-17 19:30:03+02:00,0,37,-37
2019-08-17 19:40:36+02:00,17,37,-20
2019-08-17 19:48:55+02:00,4,0,4
2019-08-17 19:37:34-04:00,502,148,354
2019-08-18 06:40:30+02:00,4,0,4
2019-08-18 06:55:19+02:00,5,13,-8
2019-08-18 12:47:19+03:00,1,1,0
2019-08-18 12:55:31+03:00,1,1,0
2019-08-18 13:00:37+03:00,4,5,-1
2019-08-18 13:06:21+03:00,3,4,-1
2019-08-18 13:57:49+02:00,64,19,45
2019-08-18 15:00:12+02:00,1517,941,576
2019-08-18 15:09:44+02:00,2,2,0
2019-08-18 15:45:30+02:00,7,1,6
2019-08-18 15:46:38+02:00,2,2,0
2019-08-18 15:58:53+02:00,8,2,6
2019-08-18 16:10:10+02:00,47,43,4
2019-08-18 16:19:24+02:00,32,0,32
2019-08-18 16:22:18+02:00,2,0,2
2019-08-18 18:11:24+02:00,2,2,0
2019-08-18 18:11:34+02:00,2,1,1
2019-08-18 19:38:23+02:00,10,2,8
2019-08-19 09:06:44+02:00,10,2,8
2019-08-19 09:48:42+02:00,4,3,1
2019-08-19 10:52:53+00:00,1,1,0
2019-08-19 16:41:07+02:00,1,1,0
2019-08-20 01:32:02+03:00,10,13,-3
2019-08-20 06:22:43+02:00,17,5,12
2019-08-20 06:33:59+02:00,10,13,-3
2019-08-20 06:35:54+02:00,53,62,-9
2019-08-20 06:39:28+02:00,1,1,0
2019-08-20 06:44:41+02:00,133,95,38
2019-08-20 00:47:10-04:00,60,336,-276
2019-08-20 06:49:18+02:00,315,239,76
2019-08-20 06:59:30+02:00,415,218,197
2019-08-20 07:00:43+02:00,7,65,-58
2019-08-20 07:00:43+02:00,1,5,-4
2019-08-20 07:00:43+02:00,10,2,8
2019-08-20 07:02:30+02:00,7,7,0
2019-08-20 07:07:05+02:00,13,4,9
2019-08-20 09:45:28+02:00,1,1,0
2019-08-20 19:32:26+02:00,1,1,0
2019-08-20 19:34:18+02:00,1,1,0
2019-08-20 19:40:07+02:00,1,1,0
2019-08-20 22:17:21+03:00,14,4,10
2019-08-20 22:24:59+03:00,2,1,1
2019-08-20 23:00:23+03:00,1582,812,770
2019-08-20 23:28:16+03:00,2,1,1
2019-08-20 23:42:44+03:00,1,1,0
2019-08-21 02:26:58+03:00,3,1,2
2019-08-21 06:58:56+02:00,11,8,3
2019-08-21 06:59:07+02:00,2,0,2
2019-08-21 07:03:13+02:00,3,1,2
2019-08-21 09:09:03+02:00,13,8,5
2019-08-21 19:41:10+02:00,643,394,249
2019-08-21 19:55:42+02:00,360,184,176
2019-08-22 06:53:51+02:00,5,1,4
2019-08-22 06:56:41+02:00,4,3,1
2019-08-22 06:57:32+02:00,3,2,1
2019-08-22 12:44:35+02:00,8,2,6
2019-08-22 13:01:10+02:00,1,4,-3
2019-08-22 15:26:18+02:00,2,0,2
2019-08-22 15:33:39+02:00,35,81,-46
2019-08-22 15:43:39+02:00,4,28,-24
2019-08-22 15:54:08+02:00,201,147,54
2019-08-22 20:01:41+03:00,8,8,0
2019-08-22 19:18:22+02:00,8,8,0
2019-08-22 19:49:30+02:00,15,0,15
2019-08-22 20:04:44+02:00,16,5,11
2019-08-24 00:10:35+03:00,16,14,2
2019-08-24 00:10:55+03:00,8,8,0
2019-08-24 09:08:08+02:00,2,2,0
2019-08-24 09:15:43+02:00,30,4,26
2019-08-24 14:39:46+02:00,24,22,2
2019-08-24 15:11:31+02:00,69,5,64
2019-08-24 15:11:31+02:00,25,11,14
2019-08-24 15:11:31+02:00,3,12,-9
2019-08-24 15:11:31+02:00,30,1,29
2019-08-24 15:11:31+02:00,42,5,37
2019-08-24 15:11:31+02:00,15,0,15
2019-08-24 15:11:31+02:00,25,1,24
2019-08-24 15:11:31+02:00,11,9,2
2019-08-24 15:11:31+02:00,10,154,-144
2019-08-24 15:11:31+02:00,85,19,66
2019-08-24 15:11:31+02:00,16,10,6
2019-08-24 15:11:31+02:00,8,8,0
2019-08-24 15:11:31+02:00,12,9,3
2019-08-24 15:11:31+02:00,2,1,1
2019-08-24 15:11:31+02:00,2,1,1
2019-08-24 15:11:31+02:00,12,2,10
2019-08-24 15:11:31+02:00,46,30,16
2019-08-24 15:11:31+02:00,2,2,0
2019-08-24 15:26:42+02:00,4,4,0
2019-08-24 15:35:43+02:00,2,2,0
2019-08-24 18:06:14+02:00,4,1,3
2019-08-24 18:06:33+02:00,39,1,38
2019-08-25 09:33:39+02:00,43,2,41
2019-08-25 09:42:02+02:00,21,6,15
2019-08-25 09:43:10+02:00,6,1,5
2019-08-25 09:50:37+02:00,58,42,16
2019-08-25 09:52:21+02:00,1,2,-1
2019-08-25 09:57:21+02:00,10,4,6
2019-08-25 10:07:47+02:00,1,1,0
2019-08-25 10:08:06+02:00,93,80,13
2019-08-25 10:18:55+02:00,9,10,-1
2019-08-25 10:34:56+02:00,8,10,-2
2019-08-25 10:43:37+02:00,3,3,0
2019-08-25 10:53:56+02:00,2,2,0
2019-08-25 15:01:27+02:00,37,24,13
2019-08-25 15:06:47+02:00,52,60,-8
2019-08-25 19:16:05+02:00,164,111,53
2019-08-25 20:38:51+02:00,15,15,0
2019-08-25 22:09:57+02:00,15,15,0
2019-08-25 23:36:42+03:00,6,6,0
2019-08-26 06:13:19+02:00,89,84,5
2019-08-26 08:07:03+00:00,1,1,0
2019-08-26 08:07:07+00:00,1,1,0
2019-08-26 08:07:24+00:00,1,1,0
2019-08-26 08:07:30+00:00,1,1,0
2019-08-26 14:03:41+02:00,1,1,0
2019-08-26 14:04:54+02:00,1,1,0
2019-08-26 14:22:13+02:00,1,1,0
2019-08-26 15:35:10+02:00,1,1,0
2019-08-26 19:44:33+02:00,40,2,38
2019-08-26 19:48:58+02:00,272,214,58
2019-08-26 20:01:24+02:00,12,14,-2
2019-08-26 20:16:03+02:00,8,8,0
2019-08-26 22:31:24+03:00,6,6,0
2019-08-27 04:12:00+03:00,5,4,1
2019-08-27 06:14:02+02:00,6,6,0
2019-08-27 06:32:01+02:00,6,1,5
2019-08-27 06:42:10+02:00,30,32,-2
2019-08-28 00:20:32+03:00,5,5,0
2019-08-28 00:33:44+03:00,5,4,1
2019-08-28 06:07:18+02:00,1,1,0
2019-08-28 06:28:19+02:00,30,32,-2
2019-08-28 06:33:10+02:00,1,1,0
2019-08-28 07:05:48+02:00,11,1,10
2019-08-28 19:26:35+02:00,3916,1964,1952
2019-08-28 19:29:53+02:00,55,58,-3
2019-08-28 19:47:33+02:00,43,0,43
2019-08-29 06:42:56+02:00,6,5,1
2019-08-29 06:45:20+02:00,1,0,1
2019-08-29 06:54:28+02:00,2,1,1
2019-08-30 01:54:16+03:00,9,6,3
2019-08-30 07:00:29+02:00,16,0,16
2019-08-30 07:02:26+02:00,4,1,3
2019-08-30 07:02:57+02:00,3,1,2
2019-08-30 07:05:22+02:00,18,15,3
2019-08-30 13:33:19+03:00,41,17,24
2019-08-30 20:42:14+02:00,7,7,0
2019-08-30 20:42:58+02:00,485,317,168
2019-08-31 15:14:57+02:00,3,2,1
2019-08-31 15:15:10+02:00,2,3,-1
2019-08-31 15:19:53+02:00,5,0,5
2019-08-31 15:19:59+02:00,6,0,6
2019-08-31 15:26:34+02:00,14,0,14
2019-08-31 15:31:47+02:00,1,1,0
2019-08-31 15:37:29+02:00,9,6,3
2019-08-31 15:38:38+02:00,1,1,0
2019-08-31 16:11:04+02:00,33,36,-3
2019-08-31 16:15:39+02:00,3,8,-5
2019-08-31 19:13:05+02:00,10,7,3
2019-09-01 09:07:09+02:00,6,0,6
2019-09-01 09:08:35+02:00,16,5,11
2019-09-01 09:09:07+02:00,6,1,5
2019-09-01 09:17:58+02:00,4,4,0
2019-09-01 09:18:15+02:00,44,0,44
2019-09-01 09:21:45+02:00,1,1,0
2019-09-01 10:17:02+02:00,16,13,3
2019-09-01 10:17:17+02:00,2,2,0
2019-09-01 10:19:18+02:00,3,3,0
2019-09-01 10:25:05+02:00,1,0,1
2019-09-01 17:48:06+02:00,6,10,-4
2019-09-02 06:16:44+02:00,6,10,-4
2019-09-02 08:08:51+03:00,414,254,160
2019-09-02 08:27:37+00:00,1,1,0
2019-09-02 08:28:47+00:00,1,1,0
2019-09-02 08:29:07+00:00,1,1,0
2019-09-02 08:29:26+00:00,1,1,0
2019-09-02 13:54:43+02:00,1,1,0
2019-09-02 13:55:03+02:00,1,1,0
2019-09-02 13:55:21+02:00,1,1,0
2019-09-02 11:56:28+00:00,1,1,0
2019-09-02 14:40:36+02:00,1,1,0
2019-09-02 14:40:49+02:00,1,1,0
2019-09-02 12:42:07+00:00,1,1,0
2019-09-02 15:43:37+02:00,1,1,0
2019-09-02 13:44:52+00:00,1,1,0
2019-09-02 20:14:41+02:00,50,51,-1
2019-09-02 20:17:23+02:00,8,11,-3
2019-09-02 20:17:47+02:00,3,4,-1
2019-09-02 20:42:39+02:00,96,65,31
2019-09-03 11:32:18+03:00,12,8,4
2019-09-03 16:52:55+03:00,12,12,0
2019-09-03 19:54:28+03:00,13,4,9
2019-09-04 06:56:25+02:00,7,8,-1
2019-09-04 10:00:53+03:00,132,71,61
2019-09-04 10:44:11+03:00,158,132,26
2019-09-04 16:38:33+02:00,55,58,-3
2019-09-04 16:39:23+02:00,2,3,-1
2019-09-04 19:19:31+02:00,56,60,-4
2019-09-04 19:21:58+02:00,7,2,5
2019-09-04 19:21:58+02:00,22,1,21
2019-09-05 00:38:15+03:00,268,0,268
2019-09-05 20:02:01+02:00,16,16,0
2019-09-05 20:02:18+02:00,3,3,0
2019-09-05 20:16:09+02:00,4,1,3
2019-09-05 23:31:07+03:00,4,4,0
2019-09-06 01:12:03+03:00,29,3,26
2019-09-06 06:26:52+02:00,128,34,94
2019-09-06 11:55:07+03:00,1,1,0
2019-09-06 11:28:36+02:00,1,1,0
2019-09-06 15:08:44+03:00,10,82,-72
2019-09-06 15:11:06+03:00,501,299,202
2019-09-06 16:46:44+03:00,2,1,1
2019-09-06 19:41:48+02:00,209,4,205
2019-09-07 00:27:20+03:00,21,18,3
2019-09-07 20:34:25+02:00,20,17,3
2019-09-07 20:56:03+02:00,118,117,1
2019-09-07 21:06:20+02:00,16,26,-10
2019-09-07 21:13:05+02:00,4,4,0
2019-09-08 02:43:02+03:00,1,59,-58
2019-09-08 03:10:01+03:00,1,1,0
2019-09-08 03:30:15+03:00,1,53,-52
2019-09-08 04:06:12+03:00,143,149,-6
2019-09-08 11:04:39+02:00,10,1,9
2019-09-08 12:23:48+03:00,3,113,-110
2019-09-08 14:02:32+02:00,0,2,-2
2019-09-08 19:36:07+03:00,10,1,9
2019-09-08 19:37:20+03:00,0,2,-2
2019-09-08 19:05:22+02:00,0,0,0
2019-09-08 19:05:23+02:00,56,74,-18
2019-09-08 19:05:23+02:00,5,5,0
2019-09-08 19:05:23+02:00,13,14,-1
2019-09-08 19:05:51+02:00,11,7,4
2019-09-08 19:05:51+02:00,0,4,-4
2019-09-08 19:05:51+02:00,5,6,-1
2019-09-08 19:18:44+02:00,88,108,-20
2019-09-08 19:27:42+02:00,1,1,0
2019-09-08 19:38:16+02:00,6,1,5
2019-09-08 19:45:50+02:00,1,0,1
2019-09-08 19:47:16+02:00,0,16,-16
2019-09-08 21:18:37+03:00,6,1,5
2019-09-08 21:19:53+03:00,1,16,-15
2019-09-08 21:43:59+03:00,1,1,0
2019-09-09 06:58:41+02:00,7,10,-3
2019-09-09 07:00:25+02:00,6,6,0
2019-09-09 08:01:09+02:00,13,16,-3
2019-09-09 08:21:22+00:00,1,1,0
2019-09-09 08:21:33+00:00,1,1,0
2019-09-09 08:21:55+00:00,1,1,0
2019-09-09 11:44:23+02:00,1,1,0
2019-09-09 11:45:07+02:00,1,1,0
2019-09-09 09:24:40-06:00,33,0,33
2019-09-09 19:39:18+02:00,1,1,0
2019-09-09 17:40:31+00:00,1,1,0
2019-09-09 19:59:41+02:00,7,0,7
2019-09-09 20:00:13+02:00,1,1,0
2019-09-09 20:02:27+02:00,1,1,0
2019-09-09 20:20:38+02:00,3,2,1
2019-09-09 21:49:00+03:00,8,1,7
2019-09-10 10:42:45+03:00,69,66,3
2019-09-10 10:43:15+03:00,23,21,2
2019-09-10 12:37:15+03:00,14,8,6
2019-09-10 13:45:30+03:00,40,24,16
2019-09-11 00:53:35+03:00,38,62,-24
2019-09-11 06:57:58+02:00,0,3,-3
2019-09-11 09:52:09+03:00,3,3,0
2019-09-11 10:56:02+03:00,3,3,0
2019-09-11 19:43:16+02:00,31,0,31
2019-09-11 20:53:23+02:00,84,1,83
2019-09-11 23:32:08+03:00,31,31,0
2019-09-12 01:21:14+03:00,11,13,-2
2019-09-12 02:29:47+03:00,5,6,-1
2019-09-12 04:39:52+03:00,13,13,0
2019-09-12 06:22:07+02:00,13,13,0
2019-09-12 06:34:01+02:00,17,25,-8
2019-09-12 07:03:52+02:00,5,2,3
2019-09-12 12:13:20+03:00,3,3,0
2019-09-12 15:18:42+02:00,3,3,0
2019-09-12 20:56:00+03:00,1,2,-1
2019-09-12 21:01:14+03:00,7,4,3
2019-09-12 20:14:58+02:00,5,5,0
2019-09-12 20:16:39+02:00,56,60,-4
2019-09-12 20:28:37+02:00,55,53,2
2019-09-12 21:28:51+03:00,1,1,0
2019-09-12 22:53:54+03:00,2,2,0
2019-09-12 23:12:55+03:00,118,4,114
2019-09-13 07:02:36+02:00,4,10,-6
2019-09-13 07:08:22+02:00,8,1,7
2019-09-13 07:08:42+02:00,12,2,10
2019-09-13 19:56:06+02:00,1,1,0
2019-09-13 19:56:58+02:00,20,18,2
2019-09-13 23:00:09+03:00,1,1,0
2019-09-14 09:54:40+02:00,1,1,0
2019-09-14 10:00:59+02:00,5,124,-119
2019-09-14 10:07:23+02:00,2,0,2
2019-09-14 10:11:02+02:00,133,124,9
2019-09-14 11:23:46+03:00,103,91,12
2019-09-14 11:25:00+03:00,5,122,-117
2019-09-16 08:49:41+00:00,1,1,0
2019-09-16 11:29:55+02:00,1,1,0
2019-09-16 09:31:10+00:00,1,1,0
2019-09-16 09:31:14+00:00,1,1,0
2019-09-16 11:56:18+02:00,1,1,0
2019-09-16 11:57:13+02:00,1,1,0
2019-09-16 14:04:10+02:00,0,2,-2
2019-09-16 14:05:39+02:00,3,3,0
2019-09-16 21:46:15+03:00,12,10,2
2019-09-16 21:53:19+03:00,1,0,1
2019-09-17 06:45:46+02:00,13,10,3
2019-09-18 01:01:41+03:00,3,5,-2
2019-09-18 11:36:16+02:00,1,1,0
2019-09-18 13:11:21+03:00,1,1,0
2019-09-18 22:41:25+03:00,1,1,0
2019-09-18 22:57:17+03:00,21,17,4
2019-09-18 22:57:37+03:00,25,25,0
2019-09-19 11:59:07+03:00,46,42,4
2019-09-19 12:38:15+02:00,1,1,0
2019-09-20 07:23:32+02:00,25,1,24
2019-09-20 08:34:18+02:00,4,8,-4
2019-09-20 20:51:31+03:00,1,1,0
2019-09-20 20:59:33+03:00,25,5,20
2019-09-20 20:02:07+02:00,2,18,-16
2019-09-20 20:16:12+02:00,2,34,-32
2019-09-20 20:16:49+02:00,12,64,-52
2019-09-20 20:20:16+02:00,5,1,4
2019-09-20 20:22:51+02:00,2,9,-7
2019-09-20 20:29:26+02:00,5,1,4
2019-09-21 10:13:00+02:00,89,71,18
2019-09-21 10:27:43+02:00,114,74,40
2019-09-21 10:42:51+02:00,11,55,-44
2019-09-21 10:57:34+02:00,172,53,119
2019-09-21 11:25:27+02:00,32,1,31
2019-09-21 12:53:47+02:00,28,2,26
2019-09-21 13:16:53+02:00,15,9,6
2019-09-23 08:54:11+00:00,1,1,0
2019-09-23 08:54:57+00:00,1,1,0
2019-09-23 08:55:31+00:00,1,1,0
2019-09-23 13:03:43+03:00,27,4,23
2019-09-23 12:14:14+02:00,1,1,0
2019-09-23 12:14:32+02:00,1,1,0
2019-09-23 12:14:50+02:00,1,1,0
2019-09-23 10:15:28+00:00,1,1,0
2019-09-23 13:25:31+03:00,3,2,1
2019-09-23 19:50:55+02:00,1,1,0
2019-09-23 13:17:20-06:00,38,19,19
2019-09-23 13:30:55-06:00,9,1,8
2019-09-23 13:35:18-06:00,10,0,10
2019-09-24 06:35:41+02:00,3,3,0
2019-09-24 06:39:00+02:00,2,2,0
2019-09-24 06:42:44+02:00,5,5,0
2019-09-24 06:56:31+02:00,8,8,0
2019-09-24 07:05:30+02:00,16,9,7
2019-09-24 07:07:06+02:00,12,0,12
2019-09-24 09:06:00+03:00,58,1,57
2019-09-24 09:07:25+03:00,28,127,-99
2019-09-24 11:07:12+02:00,7,2,5
2019-09-24 08:59:22-06:00,577,577,0
2019-09-24 09:03:44-06:00,1,1,0
2019-09-24 21:18:30+03:00,15,9,6
2019-09-24 21:19:45+03:00,7,2,5
2019-09-24 21:20:49+03:00,12,1,11
2019-09-24 20:07:54-04:00,14,11,3
2019-09-25 03:41:22+03:00,1,1,0
2019-09-25 06:22:39+02:00,1,1,0
2019-09-25 06:26:28+02:00,2,2,0
2019-09-25 11:40:34+02:00,38,5,33
2019-09-25 11:40:34+02:00,17,13,4
2019-09-25 11:40:34+02:00,10,8,2
2019-09-25 11:40:34+02:00,9,6,3
2019-09-25 11:55:24+02:00,22,14,8
2019-09-25 19:55:27+02:00,28,4,24
2019-09-26 02:04:48+03:00,1,1,0
2019-09-25 23:09:50-04:00,7,5,2
2019-09-26 06:15:40+02:00,1,1,0
2019-09-26 07:17:49+02:00,24,0,24
2019-09-26 07:17:54+02:00,54,2,52
2019-09-26 07:18:00+02:00,3,2,1
2019-09-26 09:31:31+02:00,1,1,0
2019-09-26 09:42:16+02:00,82,32,50
2019-09-26 11:59:21+03:00,7,4,3
2019-09-26 11:00:26+02:00,3,6,-3
2019-09-26 11:04:01+02:00,233,179,54
2019-09-26 09:22:49-06:00,53,50,3
2019-09-26 19:36:09+02:00,6,6,0
2019-09-26 19:37:34+02:00,113,79,34
2019-09-26 21:12:40+03:00,6,6,0
2019-09-28 04:13:53+03:00,1,1,0
2019-09-28 10:09:08+02:00,1,1,0
2019-09-28 10:14:38+02:00,1,1,0
2019-09-28 10:30:12+02:00,3,3,0
2019-09-28 10:36:46+02:00,8,5,3
2019-09-28 11:50:15+03:00,1,1,0
2019-09-28 11:54:26+03:00,1,1,0
2019-09-28 11:56:19+03:00,3,14,-11
2019-09-28 12:39:27+03:00,79,2,77
2019-09-29 00:43:27+03:00,27,0,27
2019-09-29 10:17:07+02:00,28,12,16
2019-09-29 10:25:47+02:00,2,4,-2
2019-09-29 11:33:40+03:00,2,4,-2
2019-09-29 11:54:20+03:00,37,2,35
2019-09-29 16:09:59+02:00,37,28,9
2019-09-29 16:17:20+02:00,1,1,0
2019-09-29 16:17:20+02:00,23,6,17
2019-09-29 16:17:20+02:00,2,10,-8
2019-09-29 16:17:20+02:00,5,5,0
2019-09-29 16:17:20+02:00,13,13,0
2019-09-29 16:17:20+02:00,1,1,0
2019-09-29 16:17:20+02:00,5,4,1
2019-09-29 16:17:20+02:00,7,7,0
2019-09-29 16:17:20+02:00,31,25,6
2019-09-29 16:17:20+02:00,2,2,0
2019-09-29 16:17:20+02:00,11,2,9
2019-09-29 16:17:20+02:00,16,5,11
2019-09-29 16:17:20+02:00,5,5,0
2019-09-29 16:17:20+02:00,9,10,-1
2019-09-29 16:17:20+02:00,1,0,1
2019-09-29 19:18:52+02:00,3,5,-2
2019-09-29 19:18:52+02:00,17,14,3
2019-09-29 19:18:52+02:00,1,1,0
2019-09-29 19:18:52+02:00,198,71,127
2019-09-29 19:21:18+02:00,6,6,0
2019-09-29 19:48:37+02:00,2,0,2
2019-09-29 23:18:04+03:00,18,20,-2
2019-09-30 03:55:55+03:00,68,0,68
2019-09-30 09:47:52+02:00,8,3,5
2019-09-30 09:48:00+02:00,40,0,40
2019-09-30 10:19:37+00:00,1,1,0
2019-09-30 10:20:05+00:00,1,1,0
2019-09-30 10:20:47+00:00,1,1,0
2019-09-30 10:21:37+00:00,1,1,0
2019-09-30 17:18:36+02:00,1,1,0
2019-09-30 17:18:49+02:00,1,1,0
2019-09-30 17:19:44+02:00,1,1,0
2019-09-30 15:20:07+00:00,1,1,0
2019-09-30 17:20:16+02:00,1,1,0
2019-09-30 18:32:29+03:00,48,3,45
2019-09-30 18:58:25+03:00,82,24,58
2019-09-30 20:01:55+03:00,4,2,2
2019-09-30 19:24:45+02:00,1,1,0
2019-09-30 17:26:03+00:00,1,1,0
2019-09-30 19:29:06+02:00,71,1,70
2019-09-30 19:32:46+02:00,6,6,0
2019-09-30 21:36:52+03:00,39,6,33
2019-10-01 00:33:33+03:00,37,18,19
2019-10-01 00:33:54+03:00,32,6,26
2019-10-01 06:49:11+02:00,7,7,0
2019-10-01 06:52:27+02:00,69,24,45
2019-10-01 07:02:30+02:00,25,14,11
2019-10-01 16:57:35+03:00,2,1,1
2019-10-01 19:59:08+03:00,25,14,11
2019-10-01 19:35:47+02:00,1,1,0
2019-10-01 19:58:20+02:00,269,154,115
2019-10-01 20:04:18+02:00,2870,2097,773
2019-10-01 21:12:52+03:00,29,0,29
2019-10-02 11:05:08+02:00,5,15,-10
2019-10-02 13:25:21+03:00,5,15,-10
2019-10-02 13:51:32+03:00,30,36,-6
2019-10-02 13:51:32+03:00,22,16,6
2019-10-02 18:47:45+03:00,13,12,1
2019-10-02 19:08:49+03:00,1,1,0
2019-10-03 02:58:45+03:00,8,0,8
2019-10-03 06:23:58+02:00,13,15,-2
2019-10-03 06:37:25+02:00,44,0,44
2019-10-03 06:54:15+02:00,49,5,44
2019-10-04 02:01:44+03:00,73,1,72
2019-10-04 02:32:48+03:00,2,2,0
2019-10-04 06:39:24+02:00,1,2,-1
2019-10-04 14:47:37+02:00,31,10,21
2019-10-05 09:56:01+02:00,2,2,0
2019-10-05 10:01:38+02:00,4,154,-150
2019-10-05 11:04:49+03:00,2,2,0
2019-10-05 11:12:36+03:00,4,154,-150
2019-10-05 10:32:42+02:00,8,9,-1
2019-10-05 11:51:27+03:00,0,55,-55
2019-10-05 10:52:49+02:00,24,24,0
2019-10-05 10:52:57+02:00,16,0,16
2019-10-05 10:54:28+02:00,5,0,5
2019-10-05 11:01:10+02:00,22,18,4
2019-10-05 13:29:59+03:00,82,81,1
2019-10-05 15:29:00+02:00,22,6,16
2019-10-05 15:33:44+02:00,55,33,22
2019-10-05 15:34:31+02:00,42,22,20
2019-10-06 10:32:19+02:00,22,3,19
2019-10-06 14:33:23+02:00,5,5,0
2019-10-06 16:28:15+03:00,204,18,186
2019-10-06 18:35:09+03:00,34,29,5
2019-10-07 07:02:43+02:00,8,8,0
2019-10-07 07:05:24+02:00,34,29,5
2019-10-07 10:22:59+00:00,1,1,0
2019-10-07 10:24:06+00:00,1,1,0
2019-10-07 10:24:29+00:00,1,1,0
2019-10-07 10:24:53+00:00,1,1,0
2019-10-07 13:30:20+03:00,118,60,58
2019-10-07 15:05:34+02:00,1,1,0
2019-10-07 15:05:48+02:00,1,1,0
2019-10-07 15:06:52+02:00,1,1,0
2019-10-07 13:06:59+00:00,1,1,0
2019-10-07 13:07:56+00:00,1,1,0
2019-10-07 17:14:43+02:00,1,1,0
2019-10-07 17:14:56+02:00,1,1,0
2019-10-07 15:16:39+00:00,1,1,0
2019-10-07 19:18:53+02:00,1,1,0
2019-10-07 19:31:21+02:00,1,1,0
2019-10-07 19:36:09+02:00,0,55,-55
2019-10-08 00:38:20+03:00,3,1,2
2019-10-08 00:50:47+03:00,0,9,-9
2019-10-08 00:58:25+03:00,4,4,0
2019-10-08 01:07:22+03:00,11,11,0
2019-10-08 06:21:05+02:00,19,1,18
2019-10-08 11:19:34+03:00,45,24,21
2019-10-08 19:39:31+02:00,19,1,18
2019-10-08 19:41:18+02:00,0,1,-1
2019-10-08 19:44:08+02:00,173,65,108
2019-10-08 21:54:03+03:00,0,1,-1
2019-10-08 22:07:38+03:00,3,3,0
2019-10-08 21:10:43+02:00,36,38,-2
2019-10-08 21:16:35+02:00,2,2,0
2019-10-08 22:31:43+03:00,36,38,-2
2019-10-08 22:32:39+03:00,5,5,0
2019-10-09 02:43:06+03:00,68,2,66
2019-10-09 02:44:04+03:00,25,0,25
2019-10-09 03:12:30+03:00,1,1,0
2019-10-09 18:25:57+03:00,103,2,101
2019-10-10 04:37:32+03:00,96,31,65
2019-10-10 16:08:11+02:00,279,95,184
2019-10-10 16:54:04+02:00,11,1,10
2019-10-10 19:28:11+02:00,1,1,0
2019-10-10 19:38:01+02:00,36,4,32
2019-10-10 19:38:40+02:00,74,1,73
2019-10-10 20:44:24+03:00,3,3,0
2019-10-10 19:57:19+02:00,3,3,0
2019-10-10 20:37:25+00:00,0,1,-1
2019-10-11 06:42:41+02:00,0,1,-1
2019-10-11 08:55:31+02:00,4,6,-2
2019-10-11 09:05:21+02:00,2,2,0
2019-10-11 22:15:21+03:00,36,4,32
2019-10-11 22:59:13+03:00,6,4,2
2019-10-11 23:33:22+03:00,11,42,-31
2019-10-13 03:41:25+03:00,5,7,-2
2019-10-13 09:42:48+02:00,61,29,32
2019-10-13 09:54:03+02:00,1,1,0
2019-10-13 11:04:51+03:00,11,11,0
2019-10-13 10:33:22+02:00,13,12,1
2019-10-13 13:12:20+03:00,108,2,106
2019-10-13 13:15:22+02:00,2,0,2
2019-10-13 13:15:22+02:00,9,2,7
2019-10-13 13:15:22+02:00,13,0,13
2019-10-13 13:15:22+02:00,12,0,12
2019-10-13 13:15:22+02:00,17,0,17
2019-10-13 13:15:22+02:00,140,0,140
2019-10-13 13:15:22+02:00,6,2,4
2019-10-13 13:15:22+02:00,2,2,0
2019-10-13 13:15:22+02:00,24,0,24
2019-10-13 13:15:22+02:00,23,14,9
2019-10-13 13:15:22+02:00,51,5,46
2019-10-13 13:15:22+02:00,6,4,2
2019-10-13 13:15:22+02:00,9,8,1
2019-10-13 13:15:22+02:00,4,2,2
2019-10-13 13:15:22+02:00,10,7,3
2019-10-13 13:15:22+02:00,15,9,6
2019-10-13 13:15:22+02:00,2,7,-5
2019-10-13 13:15:22+02:00,29,1,28
2019-10-13 13:15:22+02:00,11,4,7
2019-10-13 13:15:22+02:00,5,6,-1
2019-10-13 13:15:22+02:00,28,7,21
2019-10-13 13:15:22+02:00,69,69,0
2019-10-13 13:15:22+02:00,15,9,6
2019-10-13 13:15:22+02:00,9,2,7
2019-10-13 13:15:22+02:00,112,0,112
2019-10-13 13:15:22+02:00,24,0,24
2019-10-13 13:15:22+02:00,14,3,11
2019-10-13 13:15:22+02:00,12,22,-10
2019-10-13 13:15:22+02:00,2,6,-4
2019-10-13 13:15:22+02:00,25,0,25
2019-10-13 13:15:22+02:00,40,0,40
2019-10-13 13:15:22+02:00,92,9,83
2019-10-13 13:15:22+02:00,16,8,8
2019-10-13 13:15:22+02:00,22,0,22
2019-10-13 13:15:22+02:00,29,8,21
2019-10-13 13:15:22+02:00,34,1,33
2019-10-13 16:03:35+02:00,2,0,2
2019-10-13 16:04:40+02:00,45,7,38
2019-10-13 19:25:16+02:00,27,10,17
2019-10-13 19:39:07+02:00,27,1,26
2019-10-14 06:22:10+02:00,7,22,-15
2019-10-14 11:36:42+02:00,15,2,13
2019-10-14 12:47:07+03:00,15,2,13
2019-10-14 13:32:39+03:00,53,24,29
2019-10-14 13:48:33+03:00,7,4,3
2019-10-14 14:40:20+00:00,1,1,0
2019-10-14 14:41:00+00:00,1,1,0
2019-10-14 17:18:28+02:00,1,1,0
2019-10-14 17:18:41+02:00,1,1,0
2019-10-14 15:19:50+00:00,1,1,0
2019-10-14 19:30:51+02:00,1,1,0
2019-10-14 19:42:28+02:00,13,13,0
2019-10-14 20:17:40+02:00,16,11,5
2019-10-14 20:42:08+02:00,2,3,-1
2019-10-15 06:53:16+02:00,30,3,27
2019-10-15 12:26:06+02:00,3,3,0
2019-10-15 14:17:17+03:00,30,3,27
2019-10-15 14:18:05+03:00,13,13,0
2019-10-15 14:50:51+02:00,7,7,0
2019-10-15 19:45:01+02:00,10,11,-1
2019-10-15 21:07:01+03:00,2,2,0
2019-10-15 21:11:41+03:00,6,5,1
2019-10-15 21:22:19+02:00,28,24,4
2019-10-15 22:31:23+03:00,13,1,12
2019-10-15 22:35:14+03:00,1,1,0
2019-10-16 02:22:27+03:00,39,18,21
2019-10-16 03:02:58+03:00,12,15,-3
2019-10-16 03:55:04+03:00,9,2,7
2019-10-16 06:45:31+02:00,1,1,0
2019-10-16 08:11:42+02:00,8,8,0
2019-10-16 08:12:24+02:00,23,29,-6
2019-10-16 10:55:09+03:00,1,1,0
2019-10-16 23:17:52+03:00,30,36,-6
2019-10-17 02:09:19+03:00,25,19,6
2019-10-17 02:42:07+03:00,10,7,3
2019-10-17 03:06:51+03:00,6,3,3
2019-10-17 04:34:05+03:00,16,17,-1
2019-10-17 06:11:10+02:00,1,1,0
2019-10-17 17:22:33+03:00,60,0,60
2019-10-17 17:31:49+03:00,2,0,2
2019-10-17 17:49:04+03:00,9,4,5
2019-10-17 17:52:33+03:00,33,1,32
2019-10-17 18:19:50+03:00,23,1,22
2019-10-17 18:44:25+03:00,27,26,1
2019-10-17 19:05:50+03:00,2,1,1
2019-10-17 19:06:58+03:00,4,1,3
2019-10-17 19:24:39+03:00,11,1,10
2019-10-17 19:36:57+02:00,7,14,-7
2019-10-17 22:45:20+03:00,112,0,112
2019-10-17 23:40:29+03:00,65,64,1
2019-10-18 01:07:52+03:00,158,1,157
2019-10-18 01:26:05+03:00,20,20,0
2019-10-18 06:48:33+02:00,54,120,-66
2019-10-18 06:48:39+02:00,44,0,44
2019-10-18 06:48:39+02:00,15,5,10
2019-10-18 07:01:05+02:00,22,17,5
2019-10-18 07:10:02+02:00,2,2,0
2019-10-18 09:04:05+02:00,49,7,42
2019-10-18 10:00:43+02:00,4,0,4
2019-10-18 11:34:50+03:00,4,0,4
2019-10-18 11:31:43+02:00,8,6,2
2019-10-18 12:36:45+02:00,2,2,0
2019-10-18 14:55:59+03:00,116,38,78
2019-10-18 14:19:17+02:00,1,2,-1
2019-10-18 19:36:04+02:00,3,3,0
2019-10-18 20:43:44+03:00,11,10,1
2019-10-18 22:30:41+03:00,187,159,28
2019-10-18 23:29:19+03:00,19,19,0
2019-10-18 23:41:07+03:00,6,7,-1
2019-10-19 09:52:48+02:00,6,7,-1
2019-10-19 10:05:30+02:00,12,12,0
2019-10-19 11:13:10+02:00,7,6,1
2019-10-19 11:15:24+02:00,19,19,0
2019-10-19 13:18:52+02:00,1,1,0
2019-10-19 14:34:55+02:00,2,3,-1
2019-10-19 15:10:48+02:00,11,25,-14
2019-10-19 15:21:47+02:00,12,53,-41
2019-10-19 19:32:37+03:00,799,15,784
2019-10-19 19:38:16+02:00,8,0,8
2019-10-19 22:05:44+03:00,31,78,-47
2019-10-19 22:18:08+03:00,7,6,1
2019-10-20 08:50:14+02:00,475,231,244
2019-10-20 10:34:04+02:00,4,2,2
2019-10-20 10:35:36+02:00,2,1,1
2019-10-20 10:47:04+02:00,4,4,0
2019-10-20 16:22:11+02:00,19,5,14
2019-10-20 20:11:01+03:00,1,1,0
2019-10-20 20:13:50+03:00,3,1,2
2019-10-20 20:17:27+03:00,4,4,0
2019-10-20 19:32:34+02:00,2632,1112,1520
2019-10-20 19:35:38+02:00,25,24,1
2019-10-20 22:30:15+03:00,6,0,6
2019-10-20 22:43:00+03:00,3,1,2
2019-10-20 23:00:17+03:00,13,4,9
2019-10-20 23:22:45+03:00,1153,370,783
2019-10-20 23:26:25+03:00,0,2,-2
2019-10-20 23:31:44+03:00,2,1,1
2019-10-21 02:15:37+03:00,11,9,2
2019-10-21 06:38:30+02:00,47,42,5
2019-10-21 06:51:48+02:00,2,3,-1
2019-10-21 07:07:25+02:00,3,1,2
2019-10-21 08:37:49+03:00,18,5,13
2019-10-21 07:46:32+00:00,1,1,0
2019-10-21 07:47:53+00:00,1,1,0
2019-10-21 07:49:35+00:00,1,1,0
2019-10-21 07:50:16+00:00,1,1,0
2019-10-21 10:28:23+02:00,1,1,0
2019-10-21 08:29:57+00:00,1,1,0
2019-10-21 10:32:29+02:00,1,1,0
2019-10-21 08:33:48+00:00,1,1,0
2019-10-21 12:07:15+02:00,1,1,0
2019-10-21 12:24:20+02:00,1,1,0
2019-10-21 12:28:31+02:00,1,1,0
2019-10-21 10:29:50+00:00,1,1,0
2019-10-21 12:30:04+02:00,1,1,0
2019-10-21 14:06:46+03:00,4,2,2
2019-10-21 19:47:09+02:00,29,25,4
2019-10-22 00:03:11+03:00,1,1,0
2019-10-22 00:11:13+03:00,30,26,4
2019-10-22 12:22:48+03:00,13,12,1
2019-10-22 12:30:39+03:00,67,49,18
2019-10-22 13:48:54+03:00,1,1,0
2019-10-22 13:51:36+03:00,8,6,2
2019-10-22 14:02:47+02:00,1,1,0
2019-10-22 20:14:44+03:00,1,1,0
2019-10-22 20:19:03+03:00,1,1,0
2019-10-23 07:08:49+02:00,10,10,0
2019-10-23 22:42:13+03:00,720,26,694
2019-10-23 22:45:06+03:00,784,72,712
2019-10-23 23:45:33+03:00,719,25,694
2019-10-23 23:57:17+03:00,1,1,0
2019-10-24 00:16:32+03:00,11,11,0
2019-10-24 06:22:05+02:00,21,19,2
2019-10-24 06:30:07+02:00,1,1,0
2019-10-24 22:33:44+03:00,7,2,5
2019-10-24 23:11:07+03:00,0,136,-136
2019-10-25 06:14:59+02:00,7,2,5
2019-10-25 06:31:47+02:00,0,136,-136
2019-10-25 07:06:29+02:00,5,0,5
2019-10-25 07:07:01+02:00,43,3,40
2019-10-25 14:19:02+02:00,2,1,1
2019-10-25 15:01:35+02:00,36,1,35
2019-10-25 17:31:57+03:00,36,5,31
2019-10-25 19:47:37+02:00,4,3,1
2019-10-25 19:49:23+02:00,2,2,0
2019-10-25 20:00:08+02:00,21,20,1
2019-10-26 09:21:51+02:00,5,5,0
2019-10-26 10:31:59+03:00,45,8,37
2019-10-26 11:54:04+03:00,8,1,7
2019-10-26 12:08:58+03:00,8,1,7
2019-10-26 11:36:02+02:00,18,16,2
2019-10-26 12:45:05+03:00,2,1,1
2019-10-26 13:26:22+03:00,37,27,10
2019-10-26 13:23:37+02:00,93,123,-30
2019-10-26 13:24:40+02:00,53,73,-20
2019-10-26 13:28:04+02:00,8,6,2
2019-10-26 13:36:39+02:00,53,9,44
2019-10-26 15:41:31+03:00,1,1,0
2019-10-26 16:26:59+02:00,37,27,10
2019-10-26 16:34:13+02:00,6,0,6
2019-10-27 02:03:03+03:00,97,174,-77
2019-10-27 02:06:10+03:00,1,1,0
2019-10-27 03:44:49+03:00,1,1,0
2019-10-27 06:08:55+01:00,2,2,0
2019-10-27 06:09:38+01:00,1,1,0
2019-10-27 10:01:25+03:00,6,0,6
2019-10-27 09:44:56+01:00,4,0,4
2019-10-27 09:44:56+01:00,4,0,4
2019-10-27 09:44:56+01:00,14,0,14
2019-10-27 09:44:56+01:00,28,5,23
2019-10-27 09:44:56+01:00,29,15,14
2019-10-27 09:44:56+01:00,16,9,7
2019-10-27 09:44:56+01:00,4,1,3
2019-10-27 09:44:56+01:00,30,9,21
2019-10-27 09:44:56+01:00,36,1,35
2019-10-27 09:44:56+01:00,40,0,40
2019-10-27 09:44:56+01:00,41,45,-4
2019-10-27 09:44:56+01:00,12,17,-5
2019-10-27 10:01:13+01:00,17,0,17
2019-10-27 10:26:17+01:00,35,2,33
2019-10-27 10:26:21+01:00,3,2,1
2019-10-27 10:38:21+01:00,25,0,25
2019-10-27 10:56:38+01:00,27,15,12
2019-10-27 19:36:00+01:00,49,25,24
2019-10-27 19:46:05+01:00,25,22,3
2019-10-28 07:40:15+00:00,1,1,0
2019-10-28 07:40:57+00:00,1,1,0
2019-10-28 07:42:58+00:00,1,1,0
2019-10-28 12:40:19+01:00,1,1,0
2019-10-28 12:40:46+01:00,1,1,0
2019-10-28 12:41:03+01:00,1,1,0
2019-10-28 11:41:44+00:00,1,1,0
2019-10-28 12:43:35+01:00,4,4,0
2019-10-28 12:53:12+01:00,2,3,-1
2019-10-28 13:04:05+01:00,1,1,0
2019-10-28 13:05:54+01:00,10,10,0
2019-10-28 14:24:12+01:00,17,11,6
2019-10-28 14:30:01+01:00,19,1,18
2019-10-28 15:25:17+01:00,221,222,-1
2019-10-28 16:19:38+01:00,81,12,69
2019-10-28 16:21:00+01:00,14,14,0
2019-10-28 20:59:56+03:00,64,37,27
2019-10-28 21:04:31+03:00,36,12,24
2019-10-28 19:41:00+01:00,29,13,16
2019-10-28 23:33:30+03:00,320,76,244
2019-10-29 09:32:06+01:00,29,2,27
2019-10-29 10:44:35+01:00,85,22,63
2019-10-29 19:33:56+01:00,759,536,223
2019-10-30 04:04:28+03:00,2,2,0
2019-10-30 09:26:08+01:00,15,15,0
2019-10-30 12:55:45+03:00,15,15,0
2019-10-30 11:12:27+01:00,15,15,0
2019-10-30 11:12:49+01:00,45,15,30
2019-10-30 11:12:49+01:00,23,5,18
2019-10-30 11:12:49+01:00,15,2,13
2019-10-30 11:12:49+01:00,24,9,15
2019-10-30 11:12:49+01:00,16,18,-2
2019-10-30 11:12:49+01:00,6,4,2
2019-10-30 11:12:49+01:00,46,0,46
2019-10-30 11:12:49+01:00,10,7,3
2019-10-30 13:27:04+01:00,25,28,-3
2019-10-30 13:27:36+01:00,2,1,1
2019-10-30 13:35:55+01:00,27,11,16
2019-10-30 14:07:23+01:00,17,5,12
2019-10-30 14:12:41+01:00,42,3,39
2019-10-30 15:57:08+01:00,6,6,0
2019-10-30 15:59:52+01:00,204,68,136
2019-10-30 16:02:24+01:00,25,21,4
2019-10-30 16:30:47+01:00,79,47,32
2019-10-30 16:32:22+01:00,19,2,17
2019-10-30 16:39:45+01:00,2,2,0
2019-10-30 16:41:17+01:00,433,138,295
2019-10-30 20:05:44+01:00,6,6,0
2019-10-30 20:07:26+01:00,9,3,6
2019-10-31 06:25:02+01:00,1,1,0
2019-10-31 06:25:30+01:00,1,1,0
2019-10-31 06:27:22+01:00,19,1,18
2019-10-31 06:27:27+01:00,17,11,6
2019-10-31 06:29:09+01:00,15,15,0
2019-10-31 06:43:42+01:00,9,13,-4
2019-10-31 06:57:37+01:00,7,4,3
2019-10-31 09:02:55+03:00,9,13,-4
2019-10-31 09:07:07+03:00,24,28,-4
2019-10-31 07:08:02+01:00,117,108,9
2019-10-31 07:11:57+01:00,3,7,-4
2019-10-31 07:16:25+01:00,83,79,4
2019-10-31 07:26:48+01:00,51,112,-61
2019-10-31 10:04:28+01:00,50,0,50
2019-10-31 10:59:17+01:00,132,126,6
2019-10-31 13:09:01+03:00,132,126,6
2019-10-31 13:10:16+03:00,7,4,3
2019-10-31 12:49:41+01:00,1,1,0
2019-10-31 13:30:45+01:00,28,30,-2
2019-10-31 22:05:03+03:00,289,291,-2
2019-10-31 23:13:37+03:00,9,3,6
2019-10-31 23:19:30+03:00,170,45,125
2019-11-01 00:13:31+03:00,83,16,67
2019-11-01 06:14:55+01:00,2,2,0
2019-11-01 15:39:49+01:00,10,6,4
2019-11-01 16:42:57+01:00,31,20,11
2019-11-01 21:40:23+03:00,41,26,15
2019-11-01 19:52:07+01:00,3567,1389,2178
2019-11-02 02:22:58+03:00,38,0,38
2019-11-02 02:32:57+03:00,1,1,0
2019-11-02 06:47:15+01:00,38,0,38
2019-11-02 11:10:33+01:00,4,11,-7
2019-11-02 11:11:13+01:00,10,38,-28
2019-11-02 11:12:08+01:00,1,1,0
2019-11-02 13:01:42+01:00,27,9,18
2019-11-02 14:17:15+01:00,4,0,4
2019-11-03 09:55:38+01:00,6,4,2
2019-11-03 10:03:33+01:00,48,59,-11
2019-11-03 10:09:49+01:00,856,615,241
2019-11-03 10:18:46+01:00,2,2,0
2019-11-03 10:58:31+01:00,3,3,0
2019-11-04 15:32:05+03:00,3,3,0
2019-11-04 19:28:07+03:00,2,2,0
2019-11-05 12:08:57+01:00,3,0,3
2019-11-05 12:14:39+01:00,1,1,0
2019-11-05 12:32:23+01:00,3,0,3
2019-11-05 12:39:19+01:00,42,25,17
2019-11-05 19:34:23+01:00,42,25,17
2019-11-05 21:03:06+01:00,3,2,1
2019-11-05 21:14:26+01:00,3,2,1
2019-11-06 07:21:09+00:00,1,1,0
2019-11-06 07:21:39+00:00,1,1,0
2019-11-06 07:21:55+00:00,1,1,0
2019-11-06 09:36:18+01:00,1,1,0
2019-11-06 09:36:43+01:00,1,1,0
2019-11-06 08:37:38+00:00,1,1,0
2019-11-06 10:13:31+01:00,1,1,0
2019-11-06 10:13:46+01:00,1,1,0
2019-11-06 19:33:15+01:00,14,10,4
2019-11-07 06:18:15+01:00,14,10,4
2019-11-08 03:07:43+03:00,110,34,76
2019-11-08 03:48:08+03:00,1,1,0
2019-11-08 06:55:07+01:00,39,10,29
2019-11-08 01:32:08-05:00,1,12,-11
2019-11-08 11:33:47+03:00,28,10,18
2019-11-08 09:37:54+01:00,0,1,-1
2019-11-08 09:39:06+01:00,1,0,1
2019-11-08 10:29:00+01:00,2,0,2
2019-11-08 12:47:28+03:00,9,3,6
2019-11-08 14:43:27+01:00,3,1,2
2019-11-08 17:32:18+03:00,4,2,2
2019-11-08 19:38:32+03:00,20,16,4
2019-11-09 06:55:16+01:00,142,164,-22
2019-11-09 07:05:17+01:00,57,7,50
2019-11-09 07:07:33+01:00,5,6,-1
2019-11-09 07:19:46+01:00,21,16,5
2019-11-09 07:23:34+01:00,13,4,9
2019-11-09 09:07:46+01:00,28,16,12
2019-11-09 09:31:17+01:00,43,26,17
2019-11-09 09:42:34+01:00,17,10,7
2019-11-09 13:40:36+01:00,66,44,22
2019-11-09 13:59:19+01:00,28,10,18
2019-11-09 13:59:35+01:00,0,2,-2
2019-11-09 14:00:32+01:00,27,17,10
2019-11-09 14:16:03+01:00,32,14,18
2019-11-09 14:16:11+01:00,11,8,3
2019-11-09 14:39:28+01:00,47,31,16
2019-11-09 14:44:39+01:00,30,2,28
2019-11-09 14:49:41+01:00,23,5,18
2019-11-09 15:04:04+01:00,39,20,19
2019-11-09 15:23:36+01:00,46,26,20
2019-11-09 15:28:03+01:00,1,1,0
2019-11-09 15:28:36+01:00,2,2,0
2019-11-09 15:34:47+01:00,957,671,286
2019-11-09 15:41:51+01:00,2,7,-5
2019-11-09 16:19:58+01:00,43,20,23
2019-11-09 16:24:24+01:00,3,0,3
2019-11-09 19:45:09+01:00,11,2,9
2019-11-10 19:31:13+01:00,1,1,0
2019-11-11 01:14:16+03:00,46,20,26
2019-11-11 01:27:43+03:00,21,15,6
2019-11-11 02:17:41+03:00,3,3,0
2019-11-11 07:16:35+01:00,24,6,18
2019-11-11 08:55:37+01:00,7,0,7
2019-11-11 11:13:47+03:00,31,6,25
2019-11-11 11:18:43+03:00,1,1,0
2019-11-11 11:23:29+03:00,10,10,0
2019-11-11 11:37:57+03:00,3,3,0
2019-11-11 09:59:09+01:00,3,3,0
2019-11-11 09:59:52+01:00,1,1,0
2019-11-11 10:11:46+01:00,10,10,0
2019-11-11 12:23:24+03:00,3,4,-1
2019-11-11 10:39:20+01:00,3,4,-1
2019-11-11 10:18:58+00:00,1,1,0
2019-11-11 10:19:36+00:00,1,1,0
2019-11-11 10:20:30+00:00,1,1,0
2019-11-11 11:27:43+01:00,1,1,0
2019-11-11 11:41:58+01:00,1,1,0
2019-11-11 14:24:40+01:00,1,1,0
2019-11-11 19:37:10+01:00,195,10,185
2019-11-11 19:37:18+01:00,1,0,1
2019-11-11 19:37:22+01:00,16,7,9
2019-11-11 19:42:05+01:00,6,6,0
2019-11-11 20:10:56+01:00,21,1,20
2019-11-11 20:25:44+01:00,2,2,0
2019-11-11 22:42:32+03:00,21,1,20
2019-11-12 00:07:27+03:00,1,1,0
2019-11-12 06:35:26+01:00,1,1,0
2019-11-12 09:27:53+01:00,16,5,11
2019-11-12 09:31:46+01:00,120,44,76
2019-11-12 10:33:49+01:00,38,5,33
2019-11-12 10:35:36+01:00,1,1,0
2019-11-12 10:54:38+01:00,15,2,13
2019-11-12 11:04:03+01:00,18,0,18
2019-11-12 13:14:43+01:00,3,1,2
2019-11-12 13:55:18+01:00,17,17,0
2019-11-12 14:58:41+01:00,43,14,29
2019-11-12 15:11:31+01:00,1,2,-1
2019-11-12 15:13:06+01:00,107,106,1
2019-11-12 15:13:06+01:00,43,43,0
2019-11-12 15:13:06+01:00,25,25,0
2019-11-12 15:13:06+01:00,8,8,0
2019-11-12 15:13:06+01:00,6,6,0
2019-11-12 15:13:06+01:00,12,12,0
2019-11-12 15:45:14+01:00,18,17,1
2019-11-13 00:35:04+03:00,3,1,2
2019-11-13 09:39:00+01:00,15,15,0
2019-11-13 10:03:59+01:00,7,4,3
2019-11-13 13:10:18+03:00,53,25,28
2019-11-13 11:13:48+01:00,1,1,0
2019-11-13 11:28:26+01:00,3,3,0
2019-11-13 13:50:07+03:00,198,197,1
2019-11-13 13:59:38+01:00,1,1,0
2019-11-13 19:50:54+03:00,29,0,29
2019-11-13 20:22:23+03:00,14,10,4
2019-11-13 19:30:36+01:00,18,0,18
2019-11-13 19:38:38+01:00,1,1,0
2019-11-13 19:52:50+01:00,35,2,33
2019-11-13 22:25:58+03:00,18,17,1
2019-11-13 20:44:55+01:00,9,8,1
2019-11-13 20:46:21+01:00,6,1,5
2019-11-13 22:58:44+03:00,15,9,6
2019-11-13 23:09:05+03:00,38,0,38
2019-11-13 23:32:37+03:00,5,1,4
2019-11-14 06:28:42+01:00,474,237,237
2019-11-14 06:45:14+01:00,934,532,402
2019-11-14 06:49:21+01:00,5,4,1
2019-11-14 06:51:02+01:00,1,1,0
2019-11-14 07:06:00+01:00,2,2,0
2019-11-14 08:44:10+01:00,1,1,0
2019-11-15 06:58:12+01:00,258,16,242
2019-11-15 20:10:17+01:00,9,5,4
2019-11-16 09:47:56+01:00,1,0,1
2019-11-16 09:56:16+01:00,25,1,24
2019-11-16 15:53:45+01:00,7,1,6
2019-11-16 23:05:05+03:00,7,1,6
2019-11-17 01:15:59+03:00,35,6,29
2019-11-17 10:38:16+01:00,19,5,14
2019-11-17 13:20:21+03:00,19,5,14
2019-11-17 14:40:59+01:00,21,10,11
2019-11-17 15:03:38+01:00,49,0,49
2019-11-17 15:03:45+01:00,22,0,22
2019-11-17 15:05:56+01:00,6,0,6
2019-11-17 15:13:24+01:00,21,1,20
2019-11-17 15:22:44+01:00,2,2,0
2019-11-18 07:20:02+00:00,1,1,0
2019-11-18 07:20:30+00:00,1,1,0
2019-11-18 07:20:50+00:00,1,1,0
2019-11-18 07:21:25+00:00,1,1,0
2019-11-18 07:22:18+00:00,1,1,0
2019-11-18 07:22:41+00:00,1,1,0
2019-11-18 07:24:39+00:00,1,1,0
2019-11-18 08:30:02+01:00,1,1,0
2019-11-18 08:37:43+01:00,1,1,0
2019-11-18 07:39:12+00:00,1,1,0
2019-11-18 08:41:42+01:00,1,1,0
2019-11-18 07:42:57+00:00,1,1,0
2019-11-18 09:38:01+01:00,1,1,0
2019-11-18 09:38:21+01:00,1,1,0
2019-11-18 09:38:33+01:00,1,1,0
2019-11-18 09:39:16+01:00,1,1,0
2019-11-18 09:39:34+01:00,1,1,0
2019-11-18 09:45:16+01:00,1,1,0
2019-11-19 06:37:06+01:00,30,41,-11
2019-11-19 06:49:45+01:00,15,14,1
2019-11-19 06:50:23+01:00,8,10,-2
2019-11-19 12:20:21+01:00,7,5,2
2019-11-19 19:33:04+01:00,3,3,0
2019-11-19 20:19:10+01:00,880,266,614
2019-11-20 15:25:56+03:00,34,35,-1
2019-11-20 18:42:41+03:00,98,1,97
2019-11-20 19:31:30+03:00,7,1,6
2019-11-20 19:39:49+01:00,7,1,6
2019-11-20 19:54:16+01:00,3,1,2
2019-11-20 20:10:41+01:00,9,5,4
2019-11-20 22:18:51+03:00,57,45,12
2019-11-20 20:36:38+01:00,3,2,1
2019-11-20 20:37:46+01:00,23,0,23
2019-11-21 05:10:48+03:00,2,2,0
2019-11-21 06:32:45+01:00,0,0,0
2019-11-21 06:32:45+01:00,66,4,62
2019-11-21 06:32:45+01:00,82,73,9
2019-11-21 06:32:45+01:00,8,3,5
2019-11-21 06:32:45+01:00,4,4,0
2019-11-21 06:32:45+01:00,3,2,1
2019-11-21 06:32:45+01:00,19,6,13
2019-11-21 06:32:45+01:00,36,0,36
2019-11-21 06:32:45+01:00,21,19,2
2019-11-21 06:32:45+01:00,351,2,349
2019-11-21 06:32:45+01:00,2,0,2
2019-11-21 06:32:45+01:00,11,6,5
2019-11-21 06:32:45+01:00,189,3,186
2019-11-21 06:32:45+01:00,6,5,1
2019-11-21 06:32:45+01:00,28,2,26
2019-11-21 06:32:45+01:00,12,6,6
2019-11-21 06:32:45+01:00,2,3,-1
2019-11-21 06:32:45+01:00,20,14,6
2019-11-21 06:32:45+01:00,39,2,37
2019-11-21 06:32:45+01:00,21,16,5
2019-11-21 06:32:45+01:00,9,3,6
2019-11-21 06:32:45+01:00,10,5,5
2019-11-21 06:32:45+01:00,81,10,71
2019-11-21 06:40:30+01:00,182,201,-19
2019-11-21 06:49:16+01:00,32,17,15
2019-11-21 07:13:56+01:00,172,168,4
2019-11-21 07:21:19+01:00,37,8,29
2019-11-21 12:09:43+03:00,34,6,28
2019-11-21 12:15:32+03:00,7,5,2
2019-11-21 11:06:15+01:00,2,2,0
2019-11-21 19:28:53+01:00,12,5,7
2019-11-21 19:49:04+01:00,65,37,28
2019-11-21 20:01:08+01:00,50,36,14
2019-11-22 13:44:50+01:00,8,0,8
2019-11-23 03:37:29+03:00,37,0,37
2019-11-23 03:42:58+03:00,2357,885,1472
2019-11-23 04:03:47+03:00,1,0,1
2019-11-23 11:32:33+03:00,33,13,20
2019-11-23 11:51:52+03:00,1,1,0
2019-11-23 12:00:43+03:00,3,2,1
2019-11-23 12:20:41+03:00,7,5,2
2019-11-23 12:30:49+03:00,7,2,5
2019-11-23 14:12:27+01:00,50,2,48
2019-11-23 14:20:41+01:00,6,3,3
2019-11-23 14:27:23+01:00,2,2,0
2019-11-23 14:52:44+01:00,2,2,0
2019-11-23 21:07:46+03:00,2,2,0
2019-11-23 19:25:35+01:00,47,19,28
2019-11-23 20:20:34+01:00,5,4,1
2019-11-23 22:50:46+03:00,5,4,1
2019-11-24 09:49:29+01:00,7,0,7
2019-11-24 09:50:31+01:00,3,3,0
2019-11-24 09:55:34+01:00,7,4,3
2019-11-24 15:21:23+03:00,1125,204,921
2019-11-24 15:26:01+03:00,10,3,7
2019-11-24 19:22:43+01:00,4,2,2
2019-11-24 19:30:09+01:00,75,58,17
2019-11-24 19:30:09+01:00,38,27,11
2019-11-24 19:41:51+01:00,12,9,3
2019-11-24 19:47:20+01:00,0,18,-18
2019-11-25 07:05:30+01:00,26,16,10
2019-11-25 07:05:30+01:00,1,1,0
2019-11-25 07:05:30+01:00,13,10,3
2019-11-25 07:05:30+01:00,0,9,-9
2019-11-25 07:05:30+01:00,5,5,0
2019-11-25 07:06:55+01:00,18,18,0
2019-11-25 07:12:30+01:00,2,2,0
2019-11-25 07:12:39+01:00,7,7,0
2019-11-25 07:20:40+00:00,1,1,0
2019-11-25 07:21:16+00:00,1,1,0
2019-11-25 07:21:32+00:00,1,1,0
2019-11-25 07:21:52+00:00,1,1,0
2019-11-25 07:22:09+00:00,1,1,0
2019-11-25 10:35:50+01:00,1,1,0
2019-11-25 10:36:08+01:00,1,1,0
2019-11-25 10:36:22+01:00,1,1,0
2019-11-25 10:36:43+01:00,1,1,0
2019-11-25 10:37:09+01:00,1,1,0
2019-11-25 12:56:05+01:00,31,31,0
2019-11-25 14:20:41+01:00,36,36,0
2019-11-25 14:25:02+01:00,63,63,0
2019-11-25 15:43:09+01:00,8,5,3
2019-11-26 11:57:02+03:00,20,0,20
2019-11-26 11:57:58+03:00,1,1,0
2019-11-26 12:00:20+03:00,7,7,0
2019-11-26 12:07:43+03:00,4,4,0
2019-11-26 12:28:04+03:00,1,0,1
2019-11-26 11:48:01+01:00,9,5,4
2019-11-26 12:12:41+01:00,1,1,0
2019-11-26 14:24:25+03:00,1,1,0
2019-11-26 15:01:42+03:00,354,132,222
2019-11-26 15:14:42+03:00,1139,211,928
2019-11-27 05:12:54+03:00,2,2,0
2019-11-27 14:53:01+03:00,4,0,4
2019-11-27 14:18:40+01:00,23,23,0
2019-11-27 14:24:14+01:00,8,4,4
2019-11-27 14:46:09+01:00,70,64,6
2019-11-27 18:39:18+03:00,120,105,15
2019-11-27 16:51:03+01:00,7,7,0
2019-11-27 19:35:22+03:00,4,1,3
2019-11-27 19:28:52+01:00,39,14,25
2019-11-27 19:48:21+01:00,165,125,40
2019-11-27 22:52:43+03:00,47,10,37
2019-11-28 21:21:43+01:00,1,2,-1
2019-11-28 21:22:40+01:00,7,12,-5
2019-11-29 06:25:41+01:00,155,134,21
2019-11-29 09:35:13+01:00,1,1,0
2019-11-30 21:38:50+03:00,5344,2288,3056
2019-11-30 19:53:22+01:00,33,1,32
2019-11-30 22:28:48+03:00,28,12,16
2019-11-30 22:32:12+03:00,4,1,3
2019-11-30 22:35:13+03:00,1,1,0
2019-12-01 01:28:26+03:00,36,8,28
2019-12-01 02:27:17+03:00,6,6,0
2019-12-01 02:50:44+03:00,11,6,5
2019-12-01 03:28:23+03:00,1506,488,1018
2019-12-01 03:31:03+03:00,21,0,21
2019-12-01 09:45:19+01:00,148,9,139
2019-12-01 13:07:17+03:00,1,1,0
2019-12-01 13:13:41+03:00,1,1,0
2019-12-01 16:15:00+03:00,30,41,-11
2019-12-01 17:44:14+03:00,1,1,0
2019-12-01 18:01:59+03:00,17,2,15
2019-12-01 18:34:25+03:00,5,2,3
2019-12-01 19:10:30+03:00,1,1,0
2019-12-02 06:55:54+01:00,1,1,0
2019-12-02 06:56:19+01:00,5,2,3
2019-12-02 07:00:38+01:00,11,2,9
2019-12-02 07:19:06+00:00,1,1,0
2019-12-02 07:19:49+00:00,1,1,0
2019-12-02 08:45:47+01:00,1,1,0
2019-12-02 07:46:57+00:00,1,1,0
2019-12-02 08:58:12+01:00,1,1,0
2019-12-02 09:35:59+01:00,1,1,0
2019-12-03 00:23:14+03:00,231,63,168
2019-12-03 06:36:43+01:00,3,1,2
2019-12-03 06:37:10+01:00,11,8,3
2019-12-03 06:41:59+01:00,19,2,17
2019-12-03 09:11:39+03:00,30,10,20
2019-12-03 12:51:52+03:00,1,1,0
2019-12-03 12:27:52+01:00,1,1,0
2019-12-03 15:10:27+01:00,38,4,34
2019-12-03 16:15:10+01:00,40,4,36
2019-12-03 21:30:50+03:00,64,57,7
2019-12-03 21:36:25+03:00,1,0,1
2019-12-03 23:20:00+03:00,3,3,0
2019-12-04 06:57:44+01:00,7,7,0
2019-12-04 07:01:09+01:00,1,1,0
2019-12-04 07:58:30+01:00,65,57,8
2019-12-04 12:14:37+01:00,2,5,-3
2019-12-04 12:25:57+01:00,2,1,1
2019-12-04 14:45:44+03:00,7,7,0
2019-12-04 14:30:53+01:00,29,33,-4
2019-12-04 18:31:37+03:00,143,33,110
2019-12-04 23:14:47+03:00,42,29,13
2019-12-04 23:15:19+03:00,3,3,0
2019-12-05 01:08:38+03:00,924,411,513
2019-12-05 01:11:06+03:00,3,3,0
2019-12-05 14:16:18+03:00,65,0,65
2019-12-05 14:30:55+03:00,5,1,4
2019-12-05 20:31:02+01:00,2,2,0
2019-12-05 20:35:54+01:00,2,1,1
2019-12-05 20:44:12+01:00,10,0,10
2019-12-05 23:29:31+03:00,8,1,7
2019-12-06 06:06:41+01:00,1,1,0
2019-12-06 06:48:10+01:00,4,3,1
2019-12-06 09:18:40+03:00,10,0,10
2019-12-07 14:30:14+01:00,24,20,4
2019-12-07 15:18:09+01:00,17,0,17
2019-12-07 15:18:12+01:00,12,6,6
2019-12-07 15:26:10+01:00,7,1,6
2019-12-07 15:28:56+01:00,13,10,3
2019-12-07 15:42:47+01:00,13,0,13
2019-12-07 19:31:15+01:00,9,4,5
2019-12-07 22:08:46+03:00,18,0,18
2019-12-07 20:21:25+01:00,1,1,0
2019-12-08 11:42:27+01:00,1,1,0
2019-12-08 14:07:46+01:00,7,2,5
2019-12-08 14:10:04+01:00,35,12,23
2019-12-08 14:10:26+01:00,2,0,2
2019-12-09 04:37:58+03:00,97,1,96
2019-12-09 07:25:03+00:00,1,1,0
2019-12-09 07:25:28+00:00,1,1,0
2019-12-09 07:25:44+00:00,1,1,0
2019-12-09 07:26:06+00:00,1,1,0
2019-12-09 07:26:42+00:00,1,1,0
2019-12-09 07:26:53+00:00,1,1,0
2019-12-09 08:34:01+01:00,1,1,0
2019-12-09 08:42:00+01:00,1,1,0
2019-12-09 08:59:35+01:00,1,1,0
2019-12-09 08:59:46+01:00,1,1,0
2019-12-09 09:00:08+01:00,1,1,0
2019-12-09 12:49:04+03:00,25,9,16
2019-12-09 16:52:12+01:00,63,6,57
2019-12-09 23:43:50+03:00,1,1,0
2019-12-09 23:50:40+03:00,5,4,1
2019-12-10 00:22:11+03:00,22,0,22
2019-12-10 00:30:26+03:00,661,150,511
2019-12-10 00:33:57+03:00,1,1,0
2019-12-10 03:32:43+03:00,28,9,19
2019-12-10 06:00:44+01:00,1,1,0
2019-12-10 14:06:17+03:00,2,2,0
2019-12-10 15:46:29+03:00,7,2,5
2019-12-10 15:12:36+01:00,8,5,3
2019-12-10 16:10:51+01:00,7,6,1
2019-12-10 16:20:39+01:00,9,3,6
2019-12-11 06:48:40+01:00,5,7,-2
2019-12-11 07:12:37+01:00,138,13,125
2019-12-11 07:15:00+01:00,45,14,31
2019-12-11 19:53:42+01:00,30,11,19
2019-12-12 03:12:28+03:00,8,1,7
2019-12-12 14:08:44+01:00,1,1,0
2019-12-12 14:27:39+01:00,139,14,125
2019-12-13 06:52:33+01:00,24,1,23
2019-12-13 06:59:10+01:00,8,4,4
2019-12-13 07:06:54+01:00,75,3,72
2019-12-13 13:13:20+03:00,8,4,4
2019-12-13 13:59:18+03:00,15,5,10
2019-12-13 20:27:06+01:00,12,1,11
2019-12-13 20:27:39+01:00,10,0,10
2019-12-14 12:55:02+01:00,2,2,0
2019-12-14 15:11:12+03:00,22,1,21
2019-12-14 15:15:20+03:00,1,1,0
2019-12-14 15:17:45+03:00,1,1,0
2019-12-14 13:22:42+01:00,4,4,0
2019-12-14 15:54:59+01:00,23,6,17
2019-12-14 16:11:34+01:00,1,1,0
2019-12-14 19:53:20+01:00,1,1,0
2019-12-14 22:43:37+03:00,1,1,0
2019-12-14 23:10:40+03:00,6,6,0
2019-12-14 23:11:36+03:00,118,25,93
2019-12-15 01:10:09+03:00,2,2,0
2019-12-15 09:20:36+01:00,2,2,0
2019-12-15 09:26:17+01:00,5,4,1
2019-12-15 09:38:06+01:00,7,3,4
2019-12-15 09:38:18+01:00,46,14,32
2019-12-15 09:44:10+01:00,6584,2550,4034
2019-12-15 09:48:35+01:00,38,34,4
2019-12-15 09:49:56+01:00,11,0,11
2019-12-15 10:26:56+01:00,36,6,30
2019-12-15 10:39:52+01:00,9,6,3
2019-12-15 10:41:57+01:00,4,1,3
2019-12-15 10:55:15+01:00,6,11,-5
2019-12-15 10:57:27+01:00,3,0,3
2019-12-15 11:03:40+01:00,6,1,5
2019-12-15 20:27:27+03:00,11,0,11
2019-12-16 06:22:54+01:00,1,1,0
2019-12-16 07:29:42+00:00,1,1,0
2019-12-16 07:30:04+00:00,1,1,0
2019-12-16 07:30:27+00:00,1,1,0
2019-12-16 07:30:46+00:00,1,1,0
2019-12-16 07:31:38+00:00,1,1,0
2019-12-16 10:43:35+01:00,1,1,0
2019-12-16 10:44:00+01:00,1,1,0
2019-12-16 10:45:02+01:00,1,1,0
2019-12-16 09:46:17+00:00,1,1,0
2019-12-16 10:47:01+01:00,1,1,0
2019-12-16 10:50:47+01:00,1,1,0
2019-12-16 11:08:45+01:00,1,1,0
2019-12-16 14:00:11+03:00,111,31,80
2019-12-16 21:43:33+03:00,11,11,0
2019-12-16 21:57:03+03:00,46,46,0
2019-12-16 22:01:26+03:00,0,5,-5
2019-12-16 22:12:26+03:00,6,5,1
2019-12-16 20:38:36+01:00,25,2,23
2019-12-16 23:25:57+03:00,5,0,5
2019-12-17 06:11:44+01:00,1,1,0
2019-12-17 06:58:10+01:00,82,27,55
2019-12-17 07:02:02+01:00,18,7,11
2019-12-17 07:08:36+01:00,15,8,7
2019-12-17 07:09:56+01:00,1,3,-2
2019-12-17 07:13:08+01:00,1,0,1
2019-12-17 08:31:44+01:00,1,1,0
2019-12-17 08:53:30+01:00,32,30,2
2019-12-17 09:22:56+01:00,62,61,1
2019-12-17 09:36:26+01:00,40,60,-20
2019-12-17 10:51:49+01:00,1,1,0
2019-12-17 11:07:59+01:00,4,1,3
2019-12-17 13:10:36+03:00,25,2,23
2019-12-17 13:13:40+03:00,40,60,-20
2019-12-17 11:35:39+01:00,5,1,4
2019-12-17 13:43:42+03:00,96,39,57
2019-12-17 11:51:50+01:00,1,1,0
2019-12-17 14:06:21+03:00,8,37,-29
2019-12-17 14:23:30+03:00,7,0,7
2019-12-17 18:23:31+03:00,0,6,-6
2019-12-17 19:30:04+01:00,2,2,0
2019-12-17 21:51:13+03:00,144,70,74
2019-12-18 00:30:47+03:00,61,39,22
2019-12-18 01:06:03+03:00,44,53,-9
2019-12-18 06:26:06+01:00,44,53,-9
2019-12-18 16:34:30+01:00,136,136,0
2019-12-18 16:38:57+01:00,35,0,35
2019-12-18 16:41:54+01:00,8,4,4
2019-12-18 16:49:56+01:00,7,1,6
2019-12-18 19:41:51+01:00,19,26,-7
2019-12-18 19:43:37+01:00,1,1,0
2019-12-18 19:45:31+01:00,811,362,449
2019-12-18 20:02:15+01:00,1,1,0
2019-12-18 20:16:53+01:00,16,6,10
2019-12-18 20:30:42+01:00,7,10,-3
2019-12-18 20:38:21+01:00,2,1,1
2019-12-19 19:55:21+01:00,1,3,-2
2019-12-20 14:26:22+03:00,8,10,-2
2019-12-20 14:50:13+03:00,1,3,-2
2019-12-22 00:17:51+03:00,29,23,6
2019-12-22 08:43:31+01:00,29,23,6
2019-12-22 09:25:13+01:00,26,1,25
2019-12-22 09:25:13+01:00,1,1,0
2019-12-22 09:25:13+01:00,6,2,4
2019-12-22 09:35:06+01:00,4,2,2
2019-12-22 09:46:00+01:00,27,1,26
2019-12-22 09:47:37+01:00,0,5,-5
2019-12-22 09:55:40+01:00,43,0,43
2019-12-22 09:59:25+01:00,3,1,2
2019-12-22 10:16:16+01:00,2,2,0
2019-12-22 10:16:56+01:00,37,48,-11
2019-12-22 13:42:44+03:00,33,4,29
2019-12-22 13:46:32+03:00,39,50,-11
2019-12-22 14:34:25+03:00,4,2,2
2019-12-22 12:49:01+01:00,3,3,0
2019-12-22 15:03:24+03:00,72,6,66
2019-12-23 06:26:13+00:00,1,1,0
2019-12-23 07:37:04+00:00,1,1,0
2019-12-23 07:38:05+00:00,1,1,0
2019-12-23 07:38:10+00:00,1,1,0
2019-12-23 07:39:25+00:00,1,1,0
2019-12-23 09:26:35+01:00,1,1,0
2019-12-23 09:26:50+01:00,1,1,0
2019-12-23 08:28:05+00:00,1,1,0
2019-12-23 09:39:22+01:00,1,1,0
2019-12-23 09:40:15+01:00,1,1,0
2019-12-23 09:47:02+01:00,1,1,0
2019-12-23 09:48:35+01:00,1,1,0
2019-12-23 09:53:55+01:00,2,1,1
2019-12-23 09:56:12+01:00,35,26,9
2019-12-23 10:03:18+01:00,24,24,0
2019-12-23 10:06:19+01:00,20,17,3
2019-12-23 10:09:08+01:00,22,20,2
2019-12-23 10:23:48+01:00,116,112,4
2019-12-23 10:46:35+01:00,2,1,1
2019-12-23 15:11:29+01:00,9,11,-2
2019-12-23 15:13:55+01:00,1,1,0
2019-12-23 19:32:31+01:00,3,3,0
2019-12-23 20:43:31+01:00,0,1,-1
2019-12-24 00:35:52+03:00,217,197,20
2019-12-24 07:19:35+03:00,21,18,3
2019-12-24 06:27:11+01:00,5,2,3
2019-12-24 06:31:05+01:00,1,1,0
2019-12-24 06:33:51+01:00,409,301,108
2019-12-24 06:47:25+01:00,26,3,23
2019-12-24 06:58:30+01:00,5,4,1
2019-12-24 07:05:35+01:00,193,152,41
2019-12-24 07:13:44+01:00,10,10,0
2019-12-24 07:25:18+01:00,54,99,-45
2019-12-24 12:44:41+01:00,24,3,21
2019-12-24 13:34:37+01:00,43,35,8
2019-12-24 13:54:46+01:00,68,100,-32
2019-12-24 14:01:28+01:00,7,11,-4
2019-12-24 15:28:35+01:00,42,9,33
2019-12-24 15:35:38+01:00,45,5,40
2019-12-24 15:35:53+01:00,38,0,38
2019-12-24 15:44:04+01:00,5,2,3
2019-12-24 15:53:40+01:00,2,2,0
2019-12-24 23:55:22+03:00,31,5,26
2019-12-24 23:59:05+03:00,5,4,1
2019-12-25 09:39:29+01:00,10,8,2
2019-12-25 09:44:23+01:00,7,6,1
2019-12-25 13:35:11+03:00,17,14,3
2019-12-25 19:27:08+01:00,2,2,0
2019-12-26 00:36:40+03:00,64,109,-45
2019-12-27 16:15:44+01:00,11,2,9
2019-12-27 16:22:41+01:00,1,1,0
2019-12-27 19:47:56+03:00,12,3,9
2019-12-28 01:34:31+03:00,5,6,-1
2019-12-28 01:44:51+03:00,12,12,0
2019-12-28 01:54:12+03:00,9,9,0
2019-12-28 02:25:43+03:00,13,6,7
2019-12-28 02:36:32+03:00,13,6,7
2019-12-28 02:53:41+03:00,5,6,-1
2019-12-28 02:58:23+03:00,1,0,1
2019-12-28 03:22:50+03:00,2,2,0
2019-12-28 03:46:42+03:00,15,7,8
2019-12-28 04:05:03+03:00,4,0,4
2019-12-28 05:14:48+03:00,13,16,-3
2019-12-28 06:25:45+01:00,6,6,0
2019-12-28 06:39:25+01:00,2,2,0
2019-12-28 09:42:52+01:00,745,605,140
2019-12-28 12:32:06+03:00,246,139,107
2019-12-28 10:59:30+01:00,20,1,19
2019-12-28 11:00:22+01:00,225,3,222
2019-12-28 11:00:45+01:00,46,4,42
2019-12-28 11:00:45+01:00,12,0,12
2019-12-28 11:01:41+01:00,34,8,26
2019-12-28 11:01:41+01:00,8,6,2
2019-12-28 11:01:41+01:00,7,2,5
2019-12-28 11:01:41+01:00,2,1,1
2019-12-28 11:01:41+01:00,3,4,-1
2019-12-28 11:01:41+01:00,1,1,0
2019-12-28 11:01:41+01:00,21,12,9
2019-12-28 11:01:41+01:00,4,4,0
2019-12-28 11:01:41+01:00,3,1,2
2019-12-28 11:01:41+01:00,2,1,1
2019-12-28 11:01:41+01:00,1,0,1
2019-12-28 11:01:41+01:00,3,1,2
2019-12-28 11:01:41+01:00,22,12,10
2019-12-28 11:01:41+01:00,59,53,6
2019-12-28 11:01:41+01:00,17,18,-1
2019-12-28 11:01:41+01:00,24,4,20
2019-12-28 11:01:41+01:00,4,3,1
2019-12-28 11:01:41+01:00,42,20,22
2019-12-28 11:01:41+01:00,12,31,-19
2019-12-28 11:01:41+01:00,9,6,3
2019-12-28 11:01:41+01:00,2,0,2
2019-12-28 11:01:41+01:00,5,5,0
2019-12-28 11:01:41+01:00,20,26,-6
2019-12-28 11:01:41+01:00,73,77,-4
2019-12-28 11:01:41+01:00,26,14,12
2019-12-28 11:01:41+01:00,34,16,18
2019-12-28 11:01:41+01:00,26,28,-2
2019-12-28 11:01:41+01:00,14,26,-12
2019-12-28 11:01:41+01:00,18,6,12
2019-12-28 11:01:41+01:00,25,13,12
2019-12-28 11:01:41+01:00,19,24,-5
2019-12-28 11:01:41+01:00,17,5,12
2019-12-28 11:01:41+01:00,1,1,0
2019-12-28 11:01:41+01:00,6,3,3
2019-12-28 11:01:41+01:00,7,4,3
2019-12-28 11:01:41+01:00,46,12,34
2019-12-28 11:01:41+01:00,6,2,4
2019-12-28 11:01:41+01:00,0,39,-39
2019-12-28 11:01:41+01:00,25,19,6
2019-12-28 11:01:41+01:00,4,37,-33
2019-12-28 11:01:41+01:00,2,11,-9
2019-12-28 11:01:41+01:00,0,9,-9
2019-12-28 11:01:41+01:00,3,8,-5
2019-12-28 11:01:41+01:00,2,20,-18
2019-12-28 11:01:41+01:00,24,41,-17
2019-12-28 11:01:42+01:00,0,12,-12
2019-12-28 11:01:42+01:00,3,5,-2
2019-12-28 11:01:42+01:00,3,4,-1
2019-12-28 11:01:42+01:00,6,107,-101
2019-12-28 11:01:42+01:00,2,2,0
2019-12-28 11:01:42+01:00,52,2,50
2019-12-28 11:01:42+01:00,23,1,22
2019-12-28 11:01:42+01:00,44,15,29
2019-12-28 11:01:42+01:00,6,8,-2
2019-12-28 11:01:42+01:00,71,68,3
2019-12-28 11:01:42+01:00,1,1,0
2019-12-28 11:02:34+01:00,73,54,19
2019-12-28 11:03:06+01:00,51,7,44
2019-12-28 11:03:06+01:00,31,1,30
2019-12-28 11:03:06+01:00,46,1,45
2019-12-28 11:10:31+01:00,96,2,94
2019-12-28 11:24:37+01:00,149,1,148
2019-12-28 13:59:40+03:00,2,2,0
2019-12-28 14:55:42+03:00,65,40,25
2019-12-28 14:32:11+01:00,3,3,0
2019-12-28 14:47:30+01:00,2,0,2
2019-12-28 14:57:39+01:00,4,1,3
2019-12-28 19:58:41+01:00,1,2,-1
2019-12-29 00:09:21+03:00,109,4,105
2019-12-29 04:37:44+03:00,54,50,4
2019-12-29 05:00:22+03:00,105,102,3
2019-12-29 05:03:10+03:00,20,20,0
2019-12-29 13:07:51+01:00,21,0,21
2019-12-29 19:35:42+01:00,2,2,0
2019-12-29 19:49:19+01:00,21,0,21
2019-12-29 19:53:02+01:00,4,4,0
2019-12-29 22:41:36+03:00,4,4,0
2019-12-30 07:34:49+00:00,1,1,0
2019-12-30 09:32:03+01:00,1,1,0
2019-12-30 09:58:20+01:00,2,0,2
2019-12-30 15:32:24+03:00,2,0,2
2019-12-30 14:00:34+01:00,5,6,-1
2019-12-30 14:28:34+01:00,2,3,-1
2019-12-30 14:29:36+01:00,3,0,3
2019-12-30 14:57:26+01:00,31,31,0
2019-12-30 15:02:17+01:00,74,70,4
2019-12-30 15:11:07+01:00,19,13,6
2019-12-30 20:54:32+03:00,6,3,3
2019-12-30 21:09:35+03:00,13,10,3
2019-12-30 21:21:14+03:00,113,103,10
2019-12-30 19:27:40+01:00,5,3,2
2019-12-30 19:40:43+01:00,318,155,163
2019-12-30 22:08:36+03:00,20,16,4
2019-12-30 22:50:56+03:00,96,88,8
2019-12-31 07:01:58+01:00,2,11,-9
2019-12-31 07:03:57+01:00,3,1,2
2019-12-31 07:05:21+01:00,2,1,1
2019-12-31 07:11:09+01:00,3,3,0
2019-12-31 15:34:12+01:00,212,194,18
2020-01-02 02:36:59+03:00,1,1,0
2020-01-02 03:07:24+03:00,41,32,9
2020-01-02 03:16:18+03:00,1,1,0
2020-01-02 06:59:44+01:00,1,1,0
2020-01-02 09:31:47+01:00,68,54,14
2020-01-02 09:31:53+01:00,20,18,2
2020-01-02 09:31:53+01:00,38,45,-7
2020-01-02 09:31:53+01:00,96,93,3
2020-01-02 09:31:53+01:00,8,14,-6
2020-01-02 09:37:54+01:00,13,1,12
2020-01-02 11:50:54+03:00,87,83,4
2020-01-02 09:51:24+01:00,0,0,0
2020-01-02 09:51:47+01:00,2,2,0
2020-01-02 10:06:42+01:00,127,114,13
2020-01-02 10:39:32+01:00,28,14,14
2020-01-02 10:41:10+01:00,3,1,2
2020-01-02 10:47:37+01:00,4,0,4
2020-01-02 10:56:00+01:00,1,1,0
2020-01-02 10:59:41+01:00,14,0,14
2020-01-02 13:03:51+03:00,2,2,0
2020-01-02 13:51:25+03:00,27,15,12
2020-01-02 13:56:16+03:00,4,4,0
2020-01-02 14:38:25+03:00,4,11,-7
2020-01-02 13:16:18+01:00,21,9,12
2020-01-02 13:20:57+01:00,9,1,8
2020-01-02 13:38:08+01:00,6,5,1
2020-01-02 13:45:03+01:00,8,1,7
2020-01-02 13:52:35+01:00,1,1,0
2020-01-02 14:41:28+01:00,1,1,0
2020-01-02 14:54:07+01:00,16,0,16
2020-01-02 19:36:31+01:00,3,2,1
2020-01-02 22:04:34+03:00,3,2,1
2020-01-02 20:20:29+01:00,1,2,-1
2020-01-02 22:46:06+03:00,28,24,4
2020-01-03 06:37:43+01:00,3,4,-1
2020-01-03 06:39:47+01:00,1,1,0
2020-01-03 07:07:59+01:00,20,0,20
2020-01-03 10:28:14+03:00,15,0,15
2020-01-03 09:56:06+01:00,3,0,3
2020-01-03 10:14:23+01:00,17,7,10
2020-01-03 10:41:10+01:00,3,2,1
2020-01-03 10:41:34+01:00,10,5,5
2020-01-03 10:58:31+01:00,27,9,18
2020-01-03 11:16:59+01:00,36,16,20
2020-01-03 11:20:08+01:00,3,1,2
2020-01-03 11:23:06+01:00,3,0,3
2020-01-03 11:34:17+01:00,5,4,1
2020-01-03 20:11:58+01:00,1,1,0
2020-01-03 22:40:02+03:00,3,1,2
2020-01-03 23:41:44+03:00,35,15,20
2020-01-04 01:08:37+03:00,3,1,2
2020-01-04 09:46:57+01:00,3,1,2
2020-01-04 10:13:42+01:00,58,8,50
2020-01-04 10:13:42+01:00,22,8,14
2020-01-04 11:13:45+01:00,56,72,-16
2020-01-04 11:14:00+01:00,4,4,0
2020-01-04 11:18:51+01:00,6,4,2
2020-01-04 11:30:21+01:00,25,1,24
2020-01-04 11:36:27+01:00,398,323,75
2020-01-04 12:56:46+01:00,5,5,0
2020-01-04 20:27:27+01:00,45,17,28
2020-01-05 09:55:02+01:00,13,13,0
2020-01-05 10:22:07+01:00,13,5,8
2020-01-05 10:36:08+01:00,57,18,39
2020-01-05 12:50:44+01:00,11,10,1
2020-01-05 12:55:55+01:00,89,45,44
2020-01-05 13:25:11+01:00,23,0,23
2020-01-05 13:25:21+01:00,34,0,34
2020-01-05 13:35:36+01:00,2,2,0
2020-01-05 19:50:21+01:00,6,0,6
2020-01-05 19:51:12+01:00,23,2,21
2020-01-06 07:41:39+00:00,1,1,0
2020-01-06 07:42:19+00:00,1,1,0
2020-01-06 07:42:44+00:00,1,1,0
2020-01-06 07:43:06+00:00,1,1,0
2020-01-06 12:43:43+01:00,1,1,0
2020-01-06 12:44:02+01:00,1,1,0
2020-01-06 12:44:13+01:00,1,1,0
2020-01-06 11:45:12+00:00,1,1,0
2020-01-06 11:45:22+00:00,1,1,0
2020-01-06 12:50:04+01:00,1,1,0
2020-01-06 12:55:12+01:00,56,0,56
2020-01-06 12:59:17+01:00,3,0,3
2020-01-06 13:01:20+01:00,1,1,0
2020-01-06 13:07:13+01:00,1,1,0
2020-01-07 07:16:31+01:00,3,3,0
2020-01-08 19:35:00+01:00,39,1,38
2020-01-08 19:41:34+01:00,7,7,0
2020-01-09 04:12:43+03:00,14,11,3
2020-01-09 04:16:57+03:00,2,2,0
2020-01-09 06:09:05+01:00,226,208,18
2020-01-09 06:35:05+01:00,3,2,1
2020-01-09 06:37:18+01:00,1,0,1
2020-01-09 06:46:39+01:00,12,10,2
2020-01-09 06:52:34+01:00,44,46,-2
2020-01-09 06:53:51+01:00,2,2,0
2020-01-09 20:35:35+03:00,56,56,0
2020-01-09 19:59:13+01:00,1,1,0
2020-01-09 20:09:21+01:00,3,0,3
2020-01-09 20:13:14+01:00,1,1,0
2020-01-10 06:36:28+01:00,28,8,20
2020-01-10 22:59:02+03:00,1,1,0
2020-01-10 23:14:17+03:00,2,2,0
2020-01-10 23:43:09+03:00,4,4,0
2020-01-11 08:18:35+01:00,248,44,204
2020-01-11 11:16:05+01:00,1,7,-6
2020-01-11 11:36:28+01:00,16,3,13
2020-01-11 11:54:00+01:00,25,3,22
2020-01-11 11:54:11+01:00,41,25,16
2020-01-11 12:01:34+01:00,22,1,21
2020-01-11 12:51:42+01:00,0,5,-5
2020-01-11 13:14:19+01:00,22,4,18
2020-01-12 12:48:29+01:00,1,3,-2
2020-01-12 14:37:45+01:00,6,0,6
2020-01-12 14:41:09+01:00,33,10,23
2020-01-12 14:55:05+01:00,47,46,1
2020-01-12 19:47:44+01:00,119,42,77
2020-01-13 06:41:16+03:00,16,16,0
2020-01-13 06:41:16+03:00,6,6,0
2020-01-13 07:55:35+00:00,1,1,0
2020-01-13 07:56:20+00:00,1,1,0
2020-01-13 11:37:10+01:00,1,1,0
2020-01-13 11:37:31+01:00,1,1,0
2020-01-13 10:38:34+00:00,1,1,0
2020-01-13 11:56:07+01:00,1,1,0
2020-01-13 19:53:15+01:00,278,52,226
2020-01-14 15:54:53+01:00,36,9,27
2020-01-14 16:01:35+01:00,17,8,9
2020-01-14 16:04:39+01:00,22,38,-16
2020-01-14 20:16:20+01:00,21,8,13
2020-01-14 20:16:47+01:00,7,3,4
2020-01-14 20:25:58+01:00,2,2,0
2020-01-15 06:42:53+01:00,20,8,12
2020-01-15 06:43:41+01:00,8,1,7
2020-01-15 16:34:09+03:00,28,9,19
2020-01-15 19:17:00+05:18,1,1,0
2020-01-15 15:44:46+01:00,1,1,0
2020-01-15 19:51:33+01:00,5,5,0
2020-01-15 19:56:14+01:00,1,1,0
2020-01-15 19:59:08+01:00,3,0,3
2020-01-15 22:55:39+03:00,15,16,-1
2020-01-15 21:01:36+01:00,1,1,0
2020-01-15 23:33:04+03:00,5,2,3
2020-01-15 21:52:54+01:00,6,2,4
2020-01-15 21:53:04+01:00,8,2,6
2020-01-16 00:15:34+03:00,14,4,10
2020-01-17 01:25:30+03:00,127,60,67
2020-01-19 13:13:09+01:00,9,7,2
2020-01-19 13:25:41+01:00,13,12,1
2020-01-19 13:30:56+01:00,18,19,-1
2020-01-19 14:40:09+01:00,35,35,0
2020-01-19 14:40:09+01:00,10,9,1
2020-01-19 14:40:09+01:00,131,1,130
2020-01-19 14:40:09+01:00,6,3,3
2020-01-19 19:54:30+01:00,55,5,50
2020-01-19 20:06:04+01:00,7,4,3
2020-01-20 07:48:46+00:00,1,1,0
2020-01-20 07:49:18+00:00,1,1,0
2020-01-20 11:40:57+01:00,1,1,0
2020-01-20 14:44:11+01:00,1,1,0
2020-01-20 20:10:06+01:00,8,0,8
2020-01-20 20:14:40+01:00,3,1,2
2020-01-20 20:24:40+01:00,7,8,-1
2020-01-20 22:50:38+03:00,11,1,10
2020-01-20 23:08:17+03:00,7,8,-1
2020-01-21 06:58:48+01:00,1132,498,634
2020-01-21 15:49:24+00:00,1,1,0
2020-01-21 16:14:19+00:00,2,1,1
2020-01-22 06:08:34+01:00,1,1,0
2020-01-22 06:17:13+01:00,1,0,1
2020-01-22 12:16:04+03:00,1,0,1
2020-01-22 12:29:20+03:00,1,1,0
2020-01-22 12:47:08+01:00,2,1,1
2020-01-22 14:46:28+01:00,14,14,0
2020-01-22 17:19:04+03:00,14,14,0
2020-01-22 19:43:02+01:00,13,21,-8
2020-01-22 19:54:55+01:00,2,0,2
2020-01-22 20:50:09+01:00,30,23,7
2020-01-22 20:51:52+01:00,38,27,11
2020-01-23 00:05:40+03:00,13,21,-8
2020-01-23 00:10:47+03:00,31,22,9
2020-01-23 19:35:05+01:00,44,43,1
2020-01-23 19:38:35+01:00,1,1,0
2020-01-23 19:40:31+01:00,10,10,0
2020-01-23 20:24:23+01:00,6,1,5
2020-01-23 20:36:48+01:00,3,1,2
2020-01-23 21:07:21+01:00,10,0,10
2020-01-25 04:17:41+01:00,6,3,3
2020-01-25 12:49:37+01:00,33,36,-3
2020-01-25 12:49:37+01:00,38,47,-9
2020-01-25 12:49:37+01:00,3,3,0
2020-01-25 13:11:23+01:00,71,83,-12
2020-01-25 13:38:13+01:00,3,3,0
2020-01-25 16:05:22+03:00,3,3,0
2020-01-26 10:44:42+01:00,465,464,1
2020-01-26 15:21:21+03:00,465,464,1
2020-01-26 13:46:01+01:00,0,0,0
2020-01-26 13:46:01+01:00,29,23,6
2020-01-26 13:46:01+01:00,419,362,57
2020-01-26 13:46:01+01:00,8,8,0
2020-01-26 13:46:01+01:00,81,84,-3
2020-01-26 13:46:01+01:00,4,3,1
2020-01-26 13:46:01+01:00,5,5,0
2020-01-26 13:46:01+01:00,36,28,8
2020-01-26 13:46:01+01:00,7,5,2
2020-01-26 13:46:01+01:00,0,0,0
2020-01-26 13:46:01+01:00,12,11,1
2020-01-26 13:46:01+01:00,45,37,8
2020-01-26 13:46:01+01:00,6,0,6
2020-01-26 14:15:53+01:00,15,18,-3
2020-01-26 21:40:04+03:00,725,642,83
2020-01-26 20:31:13+01:00,1353,1275,78
2020-01-26 20:33:41+01:00,1264,1192,72
2020-01-27 02:49:25+03:00,3,1,2
2020-01-27 03:34:53+03:00,17,17,0
2020-01-27 06:37:47+01:00,3,1,2
2020-01-27 06:44:20+01:00,17,17,0
2020-01-27 07:42:52+00:00,1,1,0
2020-01-27 07:43:11+00:00,1,1,0
2020-01-27 07:43:41+00:00,1,1,0
2020-01-27 07:44:27+00:00,1,1,0
2020-01-27 09:35:35+01:00,1,1,0
2020-01-27 08:36:41+00:00,1,1,0
2020-01-27 09:38:37+01:00,1,1,0
2020-01-27 09:46:11+01:00,1,1,0
2020-01-27 09:47:15+01:00,1,1,0
2020-01-27 19:45:01+01:00,1,1,0
2020-01-27 22:39:04+03:00,1,1,0
2020-01-28 06:25:08+01:00,1,1,0
2020-01-28 19:27:49+01:00,1,1,0
2020-01-28 19:29:47+01:00,6,2,4
2020-01-29 06:47:01+01:00,20,2,18
2020-01-29 07:01:17+01:00,4,4,0
2020-01-29 07:03:22+01:00,109,1,108
2020-01-29 07:13:38+01:00,92,26,66
2020-01-29 10:56:14+03:00,10,3,7
2020-01-29 17:08:36+03:00,6,14,-8
2020-01-29 15:57:35+01:00,6,14,-8
2020-01-29 20:27:38+01:00,44,17,27
2020-01-29 20:43:10+01:00,23,4,19
2020-01-29 21:21:38+01:00,101,2,99
2020-01-29 21:28:01+01:00,163,156,7
2020-01-29 21:31:09+01:00,44,38,6
2020-01-29 21:47:05+01:00,7,17,-10
2020-01-29 22:46:47+01:00,20,1,19
2020-01-29 22:47:15+01:00,8,1,7
2020-01-30 21:42:48+01:00,12,1,11
2020-01-31 04:39:18+01:00,68,26,42
2020-01-31 04:53:37+01:00,1,1,0
2020-01-31 20:17:41+01:00,1,1,0
2020-01-31 20:17:53+01:00,1,1,0
2020-01-31 20:41:51+01:00,2,2,0
2020-01-31 22:37:05+01:00,21,20,1
2020-02-01 11:18:50+01:00,68,26,42
2020-02-01 11:19:28+01:00,15,14,1
2020-02-01 12:54:32+01:00,4869,3168,1701
2020-02-01 13:44:04+01:00,18,0,18
2020-02-01 13:46:58+01:00,5,2,3
2020-02-01 13:52:25+01:00,40,11,29
2020-02-01 13:56:57+01:00,17,1,16
2020-02-01 14:01:19+01:00,5,2,3
2020-02-01 14:06:31+01:00,13,1,12
2020-02-01 14:12:21+01:00,17,1,16
2020-02-01 14:22:40+01:00,29,6,23
2020-02-01 14:46:43+01:00,54,5,49
2020-02-01 14:59:14+01:00,9,20,-11
2020-02-01 15:14:44+01:00,1,1,0
2020-02-01 15:14:55+01:00,1,1,0
2020-02-01 15:16:44+01:00,1,1,0
2020-02-01 19:39:45+01:00,2,2,0
2020-02-02 07:00:40+03:00,114,100,14
2020-02-02 08:47:33+01:00,5,4,1
2020-02-02 10:47:44+01:00,3,3,0
2020-02-02 10:49:00+01:00,2,2,0
2020-02-02 11:12:56+01:00,5,4,1
2020-02-02 14:48:45+03:00,264,75,189
2020-02-02 16:59:45+03:00,29,12,17
2020-02-02 19:41:22+03:00,2,1,1
2020-02-02 19:41:22+03:00,9,9,0
2020-02-02 19:41:22+03:00,37,4,33
2020-02-02 19:41:22+03:00,46,5,41
2020-02-02 19:41:22+03:00,35,1,34
2020-02-02 20:01:25+03:00,3,3,0
2020-02-02 20:11:42+03:00,2,2,0
2020-02-02 19:42:50+01:00,2,2,0
2020-02-02 20:08:50+01:00,3,3,0
2020-02-02 20:49:42+01:00,3,3,0
2020-02-03 06:20:01+03:00,2,1,1
2020-02-03 06:50:07+01:00,1,1,0
2020-02-03 07:01:07+01:00,1,1,0
2020-02-03 09:18:42+03:00,1,1,0
2020-02-03 09:37:50+03:00,0,2,-2
2020-02-03 08:01:28+00:00,1,1,0
2020-02-03 08:02:21+00:00,1,1,0
2020-02-03 08:02:54+00:00,1,1,0
2020-02-03 08:03:21+00:00,1,1,0
2020-02-03 08:03:45+00:00,1,1,0
2020-02-03 09:58:04+01:00,1,1,0
2020-02-03 10:05:46+01:00,1,1,0
2020-02-03 10:07:56+01:00,1,1,0
2020-02-03 15:17:36+01:00,6,2,4
2020-02-03 17:17:46+03:00,4,3,1
2020-02-03 17:45:49+03:00,6,2,4
2020-02-03 16:04:55+01:00,4,3,1
2020-02-03 20:25:43+01:00,2,2,0
2020-02-03 20:34:17+01:00,3,3,0
2020-02-03 22:53:01+03:00,1,1,0
2020-02-03 23:08:35+03:00,4,4,0
2020-02-03 23:24:26+03:00,111,99,12
2020-02-04 01:57:24+01:00,7,7,0
2020-02-04 06:24:58+01:00,7,7,0
2020-02-04 07:00:53+01:00,2,2,0
2020-02-04 14:05:05+03:00,2,2,0
2020-02-04 14:49:59+01:00,132,5,127
2020-02-04 16:54:46+03:00,523,257,266
2020-02-04 20:41:13+01:00,1,1,0
2020-02-04 23:37:09+03:00,131,5,126
2020-02-06 06:45:11+01:00,8,0,8
2020-02-06 06:49:08+01:00,110,21,89
2020-02-06 06:58:58+01:00,12,12,0
2020-02-06 07:06:36+01:00,131,22,109
2020-02-06 13:54:51+03:00,4,4,0
2020-02-06 17:02:11+03:00,21,0,21
2020-02-06 17:42:26+03:00,28,0,28
2020-02-06 17:45:15+03:00,1,1,0
2020-02-06 17:49:10+03:00,1,1,0
2020-02-06 21:53:03+03:00,1,1,0
2020-02-06 20:26:04+01:00,47,18,29
2020-02-06 20:30:17+01:00,25,2,23
2020-02-07 03:51:50+01:00,79,80,-1
2020-02-07 03:54:47+01:00,24,12,12
2020-02-07 16:29:27+03:00,49,0,49
2020-02-07 16:30:37+03:00,67,3,64
2020-02-07 16:34:20+03:00,3,3,0
2020-02-07 16:35:28+03:00,3,3,0
2020-02-07 16:36:12+03:00,1,1,0
2020-02-07 16:44:01+03:00,0,0,0
2020-02-07 16:44:30+03:00,36,0,36
2020-02-07 16:44:43+03:00,7,5,2
2020-02-07 16:44:55+03:00,1,1,0
2020-02-07 16:45:07+03:00,2,2,0
2020-02-07 17:02:14+01:00,915,326,589
2020-02-07 22:55:12+03:00,91,80,11
2020-02-08 00:09:58+03:00,8,0,8
2020-02-08 02:21:39+03:00,1,1,0
2020-02-08 02:47:50+03:00,10,3,7
2020-02-08 02:49:06+03:00,1,1,0
2020-02-08 09:05:23+01:00,1,1,0
2020-02-08 09:07:18+01:00,11,4,7
2020-02-08 09:15:35+01:00,51,1,50
2020-02-08 13:34:04+01:00,13,1,12
2020-02-08 13:38:45+01:00,124,3,121
2020-02-08 13:51:55+01:00,91,86,5
2020-02-08 14:02:51+01:00,24,1,23
2020-02-08 19:29:58+01:00,1,1,0
2020-02-08 21:02:52+01:00,288,85,203
2020-02-08 21:19:07+01:00,3,4,-1
2020-02-08 21:31:36+01:00,2,2,0
2020-02-08 21:53:34+01:00,5,0,5
2020-02-08 23:21:42+01:00,91,19,72
2020-02-09 00:11:58+01:00,50,3,47
2020-02-09 00:16:11+01:00,25,10,15
2020-02-09 11:07:39+01:00,6,1,5
2020-02-09 11:41:29+01:00,4,4,0
2020-02-09 14:19:13+03:00,13,1,12
2020-02-09 14:18:56+01:00,64,1,63
2020-02-09 14:30:29+01:00,1,0,1
2020-02-09 15:16:43+01:00,1078,408,670
2020-02-09 18:40:19+03:00,2,1,1
2020-02-09 18:54:04+03:00,8,4,4
2020-02-09 17:06:22+01:00,2,1,1
2020-02-09 19:11:06+03:00,4,0,4
2020-02-09 19:45:04+03:00,1,1,0
2020-02-09 21:20:15+03:00,2,1,1
2020-02-09 19:32:09+01:00,0,2,-2
2020-02-09 21:56:59+03:00,1,1,0
2020-02-09 22:11:37+03:00,603,41,562
2020-02-10 05:52:07+03:00,2,2,0
2020-02-10 08:33:24+01:00,21,1,20
2020-02-10 08:01:42+00:00,1,1,0
2020-02-10 08:02:07+00:00,1,1,0
2020-02-10 08:02:45+00:00,1,1,0
2020-02-10 09:44:08+01:00,1,1,0
2020-02-10 08:45:27+00:00,1,1,0
2020-02-10 10:35:48+01:00,20,18,2
2020-02-10 10:40:37+01:00,1,1,0
2020-02-10 11:01:33+01:00,17,10,7
2020-02-10 11:02:54+01:00,1,1,0
2020-02-10 11:03:10+01:00,1,1,0
2020-02-10 11:54:12+01:00,1,1,0
2020-02-10 15:41:09+03:00,1,1,0
2020-02-10 15:43:57+03:00,20,18,2
2020-02-10 18:32:41+03:00,16,8,8
2020-02-10 17:31:49+01:00,6,6,0
2020-02-10 20:48:49+03:00,1,1,0
2020-02-10 20:52:13+03:00,6,6,0
2020-02-10 19:03:09+01:00,1,1,0
2020-02-10 20:54:31+01:00,140,70,70
2020-02-10 21:19:25+01:00,11,72,-61
2020-02-10 23:59:40+03:00,174,16,158
2020-02-11 03:43:20+03:00,3,3,0
2020-02-11 04:17:10+03:00,3,3,0
2020-02-11 07:02:28+01:00,3,3,0
2020-02-11 07:13:29+01:00,16,8,8
2020-02-11 07:14:13+01:00,3,3,0
2020-02-11 15:44:47+01:00,1,1,0
2020-02-11 15:45:35+01:00,1,1,0
2020-02-11 15:50:21+01:00,2,2,0
2020-02-11 15:58:40+01:00,11,11,0
2020-02-11 16:02:08+01:00,66,1,65
2020-02-11 16:05:44+01:00,2,2,0
2020-02-11 16:14:49+01:00,2,2,0
2020-02-11 16:28:48+01:00,4,0,4
2020-02-11 16:50:18+01:00,3,3,0
2020-02-11 18:08:30+01:00,2,2,0
2020-02-11 19:29:43+01:00,1,1,0
2020-02-11 19:41:42+01:00,144,4,140
2020-02-11 20:51:39+01:00,26,28,-2
2020-02-11 21:29:55+01:00,74,4,70
2020-02-11 23:46:48+03:00,140,5,135
2020-02-12 01:39:15+03:00,35,17,18
2020-02-12 06:37:19+01:00,35,17,18
2020-02-12 06:40:13+01:00,4,4,0
2020-02-12 19:58:23+01:00,2,2,0
2020-02-12 21:43:43+01:00,8,4,4
2020-02-12 21:45:55+01:00,5,2,3
2020-02-12 21:50:33+01:00,2,2,0
2020-02-12 21:51:58+01:00,2,2,0
2020-02-12 21:55:38+01:00,2,3,-1
2020-02-12 22:03:56+01:00,3,3,0
2020-02-13 01:44:46+03:00,5,5,0
2020-02-13 07:07:35+03:00,1,1,0
2020-02-13 06:28:50+01:00,5,5,0
2020-02-13 06:30:59+01:00,2,2,0
2020-02-13 06:51:52+01:00,2,2,0
2020-02-13 07:02:12+01:00,2,2,0
2020-02-13 07:04:37+01:00,1,1,0
2020-02-13 15:09:09+01:00,66,66,0
2020-02-13 17:27:54+03:00,67,67,0
2020-02-14 00:10:50+03:00,1247,198,1049
2020-02-14 01:08:17+03:00,7,0,7
2020-02-14 03:05:07+03:00,2,2,0
2020-02-14 03:51:23+03:00,343,88,255
2020-02-14 04:05:17+03:00,2,6,-4
2020-02-14 06:23:03+03:00,2,2,0
2020-02-14 07:26:49+01:00,7,0,7
2020-02-14 07:27:19+01:00,2,2,0
2020-02-14 07:27:52+01:00,2,6,-4
2020-02-14 21:15:36+03:00,24,7,17
2020-02-14 21:24:30+03:00,15,10,5
2020-02-14 19:33:10+01:00,14,5,9
2020-02-14 19:37:20+01:00,9,8,1
2020-02-14 21:46:22+03:00,10,11,-1
2020-02-14 21:52:02+03:00,1,1,0
2020-02-14 20:02:56+01:00,2,2,0
2020-02-14 20:04:05+01:00,66,25,41
2020-02-14 20:12:26+01:00,3,1,2
2020-02-14 20:13:36+01:00,1,0,1
2020-02-14 20:21:09+01:00,2,2,0
2020-02-14 22:28:49+03:00,19,8,11
2020-02-14 22:32:46+03:00,1,3,-2
2020-02-14 22:36:35+03:00,30,26,4
2020-02-14 23:13:49+03:00,1,1,0
2020-02-15 04:22:21+03:00,1,1,0
2020-02-15 04:32:10+03:00,10,1,9
2020-02-15 05:41:58+03:00,87,0,87
2020-02-15 06:18:00+03:00,4,6,-2
2020-02-15 06:54:18+03:00,4,2,2
2020-02-15 07:19:24+03:00,1,1,0
2020-02-15 07:34:39+03:00,16,7,9
2020-02-15 08:00:04+03:00,87,35,52
2020-02-15 13:12:29+01:00,13,13,0
2020-02-15 19:41:59+03:00,13,13,0
2020-02-15 20:43:11+03:00,14,89,-75
2020-02-15 19:43:02+01:00,88,28,60
2020-02-15 20:55:12+01:00,3,3,0
2020-02-15 21:01:45+01:00,3,3,0
2020-02-15 23:09:50+03:00,3,3,0
2020-02-16 03:55:16+03:00,2,3,-1
2020-02-16 04:10:53+03:00,1,2,-1
2020-02-16 13:43:23+03:00,2,1,1
2020-02-16 13:46:07+03:00,3,0,3
2020-02-16 13:20:11+01:00,24,8,16
2020-02-16 15:26:40+03:00,1,1,0
2020-02-16 15:53:27+03:00,24,8,16
2020-02-16 15:12:14+01:00,1831,398,1433
2020-02-16 15:42:41+01:00,2,2,0
2020-02-17 08:03:37+00:00,1,1,0
2020-02-17 08:03:57+00:00,1,1,0
2020-02-17 08:04:21+00:00,1,1,0
2020-02-17 08:04:40+00:00,1,1,0
2020-02-17 08:05:00+00:00,1,1,0
2020-02-17 09:45:51+01:00,1,1,0
2020-02-17 09:46:24+01:00,1,1,0
2020-02-17 08:47:39+00:00,1,1,0
2020-02-17 09:47:47+01:00,1,1,0
2020-02-17 09:48:58+01:00,1,1,0
2020-02-17 09:49:45+01:00,1,1,0
2020-02-17 10:12:28+01:00,1,1,0
2020-02-17 20:16:24+01:00,29,2,27
2020-02-17 20:17:08+01:00,17,3,14
2020-02-17 20:17:36+01:00,11,11,0
2020-02-18 10:55:34+03:00,2,2,0
2020-02-18 20:12:10+01:00,12,11,1
2020-02-18 20:26:20+01:00,9,8,1
2020-02-18 22:46:53+01:00,95,17,78
2020-02-19 00:51:44+01:00,5,5,0
2020-02-19 01:31:25+01:00,17,12,5
2020-02-19 02:37:25+01:00,2005,491,1514
2020-02-19 02:59:51+01:00,2,2,0
2020-02-19 07:15:55+01:00,1,1,0
2020-02-19 12:55:08+01:00,6,6,0
2020-02-19 14:58:12+03:00,43,2,41
2020-02-19 14:53:54+01:00,4,4,0
2020-02-19 19:21:48+01:00,2,2,0
2020-02-19 21:22:08+03:00,1282,522,760
2020-02-19 19:42:04+01:00,2,2,0
2020-02-19 19:43:29+01:00,2,2,0
2020-02-19 19:50:01+01:00,1,1,0
2020-02-19 22:25:34+01:00,2,2,0
2020-02-20 08:17:24+03:00,2,2,0
2020-02-20 08:19:22+03:00,2,2,0
2020-02-20 06:22:36+01:00,1,1,0
2020-02-20 08:52:24+03:00,26,24,2
2020-02-20 15:18:26+03:00,7,3,4
2020-02-20 14:19:24+01:00,1,1,0
2020-02-20 16:53:39+03:00,1,1,0
2020-02-20 19:12:55+01:00,13,0,13
2020-02-20 19:18:42+01:00,2,1,1
2020-02-21 03:37:38+03:00,6,5,1
2020-02-21 03:52:14+03:00,4,2,2
2020-02-21 04:17:17+03:00,8,10,-2
2020-02-21 05:07:31+03:00,12,14,-2
2020-02-21 05:31:21+03:00,7,7,0
2020-02-21 12:26:32+03:00,2,1,1
2020-02-21 20:23:43+01:00,2,2,0
2020-02-21 20:27:13+01:00,23,1,22
2020-02-21 20:35:07+01:00,3583,1065,2518
2020-02-21 20:35:54+01:00,1,1,0
2020-02-21 20:54:21+01:00,2,2,0
2020-02-22 08:14:08+01:00,59,0,59
2020-02-22 11:10:05+01:00,16,44,-28
2020-02-22 11:12:33+01:00,29,9,20
2020-02-22 11:20:19+01:00,5,3,2
2020-02-22 11:23:13+01:00,21,2,19
2020-02-22 11:28:13+01:00,2,4,-2
2020-02-22 11:41:22+01:00,7,2,5
2020-02-22 11:55:40+01:00,39,0,39
2020-02-22 13:10:41+01:00,1,1,0
2020-02-22 14:46:54+01:00,3,1,2
2020-02-22 17:16:54+03:00,3,1,2
2020-02-22 19:46:40+03:00,4,3,1
2020-02-22 19:54:19+03:00,1,2,-1
2020-02-22 19:37:00+01:00,3,3,0
2020-02-23 00:21:19+03:00,4,0,4
2020-02-22 23:10:46+01:00,60,33,27
2020-02-22 23:37:15+01:00,1,1,0
2020-02-22 23:39:01+01:00,1,1,0
2020-02-22 23:50:26+01:00,17,1,16
2020-02-23 01:55:07+03:00,55,35,20
2020-02-22 23:58:31+01:00,1,1,0
2020-02-23 13:08:11+01:00,47,0,47
2020-02-23 13:09:46+01:00,45,0,45
2020-02-23 13:12:00+01:00,6,0,6
2020-02-23 16:22:19+01:00,84,40,44
2020-02-23 16:56:55+01:00,6,6,0
2020-02-23 22:50:58+03:00,1,1,0
2020-02-24 00:33:01+01:00,6,46,-40
2020-02-24 06:45:20+01:00,157,70,87
2020-02-24 06:54:52+01:00,95,67,28
2020-02-24 08:04:07+00:00,1,1,0
2020-02-24 08:04:32+00:00,1,1,0
2020-02-24 08:04:44+00:00,1,1,0
2020-02-24 08:05:15+00:00,1,1,0
2020-02-24 10:31:40+01:00,1,1,0
2020-02-24 10:32:12+01:00,1,1,0
2020-02-24 10:36:19+01:00,1,1,0
2020-02-24 10:36:45+01:00,1,1,0
2020-02-24 11:01:14+01:00,15,11,4
2020-02-24 20:11:25+01:00,6,6,0
2020-02-24 20:21:25+01:00,14,12,2
2020-02-24 20:41:45+01:00,2,1,1
2020-02-24 21:33:42+01:00,45,24,21
2020-02-24 21:50:27+01:00,70,25,45
2020-02-24 22:06:21+01:00,16,14,2
2020-02-25 07:01:23+01:00,22,0,22
2020-02-25 07:01:31+01:00,2,3,-1
2020-02-25 07:04:20+01:00,2,9,-7
2020-02-25 07:16:37+01:00,7,7,0
2020-02-25 14:48:46+01:00,37,2,35
2020-02-25 16:54:48+01:00,16,0,16
2020-02-25 19:55:23+01:00,6,6,0
2020-02-25 20:22:59+01:00,4,2,2
2020-02-25 19:41:20+00:00,1,1,0
2020-02-25 19:45:23+00:00,2,0,2
2020-02-26 01:58:32+03:00,5,1,4
2020-02-26 04:04:20+03:00,258,141,117
2020-02-26 04:27:39+03:00,69,56,13
2020-02-26 06:40:13+01:00,2,2,0
2020-02-26 06:43:15+01:00,2,2,0
2020-02-26 06:54:04+01:00,4,4,0
2020-02-26 07:00:08+01:00,2,2,0
2020-02-26 07:08:09+01:00,4,4,0
2020-02-26 07:09:54+01:00,4,2,2
2020-02-26 08:59:27+01:00,3,3,0
2020-02-26 09:05:48+01:00,2,8,-6
2020-02-26 11:48:51+03:00,14,18,-4
2020-02-26 12:20:45+03:00,150,67,83
2020-02-26 12:45:06+03:00,11,5,6
2020-02-26 19:39:12+01:00,10,9,1
2020-02-26 19:39:12+01:00,5,2,3
2020-02-26 19:39:12+01:00,7,7,0
2020-02-26 19:39:12+01:00,7,5,2
2020-02-26 19:39:12+01:00,34,34,0
2020-02-26 19:39:12+01:00,74,51,23
2020-02-26 19:39:12+01:00,17,7,10
2020-02-26 19:39:12+01:00,57,7,50
2020-02-26 19:50:17+01:00,4,5,-1
2020-02-26 20:03:13+01:00,4,0,4
2020-02-27 05:22:41+03:00,74,16,58
2020-02-27 07:01:00+01:00,3,3,0
2020-02-27 06:18:09+00:00,1,1,0
2020-02-27 08:26:20+01:00,1,1,0
2020-02-27 12:22:37+03:00,3,3,0
2020-02-27 13:28:28+01:00,55,47,8
2020-02-27 14:04:12+01:00,4,3,1
2020-02-27 16:10:45+01:00,2,2,0
2020-02-27 18:18:24+03:00,17,0,17
2020-02-27 18:30:14+03:00,2,2,0
2020-02-27 19:35:58+01:00,1,0,1
2020-02-27 19:36:54+01:00,4,4,0
2020-02-27 22:09:18+03:00,5,4,1
2020-02-28 06:20:34+01:00,55,47,8
2020-02-28 12:36:39+03:00,40,39,1
2020-02-28 23:50:25+03:00,3,2,1
2020-02-28 21:54:04+01:00,16,8,8
2020-02-29 11:36:27+03:00,174,15,159
2020-02-29 14:56:04+01:00,16,0,16
2020-02-29 14:56:36+01:00,2,1,1
2020-02-29 15:16:45+01:00,1,1,0
2020-02-29 15:16:55+01:00,1,1,0
2020-02-29 15:44:45+01:00,4,6,-2
2020-02-29 15:48:36+01:00,1,6,-5
2020-02-29 15:53:54+01:00,8,4,4
2020-02-29 18:29:54+03:00,4,6,-2
2020-02-29 18:31:11+03:00,1,6,-5
2020-02-29 16:36:33+01:00,5,0,5
2020-02-29 16:58:22+01:00,7,3,4
2020-02-29 19:22:36+01:00,3,4,-1
2020-02-29 19:32:43+01:00,9,6,3
2020-02-29 19:33:12+01:00,4547,1513,3034
2020-02-29 20:41:03+01:00,1,1,0
2020-02-29 23:24:08+01:00,11,7,4
2020-03-01 01:28:34+03:00,5,0,5
2020-02-29 23:41:59+01:00,2,0,2
2020-02-29 23:57:15+01:00,1,1,0
2020-03-01 03:11:00+01:00,109,20,89
2020-03-01 03:24:04+01:00,12,11,1
2020-03-01 09:30:30+01:00,12,0,12
2020-03-01 09:34:42+01:00,16,1,15
2020-03-01 09:35:53+01:00,80,16,64
2020-03-01 09:40:07+01:00,6,2,4
2020-03-01 09:43:20+01:00,6,6,0
2020-03-01 09:46:12+01:00,16,10,6
2020-03-01 14:12:27+01:00,4,1,3
2020-03-01 14:35:13+01:00,6,4,2
2020-03-02 00:49:21+03:00,8,4,4
2020-03-02 00:53:09+03:00,18,1,17
2020-03-02 00:14:01+01:00,28,28,0
2020-03-02 02:22:44+03:00,28,28,0
2020-03-02 08:37:58+00:00,1,1,0
2020-03-02 08:38:36+00:00,1,1,0
2020-03-02 08:39:25+00:00,1,1,0
2020-03-02 10:49:55+01:00,1,1,0
2020-03-02 10:50:25+01:00,1,1,0
2020-03-02 10:54:20+01:00,1,1,0
2020-03-02 20:05:54+01:00,11,5,6
2020-03-02 21:02:32+01:00,2,1,1
2020-03-02 22:58:54+01:00,1,0,1
2020-03-03 01:00:24+03:00,0,4,-4
2020-03-03 01:20:14+03:00,6,4,2
2020-03-03 01:33:11+03:00,6,6,0
2020-03-03 01:42:25+03:00,1,2,-1
2020-03-03 02:12:21+03:00,10,4,6
2020-03-03 01:14:56+01:00,13,6,7
2020-03-03 01:35:18+01:00,0,5,-5
2020-03-03 07:15:03+01:00,21,1,20
2020-03-03 07:20:41+01:00,19,3,16
2020-03-03 07:21:14+01:00,33,1,32
2020-03-03 07:23:38+01:00,10,5,5
2020-03-03 09:33:08+01:00,11,4,7
2020-03-03 09:36:04+01:00,0,4,-4
2020-03-03 09:40:41+01:00,2,2,0
2020-03-03 17:21:55+03:00,11,8,3
2020-03-03 19:36:03+01:00,2,1,1
2020-03-03 20:23:44+01:00,10,5,5
2020-03-04 00:10:47+01:00,31,21,10
2020-03-04 06:40:19+01:00,3,3,0
2020-03-04 06:44:59+01:00,2,1,1
2020-03-04 16:07:08+03:00,222,122,100
2020-03-04 20:42:57+03:00,84,6,78
2020-03-04 20:51:09+01:00,23,19,4
2020-03-04 23:44:53+03:00,165,47,118
2020-03-05 01:58:33+01:00,81,1,80
2020-03-05 06:20:36+01:00,1,1,0
2020-03-05 10:56:25+03:00,1,1,0
2020-03-05 14:27:12+03:00,794,300,494
2020-03-05 17:44:21+03:00,4,4,0
2020-03-05 17:44:38+03:00,4,4,0
2020-03-05 16:20:13+01:00,48,47,1
2020-03-05 19:43:43+01:00,27,8,19
2020-03-05 19:58:01+01:00,1,0,1
2020-03-05 20:44:29+01:00,8,6,2
2020-03-05 21:57:01+01:00,10,10,0
2020-03-05 22:14:05+01:00,2,2,0
2020-03-06 15:57:26+01:00,2,3,-1
2020-03-06 18:20:19+03:00,2,3,-1
2020-03-06 19:32:31+01:00,8,6,2
2020-03-06 19:35:41+01:00,1,1,0
2020-03-07 11:52:02+01:00,2,2,0
2020-03-07 11:53:08+01:00,65,65,0
2020-03-07 13:01:26+01:00,12,12,0
2020-03-07 13:05:46+01:00,1,1,0
2020-03-07 13:11:36+01:00,1,1,0
2020-03-07 17:03:31+01:00,1,1,0
2020-03-07 20:42:08+03:00,81,81,0
2020-03-08 20:47:02+03:00,461,454,7
2020-03-08 22:41:05+01:00,5,5,0
2020-03-08 23:00:21+01:00,1,1,0
2020-03-09 08:32:42+00:00,1,1,0
2020-03-09 08:33:37+00:00,1,1,0
2020-03-09 08:33:59+00:00,1,1,0
2020-03-09 08:34:33+00:00,1,1,0
2020-03-09 08:35:16+00:00,1,1,0
2020-03-09 09:45:49+01:00,1,1,0
2020-03-09 09:53:53+01:00,1,1,0
2020-03-09 09:54:23+01:00,1,1,0
2020-03-09 09:57:46+01:00,1,1,0
2020-03-09 09:58:46+01:00,1,1,0
2020-03-09 11:30:13+01:00,23,7,16
2020-03-09 11:30:28+01:00,0,3,-3
2020-03-09 15:46:46+01:00,25,16,9
2020-03-09 17:38:25+01:00,5,5,0
2020-03-09 17:38:35+01:00,1,1,0
2020-03-09 17:41:44+01:00,8,2,6
2020-03-09 17:51:21+01:00,7,0,7
2020-03-09 18:53:30+01:00,14,19,-5
2020-03-09 23:25:36+03:00,25,16,9
2020-03-10 03:02:52+01:00,2,2,0
2020-03-10 07:57:25+01:00,1,1,0
2020-03-10 10:26:19+03:00,22,9,13
2020-03-10 10:38:37+03:00,4,4,0
2020-03-10 10:46:58+03:00,106,11,95
2020-03-10 09:03:44+01:00,3,3,0
2020-03-10 11:17:27+03:00,13,7,6
2020-03-10 12:41:23+03:00,9,4,5
2020-03-10 12:42:11+03:00,1,1,0
2020-03-10 12:42:31+03:00,17,1,16
2020-03-10 13:44:16+03:00,4,4,0
2020-03-10 11:46:22+01:00,27,6,21
2020-03-10 13:10:39+01:00,4,4,0
2020-03-10 16:05:33+01:00,21,0,21
2020-03-10 20:30:36+01:00,37,7,30
2020-03-11 08:17:54+03:00,21,0,21
2020-03-11 16:34:23+01:00,13,5,8
2020-03-11 16:44:45+01:00,1,0,1
2020-03-11 16:49:37+01:00,0,1,-1
2020-03-11 16:54:27+01:00,1,3,-2
2020-03-11 17:04:51+01:00,2,2,0
2020-03-11 17:10:57+01:00,22,22,0
2020-03-11 17:13:39+01:00,1,1,0
2020-03-11 17:16:21+01:00,0,0,0
2020-03-11 17:22:21+01:00,1,1,0
2020-03-11 17:23:22+01:00,8,8,0
2020-03-11 17:24:15+01:00,0,0,0
2020-03-11 17:26:57+01:00,1,2,-1
2020-03-11 17:28:03+01:00,3,2,1
2020-03-11 17:29:22+01:00,1,1,0
2020-03-11 17:44:03+01:00,23,8,15
2020-03-11 19:53:28+01:00,15,12,3
2020-03-11 22:30:36+01:00,57,18,39
2020-03-11 22:43:27+01:00,1,1,0
2020-03-11 22:50:23+01:00,0,3,-3
2020-03-12 02:07:50+01:00,3,9,-6
2020-03-12 02:26:41+01:00,3,29,-26
2020-03-12 02:36:18+01:00,6,0,6
2020-03-12 16:47:09+01:00,2,0,2
2020-03-12 19:50:46+01:00,7,5,2
2020-03-12 22:46:31+03:00,23,11,12
2020-03-13 03:54:56+03:00,12,12,0
2020-03-13 03:58:16+03:00,1,3,-2
2020-03-13 04:00:24+03:00,3,3,0
2020-03-13 04:04:23+03:00,1,1,0
2020-03-13 16:43:52+03:00,251,73,178
2020-03-13 20:26:14+03:00,1,1,0
2020-03-13 21:10:29+03:00,453,447,6
2020-03-14 10:42:01+01:00,1,1,0
2020-03-14 10:44:46+01:00,2,2,0
2020-03-14 13:51:05+03:00,3,3,0
2020-03-14 22:15:03+01:00,31,8,23
2020-03-14 23:55:13+01:00,42,22,20
2020-03-15 00:09:08+01:00,12,0,12
2020-03-15 09:39:45+01:00,15,8,7
2020-03-15 13:12:19+03:00,15,8,7
2020-03-15 13:31:00+03:00,16,8,8
2020-03-15 14:56:14+01:00,2199,1222,977
2020-03-15 15:04:48+01:00,9,12,-3
2020-03-15 15:17:35+01:00,25,19,6
2020-03-15 15:17:53+01:00,47,45,2
2020-03-15 15:36:23+01:00,21,21,0
2020-03-15 15:36:53+01:00,83,82,1
2020-03-15 15:38:26+01:00,5,1,4
2020-03-15 15:40:12+01:00,21,21,0
2020-03-15 20:20:15+03:00,165,155,10
2020-03-15 21:20:32+01:00,17,18,-1
2020-03-15 21:27:45+01:00,3,0,3
2020-03-16 08:17:21+00:00,1,1,0
2020-03-16 08:17:53+00:00,1,1,0
2020-03-16 08:18:07+00:00,1,1,0
2020-03-16 08:18:33+00:00,1,1,0
2020-03-16 09:51:21+01:00,1,1,0
2020-03-16 09:51:35+01:00,1,1,0
2020-03-16 09:52:10+01:00,1,1,0
2020-03-16 09:52:58+01:00,1,1,0
2020-03-16 08:53:20+00:00,1,1,0
2020-03-16 08:54:12+00:00,1,1,0
2020-03-16 10:19:05+01:00,1,1,0
2020-03-16 10:19:32+01:00,1,1,0
2020-03-17 19:33:18+01:00,1,0,1
2020-03-18 01:07:53+03:00,1,0,1
2020-03-18 11:00:33+01:00,1,1,0
2020-03-18 11:01:09+01:00,1,1,0
2020-03-18 19:40:13+01:00,2,2,0
2020-03-18 20:00:50+01:00,87,29,58
2020-03-19 19:44:10+01:00,8,2,6
2020-03-19 19:44:14+01:00,3,0,3
2020-03-19 23:43:29+03:00,11,2,9
2020-03-20 02:10:44+03:00,6,6,0
2020-03-20 04:21:17+03:00,6,6,0
2020-03-20 05:48:53+01:00,7,5,2
2020-03-20 08:12:21+01:00,12,12,0
2020-03-21 10:36:39+03:00,6,4,2
2020-03-21 20:04:05+01:00,3,13,-10
2020-03-22 02:22:06+01:00,84,5,79
2020-03-22 09:39:38+01:00,1,1,0
2020-03-22 11:16:23+01:00,29,3,26
2020-03-22 11:22:49+01:00,0,1,-1
2020-03-22 11:28:18+01:00,3,3,0
2020-03-22 18:38:33+03:00,0,1,-1
2020-03-22 19:39:36+01:00,1,1,0
2020-03-22 20:09:01+01:00,26,2,24
2020-03-22 20:15:33+01:00,11,0,11
2020-03-23 07:54:27+01:00,19,3,16
2020-03-23 07:57:30+01:00,2,0,2
2020-03-23 09:41:01+01:00,8,8,0
2020-03-23 09:04:50+00:00,1,1,0
2020-03-23 09:05:12+00:00,1,1,0
2020-03-23 09:06:41+00:00,1,1,0
2020-03-23 10:14:25+01:00,1,1,0
2020-03-23 10:15:31+01:00,1,1,0
2020-03-23 09:15:43+00:00,1,1,0
2020-03-23 10:21:46+01:00,1,1,0
2020-03-23 10:41:06+01:00,1,1,0
2020-03-23 11:17:56+01:00,1,1,0
2020-03-24 14:08:34+01:00,16,3,13
2020-03-24 20:10:15+01:00,2,0,2
2020-03-25 09:18:16+03:00,56,3,53
2020-03-25 08:30:18+01:00,1,1,0
2020-03-25 08:32:45+01:00,2,0,2
2020-03-25 08:33:22+01:00,1,1,0
2020-03-25 11:13:56+03:00,32,6,26
2020-03-25 09:24:37+01:00,1,1,0
2020-03-25 09:37:40+01:00,1,1,0
2020-03-25 09:43:04+01:00,2,2,0
2020-03-25 09:43:04+01:00,5,13,-8
2020-03-25 09:43:04+01:00,13,8,5
2020-03-25 09:43:04+01:00,20,0,20
2020-03-25 09:43:04+01:00,4,2,2
2020-03-25 09:43:04+01:00,25,19,6
2020-03-25 09:43:04+01:00,9,6,3
2020-03-25 09:43:04+01:00,7,0,7
2020-03-25 09:43:04+01:00,1,1,0
2020-03-25 09:43:04+01:00,1,0,1
2020-03-25 09:43:04+01:00,3,1,2
2020-03-25 11:18:33+01:00,2,7,-5
2020-03-25 19:55:44+03:00,3,13,-10
2020-03-26 07:05:30+01:00,14,5,9
2020-03-27 03:01:51+01:00,1,1,0
2020-03-28 17:45:17+01:00,1,1,0
2020-03-28 17:45:44+01:00,1,1,0
2020-03-28 19:49:39+01:00,2221,1220,1001
2020-03-29 11:27:40+02:00,20,14,6
2020-03-29 11:29:31+02:00,9,4,5
2020-03-29 11:40:13+02:00,27,5,22
2020-03-29 11:44:36+02:00,25,3,22
2020-03-30 07:56:17+02:00,2,2,0
2020-03-30 08:11:38+02:00,2,2,0
2020-03-30 09:22:02+03:00,3,3,0
2020-03-30 08:56:50+00:00,1,1,0
2020-03-30 08:57:16+00:00,1,1,0
2020-03-30 08:58:21+00:00,1,1,0
2020-03-30 08:58:54+00:00,1,1,0
2020-03-30 11:54:19+02:00,1,1,0
2020-03-30 11:55:03+02:00,1,1,0
2020-03-30 11:55:26+02:00,1,1,0
2020-03-30 12:00:47+02:00,1,1,0
2020-03-30 20:08:07+02:00,2,2,0
2020-03-30 21:37:23+03:00,2,2,0
2020-03-31 18:47:53+02:00,2,2,0
2020-03-31 20:08:03+03:00,104,27,77
2020-04-01 19:45:00+02:00,1,0,1
2020-04-01 19:45:21+02:00,78,9,69
2020-04-01 19:45:21+02:00,58,34,24
2020-04-01 19:45:35+02:00,9,4,5
2020-04-01 19:45:38+02:00,8,44,-36
2020-04-01 19:45:38+02:00,21,21,0
2020-04-01 19:45:38+02:00,26,4,22
2020-04-01 19:45:46+02:00,19,4,15
2020-04-01 20:04:36+02:00,13,1,12
2020-04-01 20:12:13+02:00,0,0,0
2020-04-01 20:12:28+02:00,12,1,11
2020-04-01 20:31:21+02:00,11,8,3
2020-04-01 20:50:00+02:00,1,1,0
2020-04-02 08:20:50+02:00,25,20,5
2020-04-02 11:54:30+02:00,1,1,0
2020-04-02 17:29:18+02:00,11,5,6
2020-04-02 19:30:59+02:00,1,1,0
2020-04-02 19:31:48+02:00,2,2,0
2020-04-02 20:17:54+02:00,3,0,3
2020-04-02 20:23:20+02:00,13,0,13
2020-04-05 14:29:03+02:00,15,0,15
2020-04-05 14:29:40+02:00,3,3,0
2020-04-05 14:35:53+02:00,6,4,2
2020-04-05 14:44:44+02:00,8,2,6
2020-04-05 16:14:02+02:00,69,1,68
2020-04-05 16:47:46+02:00,2,2,0
2020-04-05 17:03:51+02:00,1,1,0
2020-04-06 11:00:31+02:00,26,42,-16
2020-04-06 09:09:54+00:00,1,1,0
2020-04-06 09:10:07+00:00,1,1,0
2020-04-06 09:10:30+00:00,1,1,0
2020-04-06 09:11:33+00:00,1,1,0
2020-04-06 11:21:53+02:00,1,1,0
2020-04-06 11:22:39+02:00,1,1,0
2020-04-06 09:23:21+00:00,1,1,0
2020-04-06 11:32:00+02:00,24,0,24
2020-04-06 11:55:27+02:00,1,1,0
2020-04-06 11:55:52+02:00,1,1,0
2020-04-06 11:56:15+02:00,1,1,0
2020-04-06 13:12:32+02:00,64,56,8
2020-04-06 15:49:24+02:00,59,4,55
2020-04-06 15:54:17+02:00,13,3,10
2020-04-06 15:56:57+02:00,0,1,-1
2020-04-06 16:07:43+02:00,1,1,0
2020-04-06 20:10:23+02:00,19,7,12
2020-04-07 10:42:15+02:00,1,1,0
2020-04-07 10:44:18+02:00,1,0,1
2020-04-07 19:42:16+02:00,75,49,26
2020-04-07 19:50:13+02:00,25,1,24
2020-04-07 19:52:34+02:00,2,2,0
2020-04-08 01:56:43+02:00,1022,737,285
2020-04-08 07:56:21+02:00,2,6,-4
2020-04-08 08:23:13+02:00,232,56,176
2020-04-09 09:22:38+02:00,1,0,1
2020-04-09 11:42:13+02:00,9,18,-9
2020-04-09 19:32:10+02:00,7,5,2
2020-04-09 19:34:48+02:00,29,1,28
2020-04-09 19:35:27+02:00,13,6,7
2020-04-09 20:01:21+02:00,10,2,8
2020-04-11 17:42:19+02:00,1,1,0
2020-04-11 17:42:32+02:00,1,1,0
2020-04-12 09:32:52+02:00,102,60,42
2020-04-12 09:55:21+02:00,8,1,7
2020-04-12 10:40:02+02:00,1,1,0
2020-04-13 08:30:31+00:00,1,1,0
2020-04-13 08:31:00+00:00,1,1,0
2020-04-13 08:32:29+00:00,1,1,0
2020-04-13 13:45:54+02:00,1,1,0
2020-04-13 13:46:45+02:00,1,1,0
2020-04-13 11:47:12+00:00,1,1,0
2020-04-13 11:47:14+00:00,1,1,0
2020-04-13 13:47:15+02:00,1,1,0
2020-04-13 14:28:13+02:00,1,1,0
2020-04-13 14:28:25+02:00,1,1,0
2020-04-13 12:29:38+00:00,1,1,0
2020-04-13 19:25:52+02:00,1,1,0
2020-04-13 23:08:45+03:00,19,3,16
2020-04-14 08:02:42+02:00,7,1,6
2020-04-14 08:05:46+02:00,1,1,0
2020-04-14 16:03:25+03:00,33,6,27
2020-04-14 15:53:05+02:00,8,1,7
2020-04-14 19:20:47+02:00,3,1,2
2020-04-14 20:20:36+02:00,23,0,23
2020-04-14 20:21:10+02:00,5,5,0
2020-04-14 20:21:30+02:00,10,11,-1
2020-04-14 20:25:58+02:00,2,2,0
2020-04-14 20:39:54+02:00,22,0,22
2020-04-14 20:45:30+02:00,3,2,1
2020-04-15 06:58:54+02:00,0,1,-1
2020-04-15 07:19:27+02:00,13,3,10
2020-04-15 07:53:31+02:00,27,1,26
2020-04-15 07:55:15+02:00,0,1,-1
2020-04-15 12:02:19+03:00,11,6,5
2020-04-15 12:14:35+00:00,1,1,0
2020-04-15 12:14:53+00:00,1,1,0
2020-04-15 14:25:16+02:00,1,1,0
2020-04-15 14:34:38+02:00,1,1,0
2020-04-15 20:53:59+03:00,39,4,35
2020-04-16 07:06:47+02:00,1,2,-1
2020-04-16 12:05:19+03:00,85,50,35
2020-04-16 18:39:00+03:00,63,18,45
2020-04-16 20:19:34+02:00,1,1,0
2020-04-16 23:41:45+03:00,58,12,46
2020-04-17 06:22:25+02:00,1,1,0
2020-04-17 06:59:52+02:00,1,1,0
2020-04-17 07:18:46+02:00,44,0,44
2020-04-17 17:53:18+02:00,40,5,35
2020-04-17 17:53:56+02:00,11,14,-3
2020-04-17 19:49:43+02:00,18,0,18
2020-04-17 19:55:53+02:00,2,7,-5
2020-04-17 20:48:27+02:00,6,6,0
2020-04-17 23:22:18+03:00,18,0,18
2020-04-17 23:23:22+03:00,1,1,0
2020-04-18 06:55:25+02:00,3,3,0
2020-04-18 06:56:45+02:00,1,1,0
2020-04-18 09:49:09+03:00,1,2,-1
2020-04-18 11:16:59+03:00,94,23,71
2020-04-19 06:58:44+02:00,1244,490,754
2020-04-20 09:25:17+00:00,1,1,0
2020-04-20 09:26:09+00:00,1,1,0
2020-04-20 09:26:31+00:00,1,1,0
2020-04-20 09:27:16+00:00,1,1,0
2020-04-20 09:27:37+00:00,1,1,0
2020-04-20 09:28:19+00:00,1,1,0
2020-04-20 13:23:21+02:00,1,1,0
2020-04-20 13:23:47+02:00,1,1,0
2020-04-20 13:24:57+02:00,1,1,0
2020-04-20 13:43:18+02:00,1,1,0
2020-04-20 13:44:03+02:00,1,1,0
2020-04-20 13:45:14+02:00,1,1,0
2020-04-21 19:47:49+02:00,5,4,1
2020-04-21 20:42:58+02:00,13,13,0
2020-04-21 23:43:41+03:00,18,17,1
2020-04-22 06:39:03+02:00,14,11,3
2020-04-22 09:01:19+03:00,14,11,3
2020-04-22 18:45:33-06:00,1,1,0
2020-04-23 19:44:02+02:00,1,1,0
2020-04-23 20:04:14+02:00,55,2,53
2020-04-23 20:04:36+02:00,6,1,5
2020-04-24 07:58:18+02:00,4,3,1
2020-04-24 15:51:38+03:00,62,3,59
2020-04-24 18:14:07+03:00,0,15,-15
2020-04-24 18:39:08+03:00,0,16,-16
2020-04-24 19:17:40+02:00,0,31,-31
2020-04-24 21:57:29+03:00,2,1,1
2020-04-25 11:23:54+03:00,2,4,-2
2020-04-25 11:31:51+02:00,9,1,8
2020-04-25 11:31:51+02:00,1,1,0
2020-04-25 11:31:51+02:00,9,3,6
2020-04-25 11:31:51+02:00,1,1,0
2020-04-25 11:31:51+02:00,1,1,0
2020-04-25 12:49:14+03:00,1,0,1
2020-04-25 15:28:02+02:00,5,5,0
2020-04-25 15:37:13+02:00,41,10,31
2020-04-25 15:39:27+02:00,7,3,4
2020-04-25 15:46:20+02:00,1,0,1
2020-04-25 15:54:46+02:00,3,0,3
2020-04-25 16:04:10+02:00,6,46,-40
2020-04-25 16:29:17+02:00,20,7,13
2020-04-25 16:32:11+02:00,2,1,1
2020-04-25 16:55:13+02:00,2,1,1
2020-04-25 17:05:34+02:00,3,1,2
2020-04-25 17:25:18+02:00,2,3,-1
2020-04-25 19:02:15+03:00,464,59,405
2020-04-27 07:15:37+02:00,1,1,0
2020-04-27 07:56:17+02:00,8,3,5
2020-04-27 10:13:14+03:00,3,0,3
2020-04-27 09:02:21+00:00,1,1,0
2020-04-27 09:02:49+00:00,1,1,0
2020-04-27 09:03:30+00:00,1,1,0
2020-04-27 09:03:59+00:00,1,1,0
2020-04-27 11:15:16+02:00,1,1,0
2020-04-27 11:16:31+02:00,1,1,0
2020-04-27 11:19:25+02:00,1,1,0
2020-04-27 11:25:48+02:00,1,1,0
2020-04-27 13:34:06+03:00,54,13,41
2020-04-27 17:13:30+02:00,2,2,0
2020-04-27 19:41:54+03:00,25,52,-27
2020-04-28 07:51:05+02:00,1,1,0
2020-04-28 10:55:27+02:00,1,1,0
2020-04-28 12:18:54+03:00,1429,376,1053
2020-04-28 17:33:07+03:00,5,6,-1
2020-04-28 17:42:56+03:00,5,6,-1
2020-04-28 22:56:19+03:00,59,54,5
2020-04-28 23:14:02+03:00,52,54,-2
2020-04-29 06:11:17+02:00,111,108,3
2020-04-29 10:49:25+03:00,4,21,-17
2020-04-29 10:37:48+02:00,2,1,1
2020-04-29 10:39:55+02:00,1,1,0
2020-04-29 10:47:53+02:00,1,1,0
2020-04-29 12:08:41+03:00,2,1,1
2020-04-29 13:54:47+03:00,1,1,0
2020-04-29 13:54:47+03:00,1,1,0
2020-04-29 19:29:27+02:00,5,22,-17
2020-04-30 06:57:39+02:00,23,3,20
2020-04-30 06:58:55+02:00,24,0,24
2020-04-30 07:06:06+02:00,13,4,9
2020-04-30 07:12:08+02:00,9,9,0
2020-04-30 19:28:36+02:00,9,0,9
2020-04-30 19:33:27+02:00,26,24,2
2020-04-30 19:56:48+02:00,13,8,5
2020-04-30 20:05:27+02:00,22,0,22
2020-05-01 05:11:30+03:00,1,2,-1
2020-05-01 15:49:52+02:00,12,48,-36
2020-05-01 15:50:02+02:00,2,1,1
2020-05-01 15:50:02+02:00,69,9,60
2020-05-01 15:50:02+02:00,1,1,0
2020-05-01 15:50:02+02:00,7,7,0
2020-05-01 15:50:02+02:00,3,4,-1
2020-05-01 16:01:12+02:00,51,0,51
2020-05-01 16:01:33+02:00,28,11,17
2020-05-01 16:13:07+02:00,11,3,8
2020-05-01 17:46:01+02:00,1,1,0
2020-05-01 17:59:24+02:00,1,1,0
2020-05-01 19:18:28+03:00,1,1,0
2020-05-01 10:36:11-06:00,125,53,72
2020-05-01 19:51:35+02:00,1,1,0
2020-05-01 19:54:16+02:00,16,1,15
2020-05-01 20:02:38+02:00,32,0,32
2020-05-01 20:05:13+02:00,7,5,2
2020-05-01 20:24:26+02:00,7,7,0
2020-05-01 20:34:58+02:00,5,5,0
2020-05-02 11:26:12+02:00,47,4,43
2020-05-02 11:44:18+02:00,41,4,37
2020-05-02 11:50:53+02:00,45,0,45
2020-05-03 10:50:59+02:00,31,13,18
2020-05-03 11:13:59+02:00,32,7,25
2020-05-03 11:28:29+02:00,33,2,31
2020-05-03 11:29:51+02:00,0,1,-1
2020-05-03 15:25:54+02:00,1,0,1
2020-05-03 15:32:09+02:00,7,7,0
2020-05-03 17:00:12+02:00,13,6,7
2020-05-03 17:29:56+02:00,8,8,0
2020-05-03 20:32:45+02:00,1,1,0
2020-05-03 20:44:18+02:00,7,3,4
2020-05-04 05:22:20+03:00,1,1,0
2020-05-04 09:16:28+00:00,1,1,0
2020-05-04 09:16:50+00:00,1,1,0
2020-05-04 09:17:23+00:00,1,1,0
2020-05-04 09:18:02+00:00,1,1,0
2020-05-04 09:18:49+00:00,1,1,0
2020-05-04 09:19:26+00:00,1,1,0
2020-05-04 13:46:10+02:00,1,1,0
2020-05-04 13:55:26+02:00,1,1,0
2020-05-04 13:56:23+02:00,1,1,0
2020-05-04 14:39:06+02:00,1,1,0
2020-05-04 12:40:24+00:00,1,1,0
2020-05-04 15:03:51+02:00,1,1,0
2020-05-04 15:06:43+02:00,1,1,0
2020-05-04 15:13:21+02:00,1,1,0
2020-05-05 06:32:03+02:00,5,5,0
2020-05-05 06:41:01+02:00,2,1,1
2020-05-05 07:07:42+02:00,116,2,114
2020-05-05 07:09:12+02:00,3,5,-2
2020-05-05 07:12:49+02:00,3,1,2
2020-05-05 19:08:31+03:00,7,3,4
2020-05-05 19:26:59+03:00,131,6,125
2020-05-05 19:48:28+02:00,13,0,13
2020-05-05 21:28:14+03:00,13,0,13
2020-05-05 21:19:35+02:00,6,0,6
2020-05-05 21:21:20+02:00,3,1,2
2020-05-05 21:28:59+02:00,1,1,0
2020-05-07 00:05:36+03:00,9,1,8
2020-05-07 06:51:02+02:00,8,3,5
2020-05-07 09:58:26+03:00,128,8,120
2020-05-08 11:44:24+02:00,8,6,2
2020-05-08 12:34:24+02:00,22,0,22
2020-05-08 14:24:30+02:00,4,0,4
2020-05-08 15:39:54+03:00,34,6,28
2020-05-08 20:10:16+03:00,1,1,0
2020-05-09 09:29:40+03:00,2,2,0
2020-05-09 19:25:35+02:00,2,2,0
2020-05-09 20:16:04+02:00,2,1,1
2020-05-10 02:22:16+03:00,6,13,-7
2020-05-10 02:39:22+03:00,8,4,4
2020-05-10 09:55:41+02:00,1,1,0
2020-05-10 10:35:38+02:00,51,5,46
2020-05-10 10:43:13+02:00,27,0,27
2020-05-10 11:51:33+03:00,2,6,-4
2020-05-10 10:58:57+02:00,12,19,-7
2020-05-10 05:07:49-04:00,1,1,0
2020-05-10 12:24:15+03:00,1,1,0
2020-05-10 16:14:35+02:00,25,0,25
2020-05-10 16:24:00+02:00,15,0,15
2020-05-10 17:36:43+02:00,1,1,0
2020-05-10 17:44:45+02:00,6,2,4
2020-05-10 17:47:43+02:00,2,2,0
2020-05-10 17:48:29+02:00,1,1,0
2020-05-10 19:22:14+03:00,21,2,19
2020-05-10 19:37:41+02:00,4,4,0
2020-05-10 19:42:06+02:00,8,2,6
2020-05-10 19:43:16+02:00,1,2,-1
2020-05-10 20:00:19+02:00,6,0,6
2020-05-10 21:33:41+03:00,117,7,110
2020-05-11 09:10:48+00:00,1,1,0
2020-05-11 09:11:22+00:00,1,1,0
2020-05-11 09:12:11+00:00,1,1,0
2020-05-11 09:12:38+00:00,1,1,0
2020-05-11 09:13:06+00:00,1,1,0
2020-05-11 11:21:59+02:00,1,1,0
2020-05-11 11:29:35+02:00,1,1,0
2020-05-11 11:35:42+02:00,1,1,0
2020-05-11 13:32:32+02:00,1,1,0
2020-05-11 14:02:39+02:00,2,2,0
2020-05-11 14:33:27+02:00,3,3,0
2020-05-11 19:45:15+04:00,40,28,12
2020-05-11 19:45:15+04:00,39,8,31
2020-05-11 20:13:06+04:00,5,3,2
2020-05-11 20:17:03+04:00,42,28,14
2020-05-11 20:17:24+04:00,0,0,0
2020-05-11 20:22:19+03:00,1,0,1
2020-05-11 22:00:02+03:00,1,0,1
2020-05-12 00:50:25+03:00,13,6,7
2020-05-11 17:21:04-07:00,1,1,0
2020-05-12 06:17:50+02:00,1,1,0
2020-05-12 06:38:14+02:00,11,16,-5
2020-05-12 07:20:59+02:00,1,0,1
2020-05-12 13:54:13+03:00,2,2,0
2020-05-12 13:39:24+02:00,1,1,0
2020-05-12 14:42:33+03:00,1,1,0
2020-05-12 15:05:07+03:00,2,2,0
2020-05-12 15:05:56+03:00,1,0,1
2020-05-13 00:25:57+04:00,87,37,50
2020-05-13 00:32:46+04:00,18,9,9
2020-05-13 06:50:52+02:00,51,28,23
2020-05-13 05:15:18+00:00,1,1,0
2020-05-13 09:41:26+02:00,220,89,131
2020-05-13 14:49:16+04:00,5,6,-1
2020-05-13 20:50:11+08:00,2,2,0
2020-05-13 15:56:15+02:00,2,2,0
2020-05-13 18:51:38+03:00,1,1,0
2020-05-13 19:12:19+02:00,1,1,0
2020-05-13 20:25:32+02:00,37,31,6
2020-05-13 21:29:39+03:00,136,47,89
2020-05-13 20:52:40+02:00,1,0,1
2020-05-13 22:37:50+03:00,1,1,0
2020-05-14 06:13:59+02:00,1,1,0
2020-05-14 13:22:52+03:00,866,217,649
2020-05-14 13:36:48+03:00,8,3,5
2020-05-14 14:40:40+02:00,3,0,3
2020-05-14 16:43:16+03:00,17,0,17
2020-05-14 15:48:23+02:00,1,1,0
2020-05-14 16:13:58+02:00,3,0,3
2020-05-14 18:48:48+03:00,507,163,344
2020-05-15 03:00:55+03:00,7,2,5
2020-05-15 03:41:41+03:00,24,24,0
2020-05-15 03:59:13+03:00,13,14,-1
2020-05-15 04:05:31+03:00,2,4,-2
2020-05-15 04:17:23+03:00,13,6,7
2020-05-15 04:24:18+03:00,4,0,4
2020-05-15 04:55:28+03:00,7,9,-2
2020-05-15 05:14:06+03:00,28,22,6
2020-05-15 08:04:14+02:00,2,1,1
2020-05-15 08:09:53+02:00,9,5,4
2020-05-15 08:23:18+02:00,11,6,5
2020-05-15 06:24:54+00:00,1,1,0
2020-05-15 10:14:25+02:00,1,1,0
2020-05-15 16:35:48+03:00,13,1,12
2020-05-15 18:46:28+03:00,7,1,6
2020-05-15 19:19:52+03:00,9,8,1
2020-05-15 21:51:33+03:00,1,1,0
2020-05-15 22:03:01+03:00,46,6,40
2020-05-16 07:07:24+02:00,5,1,4
2020-05-16 09:07:38+03:00,5,1,4
2020-05-16 09:21:36+03:00,1,1,0
2020-05-16 11:05:34+02:00,21,3,18
2020-05-16 12:27:56+03:00,9,5,4
2020-05-16 12:27:56+03:00,10,9,1
2020-05-16 12:27:56+03:00,4,3,1
2020-05-16 12:27:56+03:00,6,5,1
2020-05-16 12:27:56+03:00,3,4,-1
2020-05-16 12:40:25+02:00,19,1,18
2020-05-16 13:09:38+02:00,1435,389,1046
2020-05-16 13:17:48+02:00,3,3,0
2020-05-16 13:23:40+02:00,1,21,-20
2020-05-16 17:15:58+03:00,7,0,7
2020-05-16 21:28:54+03:00,1,1,0
2020-05-16 21:45:02+03:00,157,68,89
2020-05-16 22:14:50+03:00,162,69,93
2020-05-17 11:11:49+03:00,8,11,-3
2020-05-17 11:39:18+03:00,18,2,16
2020-05-17 10:52:20+02:00,21,4,17
2020-05-17 10:53:07+02:00,8,3,5
2020-05-17 11:12:30+02:00,26,9,17
2020-05-17 11:23:55+02:00,7,0,7
2020-05-17 14:10:11+03:00,8,11,-3
2020-05-17 14:13:26+03:00,3,5,-2
2020-05-17 14:44:32+03:00,23,12,11
2020-05-17 20:12:01+02:00,37,31,6
2020-05-17 20:15:39+02:00,133,97,36
2020-05-17 20:18:35+02:00,1,1,0
2020-05-17 21:54:08+03:00,62,16,46
2020-05-18 01:29:28+03:00,38,32,6
2020-05-18 02:36:40+03:00,51,1,50
2020-05-18 02:37:03+03:00,47,19,28
2020-05-18 07:02:57+02:00,15,18,-3
2020-05-18 11:29:18+03:00,15,18,-3
2020-05-18 11:54:52+03:00,3,0,3
2020-05-18 09:00:23+00:00,1,1,0
2020-05-18 09:00:45+00:00,1,1,0
2020-05-18 09:01:37+00:00,1,1,0
2020-05-18 12:02:16+03:00,3,3,0
2020-05-18 09:02:29+00:00,1,1,0
2020-05-18 11:21:40+02:00,1,1,0
2020-05-18 09:23:03+00:00,1,1,0
2020-05-18 12:39:52+03:00,33,23,10
2020-05-18 11:40:25+02:00,40,43,-3
2020-05-18 11:40:55+02:00,1,1,0
2020-05-18 12:44:20+03:00,3,3,0
2020-05-18 11:58:08+02:00,41,44,-3
2020-05-18 13:18:05+03:00,1,1,0
2020-05-18 13:54:21+03:00,16,18,-2
2020-05-18 13:55:09+03:00,162,69,93
2020-05-18 14:00:09+03:00,290,209,81
2020-05-18 13:30:13+02:00,1,1,0
2020-05-18 13:30:47+02:00,1,1,0
2020-05-18 11:32:03+00:00,1,1,0
2020-05-18 15:03:36+03:00,1,1,0
2020-05-18 15:20:51+03:00,1,1,0
2020-05-18 17:31:34+03:00,3,3,0
2020-05-18 19:24:49+02:00,1,1,0
2020-05-18 19:49:24+02:00,3,3,0
2020-05-18 21:59:50+03:00,13,8,5
2020-05-18 22:24:38+03:00,3,6,-3
2020-05-18 21:57:16+02:00,35,20,15
2020-05-18 22:02:18+02:00,33,26,7
2020-05-18 23:18:41+03:00,132,116,16
2020-05-18 23:46:23+03:00,18,8,10
2020-05-18 23:48:06+03:00,2,2,0
2020-05-19 03:56:31+03:00,42,42,0
2020-05-19 14:03:20+02:00,119,28,91
2020-05-19 14:04:39+02:00,42,42,0
2020-05-19 21:34:58+03:00,4508,1929,2579
2020-05-19 22:20:53+03:00,3,4,-1
2020-05-19 23:13:51+03:00,23,30,-7
2020-05-19 23:51:39+03:00,10,12,-2
2020-05-20 06:29:17+02:00,1,1,0
2020-05-20 06:34:42+02:00,21,30,-9
2020-05-20 07:04:48+02:00,3,1,2
2020-05-20 07:07:39+02:00,3,4,-1
2020-05-20 13:27:07+03:00,44,64,-20
2020-05-20 13:41:00+03:00,14,9,5
2020-05-20 14:05:21+03:00,26,36,-10
2020-05-20 17:45:27+03:00,0,1,-1
2020-05-20 19:43:52+02:00,15,9,6
2020-05-20 19:48:25+02:00,1,1,0
2020-05-20 21:44:30+03:00,17,9,8
2020-05-20 23:40:40+03:00,1,1,0
2020-05-21 06:24:31+02:00,1,1,0
2020-05-21 07:12:53+02:00,7,0,7
2020-05-21 07:13:08+02:00,12,2,10
2020-05-21 07:25:43+02:00,50,65,-15
2020-05-21 12:52:10+03:00,59,13,46
2020-05-21 13:14:41+03:00,19,2,17
2020-05-21 15:06:22+02:00,59,13,46
2020-05-22 06:55:20+02:00,27,27,0
2020-05-22 06:57:20+02:00,52,52,0
2020-05-22 07:00:09+02:00,30,30,0
2020-05-22 07:00:57+02:00,26,24,2
2020-05-22 07:04:36+02:00,7,7,0
2020-05-22 13:47:11+02:00,2,2,0
2020-05-22 15:03:49+03:00,132,74,58
2020-05-22 16:42:02+03:00,30,29,1
2020-05-22 17:20:24+02:00,120,118,2
2020-05-22 20:56:34+02:00,10,12,-2
2020-05-23 11:56:36+03:00,10,12,-2
2020-05-23 19:21:14+02:00,11,4,7
2020-05-24 08:46:50+02:00,8,4,4
2020-05-24 08:47:10+02:00,17,4,13
2020-05-24 08:58:26+02:00,2,0,2
2020-05-24 09:07:24+02:00,8,0,8
2020-05-24 19:18:28+02:00,39,4,35
2020-05-24 19:20:24+02:00,1,1,0
2020-05-24 20:15:10+02:00,3,3,0
2020-05-25 06:24:40+02:00,3,3,0
2020-05-25 06:44:51+02:00,100,68,32
2020-05-25 07:02:24+02:00,41,39,2
2020-05-25 07:08:15+02:00,15,11,4
2020-05-25 07:14:21+02:00,40,4,36
2020-05-25 09:02:03+00:00,1,1,0
2020-05-25 09:02:46+00:00,1,1,0
2020-05-25 09:04:03+00:00,1,1,0
2020-05-25 12:27:55+03:00,75,33,42
2020-05-25 11:30:49+02:00,1,1,0
2020-05-25 11:31:12+02:00,1,1,0
2020-05-25 11:31:39+02:00,1,1,0
2020-05-25 09:32:33+00:00,1,1,0
2020-05-25 11:48:48+02:00,1,1,0
2020-05-25 19:21:01+02:00,55,36,19
2020-05-25 19:35:32+02:00,19,16,3
2020-05-25 19:50:23+02:00,41,16,25
2020-05-25 19:55:02+02:00,20,20,0
2020-05-25 20:00:05+02:00,12,3,9
2020-05-25 20:22:22+02:00,8,8,0
2020-05-25 20:46:31+02:00,102,13,89
2020-05-25 20:47:48+02:00,14,11,3
2020-05-25 22:49:57+03:00,9,1,8
2020-05-25 23:14:51+03:00,20,6,14
2020-05-26 06:12:25+02:00,2,2,0
2020-05-26 13:54:45+03:00,1,0,1
2020-05-26 16:44:49+02:00,98,19,79
2020-05-26 16:45:15+02:00,2,2,0
2020-05-26 16:45:15+02:00,10,1,9
2020-05-26 16:45:19+02:00,17,44,-27
2020-05-26 16:45:42+02:00,10,2,8
2020-05-26 16:58:29+02:00,1,0,1
2020-05-26 17:14:52+02:00,12,2,10
2020-05-26 17:16:11+02:00,2,0,2
2020-05-26 19:16:44+02:00,0,19,-19
2020-05-26 19:25:03+02:00,12,12,0
2020-05-26 19:40:27+02:00,1,2,-1
2020-05-26 20:08:01+02:00,8,0,8
2020-05-26 20:14:05+02:00,41,22,19
2020-05-26 20:24:44+02:00,24,2,22
2020-05-26 20:27:35+02:00,24,23,1
2020-05-26 20:35:11+02:00,9,9,0
2020-05-27 07:11:59+02:00,1,3,-2
2020-05-27 11:52:29+03:00,92,44,48
2020-05-27 14:31:24+03:00,121,62,59
2020-05-27 19:15:56+02:00,7,5,2
2020-05-27 19:17:15+02:00,1,1,0
2020-05-27 19:33:08+02:00,349,127,222
2020-05-27 19:38:21+02:00,26,1,25
2020-05-27 22:56:15+03:00,40,11,29
2020-05-27 23:00:22+03:00,26,1,25
2020-05-28 06:51:53+02:00,33,5,28
2020-05-28 07:04:06+02:00,17,0,17
2020-05-28 19:36:10+02:00,6,3,3
2020-05-28 21:53:26+03:00,6,3,3
2020-05-29 00:28:24+03:00,27,16,11
2020-05-29 09:03:48+02:00,22,18,4
2020-05-29 09:38:12+02:00,24,15,9
2020-05-29 10:11:23+02:00,34,37,-3
2020-05-29 11:28:09+03:00,1,1,0
2020-05-29 12:40:05+03:00,19,12,7
2020-05-29 14:16:15+02:00,176,77,99
2020-05-29 19:37:18+02:00,45,28,17
2020-05-29 19:39:13+02:00,1,0,1
2020-05-29 19:41:40+02:00,1,1,0
2020-05-29 19:41:53+02:00,1,1,0
2020-05-29 20:20:06+02:00,8,6,2
2020-05-30 09:43:50+02:00,1,1,0
2020-05-30 09:47:09+02:00,1,1,0
2020-05-30 10:45:50+02:00,16,9,7
2020-05-30 10:46:04+02:00,19,0,19
2020-05-30 10:55:00+02:00,1,1,0
2020-05-30 12:02:07+03:00,1,1,0
2020-05-30 11:08:56+02:00,3,0,3
2020-05-30 11:24:29+02:00,1,1,0
2020-05-30 11:34:39+02:00,49,8,41
2020-05-30 11:47:09+02:00,8,0,8
2020-05-30 12:59:31+03:00,49,8,41
2020-05-30 16:23:33+02:00,0,8,-8
2020-05-30 18:58:11+03:00,1,1,0
2020-05-30 19:28:38+03:00,46,28,18
2020-05-30 19:35:44+03:00,1,1,0
2020-05-30 19:17:17+02:00,1,1,0
2020-05-30 19:18:40+02:00,1,1,0
2020-05-30 19:21:39+02:00,1,1,0
2020-05-30 19:26:47+02:00,1,1,0
2020-05-30 19:28:30+02:00,2,2,0
2020-05-30 19:49:16+02:00,21,18,3
2020-05-30 21:49:44+03:00,35,9,26
2020-05-30 22:02:49+03:00,1,1,0
2020-05-30 22:06:22+03:00,66,53,13
2020-05-31 09:51:45+02:00,10,5,5
2020-05-31 09:57:31+02:00,40,1,39
2020-05-31 10:16:56+02:00,0,1,-1
2020-05-31 13:05:58+03:00,10,4,6
2020-06-01 06:24:14+02:00,3248,1443,1805
2020-06-01 08:57:31+02:00,13,4,9
2020-06-01 09:24:05+02:00,31,11,20
2020-06-01 09:25:26+02:00,9,5,4
2020-06-01 09:34:03+02:00,10,9,1
2020-06-01 09:37:10+02:00,5,1,4
2020-06-01 09:55:52+02:00,2,2,0
2020-06-01 10:53:02+02:00,16,8,8
2020-06-01 10:57:29+02:00,17,5,12
2020-06-01 11:05:37+02:00,16,2,14
2020-06-01 09:19:38+00:00,1,1,0
2020-06-01 09:20:01+00:00,1,1,0
2020-06-01 09:20:47+00:00,1,1,0
2020-06-01 11:35:16+02:00,1,1,0
2020-06-01 11:36:56+02:00,1,1,0
2020-06-01 11:39:13+02:00,1,1,0
2020-06-01 12:45:59+02:00,1,1,0
2020-06-01 19:45:37+02:00,22,0,22
2020-06-01 19:54:05+02:00,4,2,2
2020-06-01 19:58:28+02:00,6,10,-4
2020-06-01 20:02:12+02:00,4,4,0
2020-06-01 20:16:22+02:00,3,3,0
2020-06-01 20:33:26+02:00,40,38,2
2020-06-01 20:39:01+02:00,7,7,0
2020-06-01 20:43:20+02:00,9,4,5
2020-06-01 20:47:27+02:00,57,48,9
2020-06-01 20:47:36+02:00,4,4,0
2020-06-01 20:49:40+02:00,29,26,3
2020-06-01 20:52:33+02:00,5,5,0
2020-06-02 02:17:23+03:00,10,14,-4
2020-06-02 02:22:56+03:00,24,0,24
2020-06-02 04:04:16+03:00,3,0,3
2020-06-02 04:10:33+03:00,50,5,45
2020-06-02 04:31:37+03:00,52,19,33
2020-06-02 09:36:04+02:00,20,18,2
2020-06-02 09:41:42+02:00,4,2,2
2020-06-02 09:52:30+02:00,19,4,15
2020-06-02 10:02:36+02:00,18,12,6
2020-06-02 10:02:55+02:00,8,8,0
2020-06-02 10:03:23+02:00,35,35,0
2020-06-02 10:06:42+02:00,32,18,14
2020-06-02 10:11:50+02:00,15,0,15
2020-06-02 10:19:27+02:00,3,1,2
2020-06-02 13:08:21+02:00,5,1,4
2020-06-02 14:32:44+03:00,49,6,43
2020-06-02 15:53:58+03:00,49,15,34
2020-06-02 15:56:34+03:00,238,61,177
2020-06-02 16:25:22+03:00,1,1,0
2020-06-02 17:57:45+03:00,1,7,-6
2020-06-02 18:43:37+03:00,1,1,0
2020-06-02 19:37:08+03:00,1,1,0
2020-06-02 19:13:58+02:00,1,1,0
2020-06-02 19:39:17+02:00,7,1,6
2020-06-02 19:43:15+02:00,2,0,2
2020-06-02 21:09:23+03:00,2,3,-1
2020-06-02 20:27:53+02:00,9,4,5
2020-06-02 20:29:50+02:00,39,23,16
2020-06-02 20:30:31+02:00,37,20,17
2020-06-02 20:41:29+02:00,9,2,7
2020-06-02 20:54:14+02:00,7,1,6
2020-06-02 20:55:12+02:00,4,1,3
2020-06-02 21:10:12+02:00,1,0,1
2020-06-02 22:20:29+03:00,12,2,10
2020-06-03 06:11:34+02:00,164,5,159
2020-06-03 06:11:34+02:00,2,1,1
2020-06-03 06:11:34+02:00,1,1,0
2020-06-03 06:11:34+02:00,3,2,1
2020-06-03 06:11:34+02:00,56,6,50
2020-06-03 06:11:34+02:00,85,1,84
2020-06-03 06:11:34+02:00,20,17,3
2020-06-03 06:11:34+02:00,2,2,0
2020-06-03 06:11:34+02:00,1,1,0
2020-06-03 06:11:34+02:00,1,1,0
2020-06-03 06:11:34+02:00,2,1,1
2020-06-03 06:11:34+02:00,33,3,30
2020-06-03 19:40:30+02:00,24,9,15
2020-06-03 19:40:49+02:00,14,3,11
2020-06-03 20:20:39+02:00,14,5,9
2020-06-04 06:56:30+02:00,19,14,5
2020-06-04 06:59:48+02:00,17,0,17
2020-06-04 07:04:32+02:00,6,6,0
2020-06-04 07:20:50+02:00,43,30,13
2020-06-05 13:59:00+02:00,9,0,9
2020-06-05 19:08:54+02:00,16,9,7
2020-06-05 19:09:49+02:00,39,22,17
2020-06-05 20:04:11+02:00,0,6,-6
2020-06-05 20:05:55+02:00,0,7,-7
2020-06-05 20:10:52+02:00,2,1,1
2020-06-05 20:15:22+02:00,2,1,1
2020-06-05 20:24:21+02:00,2,3,-1
2020-06-05 20:31:40+02:00,7,1,6
2020-06-05 23:45:00+03:00,38,12,26
2020-06-05 23:59:01+03:00,79,44,35
2020-06-06 13:15:01+02:00,1,1,0
2020-06-06 17:11:47+02:00,46,18,28
2020-06-06 17:11:47+02:00,3,3,0
2020-06-06 17:11:47+02:00,1,1,0
2020-06-06 17:19:44+02:00,2,2,0
2020-06-06 17:22:56+02:00,65,24,41
2020-06-06 17:23:19+02:00,182,80,102
2020-06-06 17:28:00+02:00,55,58,-3
2020-06-06 17:38:58+02:00,63,61,2
2020-06-06 21:10:45+03:00,9,0,9
2020-06-07 10:09:39+02:00,3,2,1
2020-06-07 10:24:34+02:00,3,2,1
2020-06-07 11:29:14+02:00,70,66,4
2020-06-07 11:31:33+02:00,13,15,-2
2020-06-07 11:35:02+02:00,15,16,-1
2020-06-07 15:39:59+02:00,8,1,7
2020-06-07 15:39:59+02:00,18,17,1
2020-06-07 15:39:59+02:00,2,2,0
2020-06-07 15:39:59+02:00,5,5,0
2020-06-07 15:40:00+02:00,15,15,0
2020-06-07 16:02:54+02:00,27,0,27
2020-06-07 16:15:26+02:00,25,15,10
2020-06-08 05:09:03+03:00,140,131,9
2020-06-08 09:08:19+00:00,1,1,0
2020-06-08 09:09:38+00:00,1,1,0
2020-06-08 09:10:07+00:00,1,1,0
2020-06-08 09:10:29+00:00,1,1,0
2020-06-08 11:19:52+02:00,1,1,0
2020-06-08 09:21:08+00:00,1,1,0
2020-06-08 11:38:58+02:00,1,1,0
2020-06-08 11:39:15+02:00,1,1,0
2020-06-08 11:39:40+02:00,1,1,0
2020-06-08 11:47:47+02:00,1,1,0
2020-06-08 09:49:08+00:00,1,1,0
2020-06-08 12:49:19+02:00,1,1,0
2020-06-09 14:33:57+02:00,16,1,15
2020-06-09 16:08:20+00:00,2,2,0
2020-06-09 19:32:17+03:00,2,2,0
2020-06-09 20:47:52+02:00,29,0,29
2020-06-10 01:22:55+03:00,3,42,-39
2020-06-10 01:39:23+03:00,9,9,0
2020-06-10 06:30:29+03:00,1,1,0
2020-06-10 06:36:35+02:00,2,2,0
2020-06-10 06:46:59+02:00,29,0,29
2020-06-10 19:28:02+02:00,40,37,3
2020-06-10 19:28:02+02:00,6,6,0
2020-06-10 19:28:02+02:00,1,1,0
2020-06-10 19:28:02+02:00,5,8,-3
2020-06-10 19:28:02+02:00,4,3,1
2020-06-10 14:35:31-03:00,14,4,10
2020-06-10 19:44:34+02:00,3,3,0
2020-06-10 19:55:12+02:00,42,41,1
2020-06-10 19:57:47+02:00,17,0,17
2020-06-10 19:57:59+02:00,3,0,3
2020-06-11 20:34:14-04:00,1,1,0
2020-06-12 07:57:37+03:00,20,0,20
2020-06-12 13:13:10-04:00,1,1,0
2020-06-12 19:26:02+02:00,2,2,0
2020-06-12 22:10:18-07:00,2,2,0
2020-06-13 11:25:01+03:00,2,2,0
2020-06-13 13:34:29+03:00,42,3,39
2020-06-13 17:12:37+03:00,13,7,6
2020-06-13 17:28:11+02:00,10,10,0
2020-06-13 18:54:54+03:00,1,1,0
2020-06-14 00:35:58+03:00,2,2,0
2020-06-14 00:57:13+03:00,1,1,0
2020-06-14 01:07:00+03:00,30,3,27
2020-06-14 01:42:45+03:00,1,3,-2
2020-06-14 06:31:05+02:00,2,2,0
2020-06-14 06:33:08+02:00,1,1,0
2020-06-14 07:02:15+02:00,375,37,338
2020-06-14 17:03:18+01:00,51,0,51
2020-06-15 06:35:31+02:00,4,5,-1
2020-06-15 06:35:55+02:00,893,367,526
2020-06-15 10:03:28+02:00,20,4,16
2020-06-15 09:01:05+00:00,1,1,0
2020-06-15 09:02:14+00:00,1,1,0
2020-06-15 09:02:34+00:00,1,1,0
2020-06-15 12:04:07+02:00,1,1,0
2020-06-15 12:04:20+02:00,1,1,0
2020-06-15 12:05:05+02:00,1,1,0
2020-06-15 10:05:20+00:00,1,1,0
2020-06-15 13:35:03+02:00,1,1,0
2020-06-15 13:47:26+02:00,309,230,79
2020-06-15 19:24:33+02:00,52,51,1
2020-06-15 19:35:57+02:00,29,29,0
2020-06-15 20:55:06+02:00,2,2,0
2020-06-16 07:17:15+02:00,2,2,0
2020-06-16 10:16:23+02:00,3,0,3
2020-06-16 10:16:41+02:00,1442,643,799
2020-06-16 16:02:38+02:00,20,5,15
2020-06-17 06:14:32+02:00,20,5,15
2020-06-17 07:23:20+02:00,5,0,5
2020-06-17 08:33:53+02:00,7,1,6
2020-06-17 09:55:30+02:00,52,0,52
2020-06-17 21:11:43+03:00,12,1,11
2020-06-17 22:49:01+03:00,11,11,0
2020-06-17 22:02:57+02:00,11,11,0
2020-06-17 23:38:20+03:00,2,2,0
2020-06-18 06:50:05+02:00,34,10,24
2020-06-18 06:50:05+02:00,12,11,1
2020-06-18 06:50:05+02:00,7,1,6
2020-06-18 06:50:05+02:00,47,25,22
2020-06-18 06:50:05+02:00,34,42,-8
2020-06-18 06:50:06+02:00,9,5,4
2020-06-18 06:50:06+02:00,24,2,22
2020-06-18 06:50:06+02:00,9,0,9
2020-06-18 06:50:06+02:00,50,1,49
2020-06-18 06:50:06+02:00,8,3,5
2020-06-18 06:50:06+02:00,13,1,12
2020-06-18 06:50:06+02:00,1,1,0
2020-06-18 06:50:06+02:00,14,1,13
2020-06-18 06:50:06+02:00,197,2,195
2020-06-18 06:50:06+02:00,8,0,8
2020-06-18 06:50:06+02:00,12,1,11
2020-06-18 06:50:06+02:00,10,1,9
2020-06-18 06:50:06+02:00,43,9,34
2020-06-18 06:50:06+02:00,66,7,59
2020-06-18 06:50:06+02:00,34,7,27
2020-06-18 06:50:06+02:00,7,0,7
2020-06-18 07:03:30+02:00,6,10,-4
2020-06-18 07:54:00+02:00,11,7,4
2020-06-18 08:09:52+02:00,16,45,-29
2020-06-18 19:49:05+02:00,7,7,0
2020-06-18 19:54:46+02:00,789,278,511
2020-06-18 20:00:18+02:00,3,3,0
2020-06-22 09:13:36+00:00,1,1,0
2020-06-22 09:14:25+00:00,1,1,0
2020-06-22 09:14:57+00:00,1,1,0
2020-06-22 09:15:33+00:00,1,1,0
2020-06-22 09:16:00+00:00,1,1,0
2020-06-22 09:17:07+00:00,1,1,0
2020-06-22 11:29:21+02:00,1,1,0
2020-06-22 09:48:54+00:00,1,1,0
2020-06-22 13:54:01+02:00,1,1,0
2020-06-22 13:54:19+02:00,1,1,0
2020-06-22 13:55:33+02:00,1,1,0
2020-06-22 11:56:51+00:00,1,1,0
2020-06-22 13:57:45+02:00,1,1,0
2020-06-22 13:58:13+02:00,1,1,0
2020-06-22 14:04:39+02:00,1,1,0
2020-06-22 12:10:52+00:00,1,1,0
2020-06-22 15:15:14+02:00,2,2,0
2020-06-22 15:15:56+02:00,1,1,0
2020-06-22 15:45:29+02:00,1,1,0
2020-06-24 06:43:19+02:00,13,1,12
2020-06-24 15:21:28+01:00,7,7,0
2020-06-24 17:40:23+02:00,28,1,27
2020-06-24 20:32:19+02:00,34,1,33
2020-06-24 20:32:35+02:00,6,4,2
2020-06-24 23:58:12+01:00,164,6,158
2020-06-25 09:56:34+02:00,171,13,158
2020-06-25 19:22:50+02:00,1,1,0
2020-06-26 06:39:47+02:00,10,0,10
2020-06-27 00:08:10+03:00,28,1,27
2020-06-27 15:26:55+02:00,4,4,0
2020-06-27 15:31:37+02:00,2,2,0
2020-06-27 15:38:40+02:00,40,5,35
2020-06-27 15:48:09+02:00,10,0,10
2020-06-27 18:35:46+02:00,16,0,16
2020-06-27 18:40:44+02:00,4,0,4
2020-06-27 20:24:50+02:00,5,4,1
2020-06-27 21:46:53+02:00,6,6,0
2020-06-27 21:53:12+02:00,1,2,-1
2020-06-28 11:02:50+02:00,7,4,3
2020-06-28 11:17:06+02:00,76,12,64
2020-06-28 11:56:29+02:00,61,57,4
2020-06-28 15:44:58+02:00,1,1,0
2020-06-28 16:01:40+02:00,34,26,8
2020-06-28 16:04:04+02:00,17,17,0
2020-06-28 16:19:12+02:00,22,3,19
2020-06-28 16:27:35+02:00,51,51,0
2020-06-28 16:30:24+02:00,29,29,0
2020-06-28 19:41:21+02:00,11,11,0
2020-06-28 19:45:42+02:00,32,8,24
2020-06-28 20:38:28+02:00,2,2,0
2020-06-29 09:01:20+00:00,1,1,0
2020-06-29 09:02:57+00:00,1,1,0
2020-06-29 09:03:19+00:00,1,1,0
2020-06-29 09:03:58+00:00,1,1,0
2020-06-29 09:04:12+00:00,1,1,0
2020-06-29 14:11:32+02:00,1,1,0
2020-06-29 14:12:10+02:00,1,1,0
2020-06-29 14:12:46+02:00,1,1,0
2020-06-29 12:12:58+00:00,1,1,0
2020-06-29 12:14:27+00:00,1,1,0
2020-06-29 14:14:38+02:00,1,1,0
2020-06-29 14:22:00+02:00,1,1,0
2020-06-29 14:31:20+02:00,1,1,0
2020-06-29 12:32:42+00:00,1,1,0
2020-06-29 14:52:48+02:00,1,1,0
2020-06-29 14:53:53+02:00,1,1,0
2020-06-29 12:53:58+00:00,1,1,0
2020-06-29 15:09:35+02:00,1,1,0
2020-06-29 20:00:42+02:00,6,2,4
2020-06-29 21:53:33+03:00,67,15,52
2020-06-30 06:44:35+02:00,1,1,0
2020-06-30 06:44:40+02:00,1,1,0
2020-06-30 07:53:09+03:00,306,183,123
2020-06-30 07:16:27+02:00,16,0,16
2020-06-30 07:46:52+02:00,635,230,405
2020-06-30 07:48:02+02:00,39,0,39
2020-06-30 07:48:18+02:00,13,1,12
2020-06-30 11:01:00+02:00,18,9,9
2020-06-30 16:00:11+02:00,2202,846,1356
2020-06-30 10:13:27-04:00,1,1,0
2020-06-30 19:45:48+02:00,1,1,0
2020-07-02 11:26:52+02:00,1,1,0
2020-07-02 11:27:33+02:00,4,0,4
2020-07-02 11:38:38+02:00,1,1,0
2020-07-02 13:39:02+02:00,2,2,0
2020-07-02 20:03:15+02:00,2,2,0
2020-07-02 20:55:16+02:00,2,0,2
2020-07-02 21:14:31+02:00,2,0,2
2020-07-02 21:16:30+02:00,0,0,0
2020-07-03 06:30:42+02:00,8,4,4
2020-07-03 06:58:27+02:00,26,0,26
2020-07-03 06:58:27+02:00,30,16,14
2020-07-03 06:58:27+02:00,26,3,23
2020-07-03 06:58:27+02:00,26,25,1
2020-07-03 06:58:27+02:00,16,16,0
2020-07-03 06:58:27+02:00,37,4,33
2020-07-03 06:58:27+02:00,4,4,0
2020-07-03 06:58:27+02:00,2,2,0
2020-07-03 06:58:27+02:00,38,8,30
2020-07-03 06:58:27+02:00,38,37,1
2020-07-03 06:58:27+02:00,34,34,0
2020-07-03 06:58:27+02:00,12,12,0
2020-07-03 06:58:27+02:00,3,23,-20
2020-07-03 06:58:27+02:00,28,0,28
2020-07-03 06:58:27+02:00,4,4,0
2020-07-03 06:58:27+02:00,0,1,-1
2020-07-03 06:58:27+02:00,82,9,73
2020-07-03 06:58:27+02:00,16,8,8
2020-07-03 06:58:27+02:00,5,0,5
2020-07-03 06:58:27+02:00,6,5,1
2020-07-03 06:58:27+02:00,24,10,14
2020-07-03 06:58:27+02:00,5,1,4
2020-07-03 06:58:27+02:00,27,22,5
2020-07-03 06:58:27+02:00,36,12,24
2020-07-03 06:58:27+02:00,13,5,8
2020-07-03 06:58:27+02:00,19,2,17
2020-07-03 06:58:27+02:00,27,2,25
2020-07-03 06:58:27+02:00,28,1,27
2020-07-03 06:58:27+02:00,5,2,3
2020-07-03 06:58:27+02:00,32,29,3
2020-07-03 06:58:27+02:00,15,7,8
2020-07-03 06:58:27+02:00,5,1,4
2020-07-03 06:58:27+02:00,9,5,4
2020-07-03 07:03:43+02:00,10,4,6
2020-07-03 07:20:43+02:00,85,10,75
2020-07-03 08:02:27+02:00,62,7,55
2020-07-03 19:30:29+02:00,15,4,11
2020-07-03 19:45:45+02:00,22,6,16
2020-07-03 19:58:02+02:00,31,18,13
2020-07-03 20:03:33+02:00,19,1,18
2020-07-03 20:21:32+02:00,1,96,-95
2020-07-03 20:27:32+02:00,4,4,0
2020-07-03 20:32:04+02:00,2,2,0
2020-07-04 09:43:49+02:00,11,11,0
2020-07-04 16:41:19+02:00,1,1,0
2020-07-05 13:46:02+03:00,589,109,480
2020-07-06 09:11:49+00:00,1,1,0
2020-07-06 09:12:15+00:00,1,1,0
2020-07-06 09:13:05+00:00,1,1,0
2020-07-06 21:53:47+02:00,1,1,0
2020-07-06 21:57:14+02:00,1,1,0
2020-07-06 19:58:28+00:00,1,1,0
2020-07-07 21:53:31+02:00,1,1,0
2020-07-07 21:54:01+02:00,1,1,0
2020-07-08 18:06:30+01:00,47,0,47
2020-07-08 18:32:14+01:00,2,2,0
2020-07-08 22:02:04+01:00,67,16,51
2020-07-10 20:28:29+02:00,33,3,30
2020-07-11 07:29:11+02:00,23,8,15
2020-07-11 09:13:39+02:00,11,2,9
2020-07-11 15:21:54-04:00,1,1,0
2020-07-11 22:37:52+03:00,1,1,0
2020-07-12 09:50:53+02:00,22,1,21
2020-07-12 09:56:46+02:00,17,2,15
2020-07-12 09:57:00+02:00,38,3,35
2020-07-12 10:01:51+02:00,23,6,17
2020-07-12 10:05:47+02:00,49,0,49
2020-07-12 10:23:09+02:00,5,4,1
2020-07-12 12:36:16+02:00,1,1,0
2020-07-12 12:50:04+02:00,34,10,24
2020-07-13 07:22:43+02:00,1286,346,940
2020-07-13 09:00:50+00:00,1,1,0
2020-07-13 09:01:14+00:00,1,1,0
2020-07-13 09:01:58+00:00,1,1,0
2020-07-13 09:02:07+00:00,1,1,0
2020-07-13 12:21:26+02:00,1,1,0
2020-07-13 12:21:53+02:00,1,1,0
2020-07-13 12:22:21+02:00,1,1,0
2020-07-13 12:22:51+02:00,1,1,0
2020-07-13 19:48:21+02:00,3,1,2
2020-07-13 21:15:33+02:00,6,0,6
2020-07-13 23:24:30+03:00,6,0,6
2020-07-14 06:55:34+02:00,29,5,24
2020-07-14 06:33:57+00:00,1,1,0
2020-07-14 09:48:51+02:00,1,1,0
2020-07-14 16:42:47+02:00,4,3,1
2020-07-14 19:38:32+03:00,173,10,163
2020-07-14 19:27:52+02:00,8,8,0
2020-07-14 19:34:01+02:00,23,21,2
2020-07-14 20:16:18+02:00,18,11,7
2020-07-15 12:40:54+01:00,12,15,-3
2020-07-15 19:20:20+02:00,6,1,5
2020-07-15 19:28:40+02:00,8,29,-21
2020-07-15 19:50:09+02:00,49,19,30
2020-07-15 20:52:32+03:00,6,1,5
2020-07-15 20:15:29+02:00,12,3,9
2020-07-15 20:20:14+02:00,2,0,2
2020-07-15 20:27:00+02:00,8,0,8
2020-07-15 20:28:07+02:00,1,1,0
2020-07-15 20:55:33+02:00,24,24,0
2020-07-15 21:08:16+02:00,9,8,1
2020-07-16 05:10:46+00:00,13,17,-4
2020-07-16 09:22:29+02:00,13,17,-4
2020-07-16 07:23:16+00:00,1,1,0
2020-07-16 09:46:31+02:00,1,1,0
2020-07-19 09:37:17+02:00,141,16,125
2020-07-19 10:02:06+02:00,40,7,33
2020-07-19 21:30:55+07:00,2,2,0
2020-07-19 22:02:53+07:00,43,0,43
2020-07-19 22:10:59+07:00,41,0,41
2020-07-20 00:37:06+08:00,1,1,0
2020-07-19 19:20:24+02:00,1,1,0
2020-07-19 19:28:08+02:00,2,2,0
2020-07-20 10:54:17+07:00,0,41,-41
2020-07-20 11:08:18+07:00,42,0,42
2020-07-20 07:17:34+02:00,1,1,0
2020-07-20 08:58:13+02:00,1,1,0
2020-07-20 18:58:46+03:00,19,13,6
2020-07-20 19:22:48+03:00,40,7,33
2020-07-20 19:11:15+02:00,2,4,-2
2020-07-20 19:39:12+02:00,6,5,1
2020-07-20 19:57:05+02:00,15,0,15
2020-07-20 20:04:23+02:00,6,6,0
2020-07-21 00:10:53+03:00,15,0,15
2020-07-21 00:14:18+03:00,6,6,0
2020-07-21 20:34:19+02:00,56,5,51
2020-07-21 20:34:29+02:00,1,1,0
2020-07-21 23:09:06+03:00,57,6,51
2020-07-22 06:22:45+00:00,1,1,0
2020-07-22 08:41:26+02:00,1,1,0
2020-07-22 15:17:45+02:00,8,4,4
2020-07-22 15:56:16+02:00,8,2,6
2020-07-22 21:43:15+03:00,2,2,0
2020-07-22 21:44:39+03:00,0,1,-1
2020-07-22 21:51:25+03:00,1,0,1
2020-07-22 22:09:30+03:00,7,5,2
2020-07-22 22:45:46+03:00,10,3,7
2020-07-22 22:46:30+03:00,40,16,24
2020-07-22 22:48:29+03:00,2,2,0
2020-07-22 22:56:24+03:00,9,9,0
2020-07-23 09:36:05+07:00,5,11,-6
2020-07-23 09:47:53+07:00,2,1,1
2020-07-23 10:12:52+07:00,1,1,0
2020-07-23 07:12:14+02:00,35,3,32
2020-07-23 07:50:28+02:00,20,6,14
2020-07-23 07:50:45+02:00,14,14,0
2020-07-23 07:56:05+02:00,2,0,2
2020-07-23 19:33:23+02:00,4,2,2
2020-07-23 19:33:23+02:00,188,3,185
2020-07-23 19:33:23+02:00,18,8,10
2020-07-24 17:31:43+02:00,16,2,14
2020-07-24 17:37:07+02:00,5,4,1
2020-07-24 17:44:29+02:00,3,1,2
2020-07-24 19:23:37+02:00,3,3,0
2020-07-24 19:23:56+02:00,14,4,10
2020-07-24 19:33:27+02:00,13,4,9
2020-07-24 19:37:37+02:00,8,1,7
2020-07-24 20:09:59+02:00,35,0,35
2020-07-24 20:19:34+02:00,23,3,20
2020-07-24 20:36:30+02:00,33,4,29
2020-07-24 20:40:07+02:00,24,0,24
2020-07-25 16:45:09+02:00,106,22,84
2020-07-25 17:06:58+02:00,84,44,40
2020-07-25 17:19:41+02:00,2,2,0
2020-07-26 08:37:10+00:00,1,1,0
2020-07-26 08:37:13+00:00,1,1,0
2020-07-26 08:37:17+00:00,1,1,0
2020-07-26 08:37:25+00:00,1,1,0
2020-07-26 08:37:45+00:00,1,1,0
2020-07-26 10:52:50+02:00,1,1,0
2020-07-26 08:53:36+00:00,1,1,0
2020-07-26 08:53:51+00:00,1,1,0
2020-07-26 11:11:23+02:00,1,1,0
2020-07-26 11:11:54+02:00,1,1,0
2020-07-26 11:23:26+02:00,1,1,0
2020-07-26 13:27:42+02:00,1,1,0
2020-07-26 13:28:42+02:00,1,1,0
2020-07-26 14:00:00+02:00,1,1,0
2020-07-26 14:39:00+02:00,2,2,0
2020-07-26 15:17:54+02:00,2,2,0
2020-07-26 15:23:21+02:00,4,4,0
2020-07-26 15:55:54+02:00,2,0,2
2020-07-26 16:10:48+02:00,1,0,1
2020-07-27 07:20:40+02:00,4,0,4
2020-07-27 07:05:17+00:00,1,1,0
2020-07-27 09:23:23+02:00,1,1,0
2020-07-28 08:16:55+02:00,95,0,95
2020-07-28 13:41:09+02:00,2,2,0
2020-07-28 19:52:44+02:00,1,1,0
2020-07-28 19:53:05+02:00,1,1,0
2020-08-01 15:59:50+02:00,31,8,23
2020-08-02 10:12:15+02:00,3,2,1
2020-08-02 10:18:19+02:00,14,2,12
2020-08-02 10:32:17+02:00,6,4,2
2020-08-03 07:17:30+00:00,1,1,0
2020-08-03 07:17:31+00:00,1,1,0
2020-08-03 07:17:32+00:00,1,1,0
2020-08-03 07:17:50+00:00,1,1,0
2020-08-03 09:36:01+02:00,1,1,0
2020-08-03 09:40:24+02:00,1,1,0
2020-08-03 09:42:57+02:00,1,1,0
2020-08-03 19:22:07+02:00,4,2,2
2020-08-03 19:28:57+02:00,2,2,0
2020-08-03 21:31:31+02:00,5,3,2
2020-08-04 07:00:54+02:00,272,75,197
2020-08-04 14:41:22+02:00,14,3,11
2020-08-04 14:41:38+02:00,37,1,36
2020-08-04 14:49:59+02:00,29,2,27
2020-08-04 16:01:41+02:00,1,1,0
2020-08-04 19:43:05+02:00,18,3,15
2020-08-04 19:43:22+02:00,88,15,73
2020-08-04 19:56:49+02:00,7,4,3
2020-08-04 19:57:28+02:00,37,21,16
2020-08-06 06:50:08+02:00,1596,424,1172
2020-08-06 07:54:54+02:00,6,4,2
2020-08-06 08:50:41+02:00,0,0,0
2020-08-06 08:51:01+02:00,106,129,-23
2020-08-06 09:00:28+02:00,5,4,1
2020-08-06 09:07:48+02:00,1,1,0
2020-08-06 09:22:41+02:00,14,0,14
2020-08-07 01:13:36+02:00,1,1,0
2020-08-07 06:23:22+02:00,1,1,0
2020-08-08 15:06:13+02:00,24,24,0
2020-08-08 15:19:40+02:00,282,57,225
2020-08-08 17:04:32+02:00,11,9,2
2020-08-08 17:08:38+02:00,42,57,-15
2020-08-08 17:24:19+02:00,84,57,27
2020-08-08 17:30:31+02:00,4,3,1
2020-08-08 17:33:08+02:00,97,2,95
2020-08-08 20:20:58+02:00,1,0,1
2020-08-09 08:34:36+02:00,1521,296,1225
2020-08-09 10:25:57+02:00,97,2,95
2020-08-09 10:28:11+02:00,12,12,0
2020-08-10 06:17:04+00:00,1,1,0
2020-08-10 06:17:36+00:00,1,1,0
2020-08-10 20:23:02+02:00,1,1,0
2020-08-10 20:37:40+02:00,1,1,0
2020-08-11 15:25:47+02:00,388,66,322
2020-08-11 15:27:41+02:00,2,2,0
2020-08-11 19:27:25+02:00,2,2,0
2020-08-11 19:58:05+02:00,58,20,38
2020-08-11 20:04:43+02:00,8510,2699,5811
2020-08-11 20:18:49+02:00,37,23,14
2020-08-11 20:29:47+02:00,0,14,-14
2020-08-11 20:37:01+02:00,34,4,30
2020-08-11 20:52:18+02:00,0,5,-5
2020-08-12 10:40:44+02:00,7,14,-7
2020-08-12 11:21:00+02:00,5,7,-2
2020-08-12 14:05:05+02:00,123,31,92
2020-08-12 14:11:19+02:00,5,5,0
2020-08-12 14:29:14+02:00,44,14,30
2020-08-12 15:28:51+02:00,989,216,773
2020-08-12 15:32:56+02:00,2,2,0
2020-08-12 15:34:29+02:00,0,1,-1
2020-08-12 09:42:16-07:00,10,4,6
2020-08-12 19:56:57+02:00,107,56,51
2020-08-12 20:13:06+02:00,4208,1275,2933
2020-08-13 08:02:36+02:00,15,9,6
2020-08-13 08:05:05+02:00,2,1,1
2020-08-13 08:06:57+02:00,1,1,0
2020-08-13 08:20:03+02:00,24,9,15
2020-08-14 06:46:34+02:00,1,1,0
2020-08-14 06:58:09+02:00,7856,2594,5262
2020-08-14 07:11:56+02:00,53,26,27
2020-08-14 07:14:10+02:00,14,4,10
2020-08-14 07:31:14+02:00,3,4,-1
2020-08-14 09:25:12+02:00,27,4,23
2020-08-14 09:52:46+02:00,9,6,3
2020-08-14 09:52:46+02:00,116,109,7
2020-08-14 09:52:46+02:00,74,6,68
2020-08-14 09:52:46+02:00,4,1,3
2020-08-14 09:52:46+02:00,0,2,-2
2020-08-14 09:52:46+02:00,3,1,2
2020-08-14 09:52:46+02:00,103,87,16
2020-08-14 09:52:46+02:00,40,25,15
2020-08-14 09:52:46+02:00,23,10,13
2020-08-14 09:52:46+02:00,148,97,51
2020-08-14 09:52:46+02:00,15,7,8
2020-08-14 09:52:46+02:00,15,5,10
2020-08-14 09:52:46+02:00,10,5,5
2020-08-14 09:52:46+02:00,14,2,12
2020-08-14 09:52:46+02:00,6,4,2
2020-08-14 09:52:46+02:00,1,1,0
2020-08-14 09:52:47+02:00,13,8,5
2020-08-14 09:52:47+02:00,23,0,23
2020-08-14 09:52:47+02:00,21,16,5
2020-08-14 09:56:48+02:00,9,0,9
2020-08-14 09:57:13+02:00,8,6,2
2020-08-14 10:59:55+02:00,48,7,41
2020-08-14 11:13:55+02:00,1,0,1
2020-08-14 11:25:20+02:00,6,3,3
2020-08-14 11:25:40+02:00,2,2,0
2020-08-14 11:31:02+02:00,1,2,-1
2020-08-14 14:41:46+02:00,36,15,21
2020-08-14 14:53:21+02:00,14,26,-12
2020-08-14 15:44:36+02:00,70,4,66
2020-08-14 15:44:52+02:00,49,34,15
2020-08-14 09:25:53-07:00,3,1,2
2020-08-14 09:26:28-07:00,1,1,0
2020-08-14 09:27:04-07:00,3,4,-1
2020-08-14 19:34:22+02:00,1,1,0
2020-08-14 19:41:27+02:00,50,4,46
2020-08-14 19:43:10+02:00,9,2,7
2020-08-14 19:50:56+02:00,7,2,5
2020-08-14 19:51:50+02:00,1,0,1
2020-08-14 20:00:09+02:00,1,1,0
2020-08-14 20:08:55+02:00,3,3,0
2020-08-14 20:35:15+02:00,27,5,22
2020-08-15 08:15:47+02:00,10,10,0
2020-08-15 08:31:36+02:00,13,18,-5
2020-08-15 08:47:09+02:00,4,1,3
2020-08-15 08:58:53+02:00,86,43,43
2020-08-15 09:08:50+02:00,8,8,0
2020-08-15 09:08:59+02:00,984,281,703
2020-08-15 09:11:46+02:00,5,5,0
2020-08-15 09:18:00+02:00,2,1,1
2020-08-15 16:26:47+02:00,0,3,-3
2020-08-15 20:15:02+02:00,12,8,4
2020-08-16 03:02:10+02:00,82,33,49
2020-08-16 09:13:11+02:00,58,24,34
2020-08-16 13:03:56+02:00,1,1,0
2020-08-16 13:05:07+02:00,1,1,0
2020-08-16 13:05:38+02:00,3,1,2
2020-08-16 13:09:19+02:00,2,2,0
2020-08-16 13:13:27+02:00,1,1,0
2020-08-16 13:13:40+02:00,1,1,0
2020-08-16 13:13:54+02:00,2,2,0
2020-08-16 13:14:50+02:00,1,1,0
2020-08-16 13:16:35+02:00,1,1,0
2020-08-16 13:17:01+02:00,1,1,0
2020-08-16 13:17:11+02:00,2,2,0
2020-08-16 13:44:32+02:00,9,5,4
2020-08-16 14:57:53+02:00,1,1,0
2020-08-16 14:58:06+02:00,1,1,0
2020-08-17 02:07:25+02:00,5,16,-11
2020-08-17 02:07:32+02:00,30,7,23
2020-08-17 02:10:56+02:00,1,1,0
2020-08-17 06:49:55+02:00,125,133,-8
2020-08-17 07:00:48+02:00,140,125,15
2020-08-17 06:24:49+00:00,1,1,0
2020-08-17 06:24:50+00:00,1,1,0
2020-08-17 06:24:54+00:00,1,1,0
2020-08-17 06:25:04+00:00,1,1,0
2020-08-17 06:25:10+00:00,1,1,0
2020-08-17 08:57:41+02:00,1,1,0
2020-08-17 08:58:00+02:00,1,1,0
2020-08-17 08:58:38+02:00,1,1,0
2020-08-17 09:08:41+02:00,1,1,0
2020-08-17 09:08:59+02:00,1,1,0
2020-08-17 20:24:30+02:00,1,1,0
2020-08-18 14:02:22+02:00,1,1,0
2020-08-18 15:20:37+02:00,20,15,5
2020-08-18 16:15:24+02:00,7,1,6
2020-08-18 16:59:24+02:00,5,0,5
2020-08-18 19:44:44+02:00,4,2,2
2020-08-18 20:12:14+02:00,6,8,-2
2020-08-18 20:15:41+02:00,4,4,0
2020-08-19 06:39:47+02:00,818,323,495
2020-08-19 14:16:24+02:00,10,12,-2
2020-08-19 23:07:03+02:00,6,7,-1
2020-08-20 19:35:40+02:00,2,2,0
2020-08-20 19:51:36+02:00,13,2,11
2020-08-20 20:11:58+02:00,8,1,7
2020-08-20 20:21:38+02:00,20,2,18
2020-08-21 07:13:13+02:00,1,2,-1
2020-08-21 07:17:52+02:00,22,25,-3
2020-08-21 07:24:49+02:00,2,0,2
2020-08-21 07:31:22+02:00,5,0,5
2020-08-21 14:26:23+02:00,3,0,3
2020-08-21 14:54:35+02:00,13,4,9
2020-08-21 14:55:47+02:00,0,1,-1
2020-08-21 18:25:45+02:00,16,18,-2
2020-08-21 19:51:31+02:00,3,1,2
2020-08-22 08:59:50+02:00,4,4,0
2020-08-22 08:59:54+02:00,44,2,42
2020-08-22 09:12:09+02:00,5,3,2
2020-08-22 09:28:36+02:00,36,0,36
2020-08-22 09:30:25+02:00,16,12,4
2020-08-22 09:33:35+02:00,2,2,0
2020-08-22 15:48:00+02:00,29,9,20
2020-08-22 15:49:32+02:00,25,8,17
2020-08-22 16:08:54+02:00,0,3,-3
2020-08-22 17:35:42+02:00,23,19,4
2020-08-23 09:00:57+02:00,2,1,1
2020-08-23 09:09:26+02:00,115,51,64
2020-08-23 09:11:34+02:00,1,0,1
2020-08-23 09:11:52+02:00,7,7,0
2020-08-23 10:16:28+02:00,6,5,1
2020-08-23 10:33:02+02:00,6,5,1
2020-08-23 10:36:56+02:00,1402,727,675
2020-08-23 16:04:32+02:00,4,0,4
2020-08-23 19:14:28+02:00,2,2,0
2020-08-23 19:14:57+02:00,2,2,0
2020-08-23 19:31:35+02:00,4,0,4
2020-08-23 19:31:59+02:00,4,0,4
2020-08-23 21:14:00+02:00,47,95,-48
2020-08-23 21:16:44+02:00,12,12,0
2020-08-24 06:50:43+02:00,5,1,4
2020-08-24 06:56:56+02:00,2,2,0
2020-08-24 07:21:48+02:00,6606,2343,4263
2020-08-24 06:44:50+00:00,1,1,0
2020-08-24 06:44:52+00:00,1,1,0
2020-08-24 06:44:54+00:00,1,1,0
2020-08-24 06:45:12+00:00,1,1,0
2020-08-24 06:45:20+00:00,1,1,0
2020-08-24 08:55:09+02:00,1,1,0
2020-08-24 08:55:36+02:00,1,1,0
2020-08-24 09:01:05+02:00,1,1,0
2020-08-24 09:04:42+02:00,1,1,0
2020-08-24 09:13:02+02:00,1,1,0
2020-08-24 07:18:00+00:00,1,1,0
2020-08-24 09:29:30+02:00,1,1,0
2020-08-24 11:09:09+02:00,42,26,16
2020-08-24 11:17:43+02:00,24,0,24
2020-08-24 11:41:54+02:00,73,97,-24
2020-08-24 11:45:38+02:00,3,6,-3
2020-08-24 17:18:57+02:00,5,0,5
2020-08-24 17:31:00+02:00,1,0,1
2020-08-25 11:47:51+02:00,1,0,1
2020-08-25 19:56:23+02:00,18,11,7
2020-08-25 20:22:48+02:00,55,15,40
2020-08-26 07:16:29+02:00,19,3,16
2020-08-26 10:02:55+02:00,19,3,16
2020-08-26 20:52:09+02:00,137,137,0
2020-08-26 21:22:36+02:00,6,1,5
2020-08-26 21:24:47+02:00,3,1,2
2020-08-26 21:27:09+02:00,14,20,-6
2020-08-26 21:55:31+02:00,33,10,23
2020-08-26 22:17:43+02:00,18,15,3
2020-08-27 06:35:28+02:00,12,12,0
2020-08-27 11:37:20+02:00,4,3,1
2020-08-27 12:04:55+02:00,6,1,5
2020-08-27 14:41:31+02:00,2,2,0
2020-08-27 15:11:17+02:00,238,66,172
2020-08-28 15:43:24+02:00,238,66,172
2020-08-29 10:07:02+02:00,8,0,8
2020-08-29 10:14:49+02:00,1,2,-1
2020-08-29 10:26:26+02:00,5,8,-3
2020-08-30 10:07:28+02:00,7,0,7
2020-08-30 10:07:58+02:00,1,0,1
2020-08-30 10:11:45+02:00,1,1,0
2020-08-30 10:11:57+02:00,1,1,0
2020-08-30 10:23:14+02:00,14,9,5
2020-08-30 10:34:49+02:00,8,0,8
2020-08-31 06:52:49+02:00,2721,1263,1458
2020-08-31 07:34:43+02:00,10,5,5
2020-08-31 06:38:24+00:00,1,1,0
2020-08-31 06:38:35+00:00,1,1,0
2020-08-31 06:38:36+00:00,1,1,0
2020-08-31 06:38:38+00:00,1,1,0
2020-08-31 06:38:55+00:00,1,1,0
2020-08-31 06:38:56+00:00,1,1,0
2020-08-31 09:22:41+02:00,1,1,0
2020-08-31 09:23:11+02:00,1,1,0
2020-08-31 09:23:35+02:00,1,1,0
2020-08-31 09:24:43+02:00,1,1,0
2020-08-31 09:25:19+02:00,1,1,0
2020-08-31 09:36:55+02:00,1,1,0
2020-08-31 11:24:12+02:00,10,5,5
2020-08-31 15:46:31+02:00,1,1,0
2020-08-31 16:10:24+02:00,450,62,388
2020-09-01 07:10:48+02:00,1,1,0
2020-09-01 07:51:16+02:00,1037,422,615
2020-09-01 08:04:02+02:00,2,20,-18
2020-09-01 10:31:11+02:00,3,0,3
2020-09-01 10:51:45+02:00,4,19,-15
2020-09-01 15:11:05+02:00,84,50,34
2020-09-01 19:18:19+02:00,0,3,-3
2020-09-01 20:16:54+02:00,0,3,-3
2020-09-02 19:58:26+02:00,4,1,3
2020-09-02 19:59:04+02:00,11,1,10
2020-09-02 20:02:41+02:00,1,1,0
2020-09-02 16:58:54-06:00,149,75,74
2020-09-02 20:37:45-06:00,405,394,11
2020-09-03 19:29:48+02:00,2,1,1
2020-09-03 19:33:34+02:00,9,0,9
2020-09-03 12:49:32-06:00,1,1,0
2020-09-03 12:49:54-06:00,1,1,0
2020-09-03 12:50:23-06:00,1,1,0
2020-09-03 12:53:33-06:00,1,1,0
2020-09-03 12:55:07-06:00,1,1,0
2020-09-03 12:55:49-06:00,1,1,0
2020-09-03 12:56:54-06:00,2,1,1
2020-09-03 12:57:15-06:00,1,1,0
2020-09-03 13:11:04-06:00,3,3,0
2020-09-03 13:12:43-06:00,2,4,-2
2020-09-03 13:18:15-06:00,8,1,7
2020-09-03 13:19:05-06:00,7,7,0
2020-09-03 13:22:22-06:00,3,1,2
2020-09-03 13:32:07-06:00,28,22,6
2020-09-03 13:38:46-06:00,5,5,0
2020-09-03 13:39:38-06:00,1,1,0
2020-09-04 07:12:08+02:00,329,331,-2
2020-09-04 07:28:21+02:00,19,12,7
2020-09-04 07:56:10+02:00,585,156,429
2020-09-04 10:39:39+02:00,445,344,101
2020-09-04 19:44:35+02:00,101,0,101
2020-09-04 20:02:31+02:00,71,23,48
2020-09-04 20:09:02+02:00,40,7,33
2020-09-04 20:10:43+02:00,1,1,0
2020-09-05 16:44:23+02:00,3,3,0
2020-09-05 16:51:19+02:00,1,1,0
2020-09-06 14:05:15+02:00,67,0,67
2020-09-06 14:17:45+02:00,48,0,48
2020-09-06 14:28:24+02:00,10,8,2
2020-09-06 14:33:45+02:00,9,5,4
2020-09-06 14:51:48+02:00,39,1,38
2020-09-06 14:59:43+02:00,29,0,29
2020-09-06 15:05:47+02:00,3,1,2
2020-09-06 15:22:13+02:00,548,421,127
2020-09-06 15:27:16+02:00,3,1,2
2020-09-06 19:32:00+02:00,30,3,27
2020-09-07 06:39:48+02:00,166,130,36
2020-09-07 06:48:34+02:00,82,51,31
2020-09-07 06:53:11+02:00,25,36,-11
2020-09-07 07:41:58+02:00,4,3,1
2020-09-07 07:47:38+02:00,50,1,49
2020-09-07 07:54:55+02:00,3,3,0
2020-09-07 09:06:43+02:00,7,2,5
2020-09-07 07:09:07+00:00,1,1,0
2020-09-07 07:09:22+00:00,1,1,0
2020-09-07 07:09:23+00:00,1,1,0
2020-09-07 09:35:32+02:00,1,1,0
2020-09-07 09:35:55+02:00,1,1,0
2020-09-07 07:37:12+00:00,1,1,0
2020-09-07 09:48:29+02:00,1,1,0
2020-09-07 09:50:40+02:00,1,1,0
2020-09-07 23:26:55+08:00,1,1,0
2020-09-07 23:38:51+08:00,1,1,0
2020-09-08 16:38:08+02:00,212,12,200
2020-09-09 06:42:36+02:00,37,0,37
2020-09-09 06:49:29+02:00,63,1,62
2020-09-09 07:01:43+02:00,66,11,55
2020-09-09 07:50:52+02:00,39,16,23
2020-09-09 07:57:02+02:00,2,1,1
2020-09-09 13:29:22+00:00,1,1,0
2020-09-09 13:29:27+00:00,1,1,0
2020-09-09 13:29:31+00:00,1,1,0
2020-09-09 13:29:36+00:00,1,1,0
2020-09-09 15:39:35+02:00,5,4,1
2020-09-09 15:46:59+02:00,1,1,0
2020-09-09 15:51:32+02:00,1,1,0
2020-09-09 15:56:48+02:00,1,1,0
2020-09-09 16:06:21+02:00,1,1,0
2020-09-09 09:16:11-07:00,1,1,0
2020-09-10 07:40:19+02:00,81,22,59
2020-09-10 08:03:26+02:00,56,6,50
2020-09-10 08:04:04+02:00,1,1,0
2020-09-10 08:19:40+02:00,7,4,3
2020-09-10 15:42:34+02:00,0,3,-3
2020-09-11 06:44:20+02:00,11,1,10
2020-09-11 06:59:07+02:00,4,2,2
2020-09-11 07:12:10+02:00,53,8,45
2020-09-11 08:41:33+02:00,1,0,1
2020-09-11 08:42:42+02:00,1,2,-1
2020-09-11 10:01:31+02:00,1,1,0
2020-09-11 19:49:03+02:00,11,1,10
2020-09-11 20:00:36+02:00,1,1,0
2020-09-11 20:01:28+02:00,233,22,211
2020-09-11 20:06:05+02:00,39,37,2
2020-09-11 12:01:45-07:00,7,1,6
2020-09-12 08:33:46+02:00,3405,1667,1738
2020-09-12 08:43:59+02:00,2,1,1
2020-09-13 16:43:22+02:00,39,44,-5
2020-09-13 16:54:21+02:00,2,1,1
2020-09-13 19:38:41+02:00,2,3,-1
2020-09-14 07:44:24+02:00,42,47,-5
2020-09-14 06:35:00+00:00,1,1,0
2020-09-14 06:35:14+00:00,1,1,0
2020-09-14 06:35:36+00:00,1,1,0
2020-09-14 06:35:41+00:00,1,1,0
2020-09-14 08:49:36+02:00,1,1,0
2020-09-14 09:01:12+02:00,1,1,0
2020-09-14 09:05:28+02:00,1,1,0
2020-09-14 07:07:14+00:00,1,1,0
2020-09-14 09:07:47+02:00,1,1,0
2020-09-14 09:24:22+02:00,1,1,0
2020-09-14 17:34:13+02:00,37,39,-2
2020-09-16 20:27:28+02:00,3,2,1
2020-09-19 08:34:06+02:00,25,17,8
2020-09-19 08:42:15+02:00,30,0,30
2020-09-19 08:42:37+02:00,1,3,-2
2020-09-19 09:10:34+02:00,52,1,51
2020-09-19 09:13:43+02:00,7,1,6
2020-09-19 09:37:11+02:00,7,12,-5
2020-09-19 09:46:32+02:00,1,0,1
2020-09-19 11:25:00+02:00,0,3,-3
2020-09-19 11:33:55+02:00,6,7,-1
2020-09-19 17:12:14+02:00,1504,378,1126
2020-09-19 17:19:45+02:00,60,4,56
2020-09-19 17:21:56+02:00,1,1,0
2020-09-19 17:32:22+02:00,5,4,1
2020-09-19 17:43:05+02:00,5,4,1
2020-09-19 17:51:31+02:00,10,10,0
2020-09-19 19:38:33+02:00,38,5,33
2020-09-19 19:42:56+02:00,28,0,28
2020-09-19 20:29:44+02:00,30,11,19
2020-09-19 14:31:23-04:00,1,1,0
2020-09-19 14:36:12-04:00,1,1,0
2020-09-19 20:38:42+02:00,1,1,0
2020-09-19 14:45:36-04:00,4,4,0
2020-09-20 08:15:38+02:00,1,1,0
2020-09-20 11:15:32+02:00,1,1,0
2020-09-20 11:18:45+02:00,5,5,0
2020-09-20 11:45:08+02:00,45,43,2
2020-09-20 11:51:12+02:00,6,6,0
2020-09-20 11:53:47+02:00,1,1,0
2020-09-20 13:00:16+02:00,5,5,0
2020-09-20 13:09:34+02:00,5,0,5
2020-09-20 11:40:16+00:00,48,0,48
2020-09-20 14:16:36+02:00,55,37,18
2020-09-20 12:16:58+00:00,6,38,-32
2020-09-20 12:34:57+00:00,15,15,0
2020-09-20 12:35:08+00:00,27,27,0
2020-09-20 12:36:47+00:00,4,0,4
2020-09-20 12:41:17+00:00,1,1,0
2020-09-20 14:58:15+02:00,33,0,33
2020-09-20 14:58:27+02:00,3,0,3
2020-09-20 14:58:37+02:00,1,0,1
2020-09-20 14:59:13+02:00,1,0,1
2020-09-20 15:02:07+02:00,1,1,0
2020-09-20 15:12:30+02:00,33,7,26
2020-09-20 15:17:54+02:00,3,2,1
2020-09-20 15:39:50+02:00,2,1,1
2020-09-20 16:20:01+02:00,14,0,14
2020-09-20 16:20:17+02:00,0,1,-1
2020-09-20 16:26:48+02:00,5,5,0
2020-09-20 20:19:07+02:00,4,8,-4
2020-09-21 05:39:56+00:00,1,1,0
2020-09-21 05:39:56+00:00,1,1,0
2020-09-21 05:40:00+00:00,1,1,0
2020-09-21 07:42:57+02:00,193,80,113
2020-09-21 08:17:21+02:00,1,1,0
2020-09-21 08:17:40+02:00,1,1,0
2020-09-21 08:18:16+02:00,1,1,0
2020-09-21 19:31:25+02:00,206,88,118
2020-09-22 19:37:18+02:00,8,1,7
2020-09-22 19:37:31+02:00,5,0,5
2020-09-22 20:19:46+02:00,1,1,0
2020-09-22 22:28:12+01:00,14,0,14
2020-09-23 10:20:43+02:00,103,23,80
2020-09-24 19:22:14+02:00,13,1,12
2020-09-25 06:37:40+02:00,14,1,13
2020-09-25 05:47:58+00:00,1,1,0
2020-09-25 08:02:52+02:00,1,1,0
2020-09-25 20:47:37+02:00,85,72,13
2020-09-25 21:00:58+02:00,2,2,0
2020-09-26 14:55:12+02:00,7,7,0
2020-09-26 15:25:34+02:00,107,81,26
2020-09-26 22:40:54+01:00,32,1,31
2020-09-27 09:49:19+02:00,52,50,2
2020-09-27 09:51:07+02:00,1,1,0
2020-09-27 09:51:19+02:00,1,1,0
2020-09-27 16:18:28+02:00,2,26,-24
2020-09-27 16:21:55+02:00,7,13,-6
2020-09-27 16:33:26+02:00,9,6,3
2020-09-27 16:50:42+02:00,53,9,44
2020-09-27 17:03:30+02:00,31,5,26
2020-09-27 17:09:33+02:00,50,17,33
2020-09-27 19:34:47+02:00,2,0,2
2020-09-27 19:40:55+02:00,2,2,0
2020-09-27 19:48:11+02:00,10,0,10
2020-09-27 20:23:13+01:00,11,6,5
2020-09-28 00:36:13+02:00,29,4,25
2020-09-28 05:48:08+00:00,1,1,0
2020-09-28 05:48:12+00:00,1,1,0
2020-09-28 05:48:14+00:00,1,1,0
2020-09-28 05:48:15+00:00,1,1,0
2020-09-28 07:48:54+02:00,3342,1183,2159
2020-09-28 08:26:42+02:00,1,1,0
2020-09-28 08:28:50+02:00,1,1,0
2020-09-28 08:30:48+02:00,1,1,0
2020-09-28 08:36:40+02:00,5,3,2
2020-09-28 08:54:24+02:00,5,3,2
2020-09-28 08:54:32+02:00,2,2,0
2020-09-28 08:55:17+02:00,1,1,0
2020-09-28 09:56:24+02:00,1,1,0
2020-09-28 15:22:06+02:00,5,11,-6
2020-09-28 17:19:41+02:00,2,2,0
2020-09-28 17:35:04+02:00,13,0,13
2020-09-28 17:37:14+02:00,8,0,8
2020-09-28 19:40:46+02:00,188,160,28
2020-09-28 19:43:15+02:00,96,124,-28
2020-09-28 19:43:32+02:00,3,0,3
2020-09-28 19:50:22+02:00,2,2,0
2020-09-28 19:53:29+02:00,0,4,-4
2020-09-28 20:02:11+02:00,1,0,1
2020-09-28 20:13:38+02:00,195,88,107
2020-09-28 20:21:55+02:00,195,87,108
2020-09-28 20:30:20+01:00,18,11,7
2020-09-29 06:27:23+02:00,305,283,22
2020-09-29 06:35:46+02:00,24,0,24
2020-09-29 06:35:46+02:00,15,6,9
2020-09-29 06:35:46+02:00,9,7,2
2020-09-29 06:35:46+02:00,24,0,24
2020-09-29 06:35:46+02:00,30,1,29
2020-09-29 06:35:46+02:00,65,14,51
2020-09-29 06:35:46+02:00,21,7,14
2020-09-29 06:35:47+02:00,6,4,2
2020-09-29 06:35:47+02:00,17,5,12
2020-09-29 06:35:47+02:00,13,7,6
2020-09-29 06:35:47+02:00,26,2,24
2020-09-29 06:35:47+02:00,9,3,6
2020-09-29 06:35:47+02:00,6,2,4
2020-09-29 06:35:47+02:00,65,1,64
2020-09-29 06:35:47+02:00,4,5,-1
2020-09-29 06:35:47+02:00,41,19,22
2020-09-29 06:35:47+02:00,8,2,6
2020-09-29 06:35:47+02:00,98,4,94
2020-09-29 06:35:47+02:00,46,0,46
2020-09-29 06:35:47+02:00,8,5,3
2020-09-29 06:35:47+02:00,7,5,2
2020-09-29 06:35:47+02:00,32,10,22
2020-09-29 06:35:47+02:00,21,10,11
2020-09-29 06:35:47+02:00,36,1,35
2020-09-29 06:35:47+02:00,4,4,0
2020-09-29 06:35:47+02:00,6,0,6
2020-10-02 06:52:43+02:00,7,5,2
2020-10-02 07:00:45+02:00,1,1,0
2020-10-03 13:27:06+02:00,7,4,3
2020-10-03 13:42:05+02:00,7,4,3
2020-10-04 09:12:52+02:00,7,7,0
2020-10-04 09:14:46+02:00,32,36,-4
2020-10-04 09:34:25+02:00,579,64,515
2020-10-05 05:41:23+00:00,1,1,0
2020-10-05 05:41:37+00:00,1,1,0
2020-10-05 05:41:39+00:00,1,1,0
2020-10-05 05:41:39+00:00,1,1,0
2020-10-05 05:41:40+00:00,1,1,0
2020-10-05 05:41:42+00:00,1,1,0
2020-10-05 05:41:44+00:00,1,1,0
2020-10-05 05:41:44+00:00,1,1,0
2020-10-05 05:41:44+00:00,1,1,0
2020-10-05 07:44:12+02:00,5,0,5
2020-10-05 08:07:53+02:00,37,0,37
2020-10-05 08:16:15+02:00,1,1,0
2020-10-05 08:20:27+02:00,1,1,0
2020-10-05 08:21:26+02:00,1,1,0
2020-10-05 08:31:41+02:00,1,1,0
2020-10-05 08:49:05+02:00,1,1,0
2020-10-05 08:52:25+02:00,1,1,0
2020-10-05 08:55:25+02:00,1,1,0
2020-10-05 08:55:59+02:00,1,1,0
2020-10-05 07:11:13+00:00,1,1,0
2020-10-05 10:05:15+01:00,2,1,1
2020-10-05 16:12:41+02:00,4,4,0
2020-10-05 16:17:37+02:00,2,2,0
2020-10-05 16:23:55+02:00,5,5,0
2020-10-05 16:33:43+02:00,3,3,0
2020-10-05 19:09:02+02:00,42,0,42
2020-10-05 19:27:28+02:00,17,23,-6
2020-10-05 19:33:50+02:00,11,6,5
2020-10-05 20:06:34+02:00,48,32,16
2020-10-05 20:13:09+02:00,8,7,1
2020-10-05 20:36:16+02:00,8,5,3
2020-10-06 09:18:49+02:00,6,6,0
2020-10-06 09:47:38+02:00,6,6,0
2020-10-06 20:17:05+02:00,2,2,0
2020-10-07 09:49:25+02:00,91,72,19
2020-10-07 20:59:05+02:00,92,96,-4
2020-10-08 08:09:55+02:00,23,10,13
2020-10-08 08:23:56+02:00,2,2,0
2020-10-08 08:30:30+02:00,3,3,0
2020-10-08 10:24:52+02:00,10,9,1
2020-10-08 19:27:00+02:00,7,2,5
2020-10-08 20:11:45+02:00,32,24,8
2020-10-08 20:22:59+02:00,0,3,-3
2020-10-09 06:39:13+02:00,4,2,2
2020-10-09 06:47:02+02:00,58,0,58
2020-10-09 09:02:20+02:00,11,5,6
2020-10-09 09:02:44+02:00,138,138,0
2020-10-09 09:18:25+02:00,9,3,6
2020-10-09 09:28:21+02:00,158,146,12
2020-10-09 10:27:41+02:00,62,2,60
2020-10-10 14:13:25+02:00,24,10,14
2020-10-10 14:22:29+02:00,18,14,4
2020-10-11 08:37:47+02:00,1,1,0
2020-10-12 06:07:57+02:00,0,3,-3
2020-10-12 05:43:19+00:00,1,1,0
2020-10-12 05:43:23+00:00,1,1,0
2020-10-12 05:43:37+00:00,1,1,0
2020-10-12 05:43:38+00:00,1,1,0
2020-10-12 09:29:24+02:00,1,1,0
2020-10-12 09:30:02+02:00,1,1,0
2020-10-12 07:31:08+00:00,1,1,0
2020-10-12 09:34:14+02:00,1,1,0
2020-10-12 07:35:11+00:00,1,1,0
2020-10-12 10:12:34+02:00,1,1,0
2020-10-12 10:12:56+02:00,1,1,0
2020-10-12 08:13:28+00:00,1,1,0
2020-10-12 19:28:14+02:00,5,5,0
2020-10-12 19:54:31+02:00,6,13,-7
2020-10-12 20:08:40+02:00,2,0,2
2020-10-12 20:11:41+02:00,5,5,0
2020-10-12 20:25:01+02:00,8,6,2
2020-10-13 06:12:35+02:00,8,6,2
2020-10-13 06:23:15+02:00,7,14,-7
2020-10-13 06:24:01+02:00,45,43,2
2020-10-13 12:39:31+00:00,1,1,0
2020-10-13 12:39:35+00:00,1,1,0
2020-10-13 12:39:47+00:00,1,1,0
2020-10-13 15:05:07+02:00,1,1,0
2020-10-13 15:05:30+02:00,1,1,0
2020-10-13 13:06:37+00:00,1,1,0
2020-10-13 15:19:20+02:00,1,1,0
2020-10-13 13:20:24+00:00,1,1,0
2020-10-13 16:38:06+02:00,1,1,0
2020-10-13 16:44:57+02:00,1,1,0
2020-10-13 20:02:47+02:00,47,14,33
2020-10-13 20:09:43+02:00,24,0,24
2020-10-13 20:10:50+02:00,5,6,-1
2020-10-13 20:30:35+02:00,15,8,7
2020-10-13 20:38:02+02:00,4,2,2
2020-10-14 20:28:04+02:00,88,23,65
2020-10-16 06:26:57+02:00,8,6,2
2020-10-16 08:13:31+02:00,1,1,0
2020-10-16 08:15:18+02:00,35,37,-2
2020-10-16 08:26:35+02:00,35,37,-2
2020-10-17 17:05:43+05:18,8,0,8
2020-10-17 15:17:29+02:00,8,0,8
2020-10-18 16:18:52+02:00,7,8,-1
2020-10-18 16:19:04+02:00,423,271,152
2020-10-18 16:35:23+02:00,5,3,2
2020-10-18 16:38:16+02:00,2,2,0
2020-10-18 17:16:57+02:00,52,43,9
2020-10-18 20:24:13+01:00,2,2,0
2020-10-19 05:37:36+00:00,1,1,0
2020-10-19 05:37:54+00:00,1,1,0
2020-10-19 05:37:57+00:00,1,1,0
2020-10-19 07:51:01+02:00,1,1,0
2020-10-19 07:52:33+02:00,139,128,11
2020-10-19 07:57:23+02:00,1,1,0
2020-10-19 08:23:08+02:00,1,1,0
2020-10-19 11:57:03+00:00,1,1,0
2020-10-19 15:16:42+02:00,1,1,0
2020-10-20 06:24:46+02:00,2,2,0
2020-10-20 19:21:13+02:00,2,1,1
2020-10-20 19:21:13+02:00,111,32,79
2020-10-20 19:21:13+02:00,60,12,48
2020-10-20 19:21:13+02:00,110,15,95
2020-10-20 19:21:13+02:00,49,4,45
2020-10-20 19:21:13+02:00,1,3,-2
2020-10-20 19:21:13+02:00,9,11,-2
2020-10-20 19:30:00+02:00,16,22,-6
2020-10-20 19:40:39+02:00,4,9,-5
2020-10-20 20:01:54+02:00,295,218,77
2020-10-20 20:11:38+02:00,3,4,-1
2020-10-21 06:21:13+02:00,0,1,-1
2020-10-21 17:06:26+03:00,1,2,-1
2020-10-21 19:27:01+02:00,1,2,-1
2020-10-21 19:35:57+02:00,4,0,4
2020-10-22 07:35:59+02:00,2,2,0
2020-10-22 07:42:47+02:00,7,64,-57
2020-10-22 07:50:09+02:00,20,19,1
2020-10-22 07:50:58+02:00,317,60,257
2020-10-22 07:55:48+02:00,4152,1652,2500
2020-10-22 08:04:48+02:00,1,1,0
2020-10-22 08:05:09+02:00,1,1,0
2020-10-22 15:18:37+02:00,2,2,0
2020-10-23 07:50:40+02:00,21,5,16
2020-10-23 14:27:31+02:00,21,5,16
2020-10-26 05:45:13+00:00,1,1,0
2020-10-26 05:45:32+00:00,1,1,0
2020-10-26 05:45:33+00:00,1,1,0
2020-10-26 05:45:34+00:00,1,1,0
2020-10-26 05:45:39+00:00,1,1,0
2020-10-26 07:28:16+01:00,1,1,0
2020-10-26 08:22:12+01:00,1,1,0
2020-10-26 08:22:38+01:00,1,1,0
2020-10-26 16:24:54+01:00,1,1,0
2020-10-26 16:28:08+01:00,0,1,-1
2020-10-26 19:37:05+01:00,2,3,-1
2020-10-27 07:04:04+01:00,4,1,3
2020-10-27 07:06:06+01:00,217,131,86
2020-10-27 07:06:07+01:00,5,4,1
2020-10-27 08:01:31+01:00,20,14,6
2020-10-27 08:11:57+01:00,6,7,-1
2020-10-27 10:08:24+01:00,1,4,-3
2020-10-27 19:44:13+01:00,240,148,92
2020-10-27 20:01:23+01:00,1,0,1
2020-10-28 07:58:55+01:00,11,5,6
2020-10-28 09:49:00+01:00,11,5,6
2020-10-28 14:49:25+01:00,219,203,16
2020-10-28 16:29:08+01:00,7,0,7
2020-10-28 16:58:39+01:00,21,1,20
2020-10-28 19:35:41+01:00,247,204,43
2020-10-29 07:43:40+01:00,3,0,3
2020-10-29 07:44:03+01:00,13,1,12
2020-10-29 07:54:42+01:00,11,0,11
2020-10-29 08:09:50+01:00,19,0,19
2020-10-29 09:15:46+01:00,46,1,45
2020-10-30 07:47:47+01:00,1,1,0
2020-10-30 07:48:05+01:00,1,1,0
2020-10-30 20:15:57+01:00,2550,1269,1281
2020-10-31 10:31:58+00:00,2,2,0
2020-10-31 10:53:51+00:00,2,1,1
2020-10-31 11:45:46+00:00,25,0,25
2020-10-31 15:47:40+01:00,29,3,26
2020-11-01 10:51:07+01:00,1,1,0
2020-11-01 12:48:34+01:00,1,1,0
2020-11-02 05:54:57+00:00,1,1,0
2020-11-02 05:55:07+00:00,1,1,0
2020-11-02 05:55:12+00:00,1,1,0
2020-11-02 07:29:31+01:00,1,1,0
2020-11-02 07:30:06+01:00,1,1,0
2020-11-02 07:30:43+01:00,1,1,0
2020-11-02 07:46:28+00:00,1,1,0
2020-11-02 09:43:29+01:00,1,1,0
2020-11-02 08:44:26+00:00,1,1,0
2020-11-02 14:49:25+01:00,1,1,0
2020-11-02 13:50:07+00:00,1,1,0
2020-11-02 15:39:03+01:00,1,1,0
2020-11-02 16:40:43+01:00,49,49,0
2020-11-03 08:58:57+01:00,36,9,27
2020-11-03 08:59:11+01:00,2,25,-23
2020-11-03 08:59:11+01:00,9,9,0
2020-11-03 09:23:07+01:00,2,1,1
2020-11-03 19:22:27+01:00,47,43,4
2020-11-06 13:56:46+01:00,18,7,11
2020-11-08 11:26:02+01:00,19,13,6
2020-11-09 05:44:29+00:00,1,1,0
2020-11-09 05:44:40+00:00,1,1,0
2020-11-09 05:44:49+00:00,1,1,0
2020-11-09 05:44:51+00:00,1,1,0
2020-11-09 07:02:22+01:00,1,1,0
2020-11-09 07:02:56+01:00,1,1,0
2020-11-09 07:03:35+01:00,1,1,0
2020-11-09 07:27:49+01:00,1,1,0
2020-11-09 07:48:14+00:00,1,1,0
2020-11-09 09:03:31+01:00,1,1,0
2020-11-09 08:34:40+00:00,61,1,60
2020-11-09 08:37:38+00:00,1,1,0
2020-11-12 11:27:30+00:00,1,61,-60
2020-11-12 11:29:46+00:00,6,1,5
2020-11-12 11:32:45+00:00,3,2,1
2020-11-13 06:51:45+01:00,0,9,-9
2020-11-13 10:43:48+01:00,1,1,0
2020-11-13 16:04:14+01:00,1,1,0
2020-11-14 08:25:57+01:00,2,2,0
2020-11-14 09:28:00+01:00,16,5,11
2020-11-14 19:28:38+01:00,18,7,11
2020-11-15 13:06:05+01:00,1,1,0
2020-11-15 15:13:44+03:00,5,1,4
2020-11-15 15:40:40+01:00,15,1,14
2020-11-15 15:52:50+01:00,19,1,18
2020-11-15 15:56:20+01:00,1,1,0
2020-11-15 19:55:09+01:00,1,1,0
2020-11-15 20:02:19+01:00,1,1,0
2020-11-16 05:40:25+00:00,1,1,0
2020-11-16 05:40:35+00:00,1,1,0
2020-11-16 05:40:50+00:00,1,1,0
2020-11-16 07:02:54+01:00,1,1,0
2020-11-16 07:10:17+01:00,1,1,0
2020-11-16 07:33:39+01:00,1,1,0
2020-11-16 07:51:10+00:00,1,1,0
2020-11-16 10:16:37+01:00,1,1,0
2020-11-16 09:17:22+00:00,1,1,0
2020-11-16 11:02:53+01:00,1,1,0
2020-11-17 06:53:38+01:00,0,2,-2
2020-11-17 14:07:24+01:00,1,1,0
2020-11-17 14:14:42+01:00,1,1,0
2020-11-17 14:49:04+01:00,2,2,0
2020-11-17 19:44:05+01:00,1,1,0
2020-11-17 19:44:39+01:00,3,3,0
2020-11-19 07:31:54+01:00,5,1,4
2020-11-19 11:22:25+01:00,5,1,4
2020-11-19 13:18:03+01:00,773,512,261
2020-11-19 19:14:43+01:00,4,0,4
2020-11-19 19:17:31+01:00,2,0,2
2020-11-19 19:46:08+01:00,14,2,12
2020-11-20 13:14:02+01:00,7,8,-1
2020-11-21 10:39:49+01:00,5,2,3
2020-11-21 10:52:15+01:00,40,13,27
2020-11-21 10:57:19+01:00,13,4,9
2020-11-21 11:13:44+01:00,5,8,-3
2020-11-21 11:14:30+01:00,52,16,36
2020-11-21 11:32:46+01:00,4,0,4
2020-11-21 11:40:28+01:00,9,14,-5
2020-11-21 15:28:50+01:00,14,1,13
2020-11-21 15:39:00+01:00,91,2,89
2020-11-21 15:39:04+01:00,9,0,9
2020-11-21 15:43:29+01:00,28,0,28
2020-11-21 15:51:39+01:00,30,7,23
2020-11-21 19:57:17+01:00,36,3,33
2020-11-22 10:56:19+01:00,51,0,51
2020-11-22 11:08:01+01:00,7,1,6
2020-11-22 15:50:44+01:00,1,1,0
2020-11-23 05:50:43+00:00,1,1,0
2020-11-23 05:50:51+00:00,1,1,0
2020-11-23 05:50:52+00:00,1,1,0
2020-11-23 05:50:54+00:00,1,1,0
2020-11-23 05:51:03+00:00,1,1,0
2020-11-23 07:36:32+01:00,1,1,0
2020-11-23 07:37:03+01:00,1,1,0
2020-11-23 07:37:36+01:00,1,1,0
2020-11-23 07:43:20+01:00,1,1,0
2020-11-23 07:44:12+01:00,1,1,0
2020-11-23 08:05:45+00:00,1,1,0
2020-11-23 10:30:51+01:00,1,1,0
2020-11-23 22:08:53-06:00,98,125,-27
2020-11-23 22:11:17-06:00,45621,20403,25218
2020-11-24 06:57:26+01:00,9,2,7
2020-11-24 07:47:35+01:00,19,0,19
2020-11-24 20:24:51+01:00,8,8,0
2020-11-25 07:57:27+01:00,6,11,-5
2020-11-25 14:30:58+01:00,3,0,3
2020-11-25 14:31:34+01:00,19,3,16
2020-11-25 14:58:09+01:00,25,1,24
2020-11-25 15:10:17+01:00,1,0,1
2020-11-25 15:14:29+01:00,41,41,0
2020-11-25 15:14:36+01:00,3,3,0
2020-11-25 15:14:36+01:00,1,1,0
2020-11-25 15:14:36+01:00,1,1,0
2020-11-25 15:22:37+01:00,48,4,44
2020-11-25 16:04:33+01:00,201,88,113
2020-11-25 16:27:27+01:00,36,21,15
2020-11-25 16:27:41+01:00,1,1,0
2020-11-25 16:58:34+01:00,37,22,15
2020-11-25 19:17:06+01:00,261,9,252
2020-11-25 21:40:39+01:00,2,2,0
2020-11-26 10:24:48+01:00,1,1,0
2020-11-26 11:21:48+01:00,1,1,0
2020-11-26 19:40:36+01:00,2,1,1
2020-11-26 18:46:36-06:00,1,1,0
2020-11-26 19:38:20-06:00,1,1,0
2020-11-27 07:00:30+01:00,1,1,0
2020-11-27 07:35:12+01:00,8,7,1
2020-11-27 08:06:47+01:00,8,7,1
2020-11-27 08:24:56+01:00,61,6,55
2020-11-27 08:30:17+01:00,1,0,1
2020-11-27 09:17:25+01:00,64,0,64
2020-11-27 09:24:53+01:00,26,33,-7
2020-11-27 09:26:58+01:00,8,3,5
2020-11-27 11:18:42+01:00,1,1,0
2020-11-27 11:24:14+01:00,1,1,0
2020-11-27 17:11:29+01:00,704,265,439
2020-11-27 12:51:44-06:00,1,1,0
2020-11-27 20:24:32+01:00,70,13,57
2020-11-27 20:28:17+01:00,5,6,-1
2020-11-27 20:37:52-06:00,1,1,0
2020-11-27 21:24:40-06:00,83,2,81
2020-11-27 21:26:42-06:00,5,0,5
2020-11-27 21:36:55-06:00,1,1,0
2020-11-27 22:00:36-06:00,1,1,0
2020-11-27 22:00:48-06:00,0,3,-3
2020-11-27 22:08:23-06:00,1,5,-4
2020-11-27 22:18:49-06:00,4,6,-2
2020-11-28 00:24:48-06:00,37,9,28
2020-11-28 00:38:06-06:00,30,30,0
2020-11-28 00:39:18-06:00,2,2,0
2020-11-28 01:15:36-06:00,46,27,19
2020-11-28 01:17:34-06:00,401,66,335
2020-11-28 01:22:03-06:00,6,1,5
2020-11-28 01:22:15-06:00,401,66,335
2020-11-28 01:34:18-06:00,30,27,3
2020-11-28 01:34:40-06:00,3,2,1
2020-11-28 01:43:19-06:00,4,4,0
2020-11-28 01:49:46-06:00,3,3,0
2020-11-28 01:59:30-06:00,1,1,0
2020-11-28 10:22:58+01:00,1,1,0
2020-11-28 10:24:44+01:00,3,2,1
2020-11-28 10:34:47+01:00,78,21,57
2020-11-28 11:35:29+01:00,11,8,3
2020-11-28 16:32:44+01:00,5,0,5
2020-11-28 16:42:08+01:00,5,5,0
2020-11-28 09:44:01-06:00,3,3,0
2020-11-28 09:45:17-06:00,12,5,7
2020-11-28 17:37:10+01:00,17,10,7
2020-11-28 17:45:56+01:00,17,6,11
2020-11-28 17:52:29+01:00,12,11,1
2020-11-28 11:33:25-06:00,2,2,0
2020-11-28 12:17:03-06:00,25,13,12
2020-11-28 12:18:23-06:00,1,1,0
2020-11-28 12:29:31-06:00,2,2,0
2020-11-28 12:47:36-06:00,0,4,-4
2020-11-28 16:50:44-06:00,1,1,0
2020-11-28 17:17:40-06:00,1,1,0
2020-11-29 10:54:09+01:00,29,10,19
2020-11-29 05:05:54-06:00,1,1,0
2020-11-29 10:30:02-06:00,1,1,0
2020-11-29 10:30:43-06:00,1,1,0
2020-11-30 05:42:00+00:00,1,1,0
2020-11-30 05:42:12+00:00,1,1,0
2020-11-30 07:29:01+01:00,1,1,0
2020-11-30 07:29:14+01:00,1,1,0
2020-11-30 07:48:15+01:00,156,7,149
2020-11-30 08:02:09+00:00,1,1,0
2020-11-30 17:37:19+01:00,6,1,5
2020-12-01 06:48:12+01:00,22,10,12
2020-12-01 06:48:16+01:00,13,3,10
2020-12-01 06:48:16+01:00,12,7,5
2020-12-01 07:03:26+01:00,42,10,32
2020-12-01 19:57:09+01:00,29,23,6
2020-12-01 19:57:43+01:00,2,3,-1
2020-12-01 19:58:06+01:00,13,13,0
2020-12-01 21:38:54+01:00,13,15,-2
2020-12-01 21:49:50+01:00,1,1,0
2020-12-01 21:50:51+01:00,1,1,0
2020-12-02 06:40:02+01:00,15,17,-2
2020-12-02 06:46:18+01:00,1,1,0
2020-12-02 07:51:59+01:00,6,0,6
2020-12-02 08:40:49+01:00,1,1,0
2020-12-02 09:05:59+01:00,1,1,0
2020-12-02 19:02:10+01:00,38,27,11
2020-12-03 19:40:46+01:00,153,24,129
2020-12-04 07:42:16+01:00,9,0,9
2020-12-04 16:53:41+01:00,10,10,0
2020-12-04 19:50:46+01:00,10,10,0
2020-12-04 19:59:26+01:00,32,0,32
2020-12-05 08:16:40+01:00,13,1,12
2020-12-05 14:06:23+01:00,1109,273,836
2020-12-05 14:06:46+01:00,15,10,5
2020-12-05 14:38:42+01:00,54,36,18
2020-12-05 14:39:50+01:00,45,45,0
2020-12-05 14:48:56+01:00,39,2,37
2020-12-06 19:57:48+01:00,4,3,1
2020-12-07 05:48:23+00:00,1,1,0
2020-12-07 05:48:43+00:00,1,1,0
2020-12-07 08:06:02+01:00,1,1,0
2020-12-07 08:12:30+01:00,1,1,0
2020-12-07 08:23:10+01:00,39,22,17
2020-12-07 08:23:10+01:00,122,0,122
2020-12-07 08:23:10+01:00,112,13,99
2020-12-07 08:23:10+01:00,0,0,0
2020-12-07 08:23:10+01:00,3,0,3
2020-12-07 08:23:10+01:00,23,9,14
2020-12-07 08:23:10+01:00,21,5,16
2020-12-07 08:23:10+01:00,79,0,79
2020-12-07 08:23:10+01:00,54,21,33
2020-12-07 08:23:10+01:00,1,1,0
2020-12-07 08:23:10+01:00,34,4,30
2020-12-07 08:23:10+01:00,101,2,99
2020-12-07 08:23:10+01:00,1,0,1
2020-12-07 08:23:10+01:00,46,5,41
2020-12-07 08:23:10+01:00,19,16,3
2020-12-07 08:23:10+01:00,97,1,96
2020-12-07 08:23:10+01:00,55,7,48
2020-12-07 08:23:10+01:00,21,12,9
2020-12-07 08:23:10+01:00,56,1,55
2020-12-07 08:23:10+01:00,6,5,1
2020-12-07 08:23:10+01:00,2,0,2
2020-12-07 08:23:10+01:00,27,8,19
2020-12-07 08:23:10+01:00,12,3,9
2020-12-07 08:23:10+01:00,2,1,1
2020-12-07 08:23:10+01:00,1,1,0
2020-12-07 08:23:10+01:00,34,36,-2
2020-12-07 08:23:10+01:00,5,1,4
2020-12-07 08:23:10+01:00,36,14,22
2020-12-07 08:23:10+01:00,1,1,0
2020-12-07 08:23:10+01:00,6,4,2
2020-12-07 08:23:10+01:00,35,35,0
2020-12-07 08:23:10+01:00,15,4,11
2020-12-07 08:23:10+01:00,14,1,13
2020-12-07 08:23:10+01:00,64,1,63
2020-12-07 08:23:10+01:00,62,9,53
2020-12-07 08:23:10+01:00,47,2,45
2020-12-07 08:23:10+01:00,5,4,1
2020-12-07 08:23:10+01:00,1,0,1
2020-12-07 08:23:10+01:00,3,7,-4
2020-12-07 08:23:10+01:00,3,0,3
2020-12-07 08:23:10+01:00,1,1,0
2020-12-07 08:23:10+01:00,14,2,12
2020-12-07 08:23:10+01:00,92,7,85
2020-12-07 08:23:10+01:00,76,8,68
2020-12-07 08:23:10+01:00,60,13,47
2020-12-07 08:23:10+01:00,10,4,6
2020-12-07 08:27:14+01:00,3,3,0
2020-12-07 10:47:13+01:00,56,11,45
2020-12-07 10:54:26+01:00,75,31,44
2020-12-07 10:57:01+01:00,14,5,9
2020-12-07 11:12:09+01:00,63,14,49
2020-12-07 11:17:11+01:00,4,5,-1
2020-12-07 11:37:57+01:00,2,1,1
2020-12-07 11:39:01+01:00,84,34,50
2020-12-07 11:39:01+01:00,18,2,16
2020-12-07 11:39:01+01:00,7,6,1
2020-12-07 11:39:01+01:00,3,0,3
2020-12-07 11:39:01+01:00,25,5,20
2020-12-07 11:39:01+01:00,33,13,20
2020-12-07 11:39:01+01:00,3,2,1
2020-12-07 11:39:01+01:00,64,4,60
2020-12-07 11:39:01+01:00,13,10,3
2020-12-07 11:39:01+01:00,7,1,6
2020-12-07 11:39:01+01:00,2,0,2
2020-12-07 11:39:01+01:00,37,31,6
2020-12-07 14:54:39+01:00,17,20,-3
2020-12-07 15:03:16+01:00,3,0,3
2020-12-07 15:07:08+01:00,54,0,54
2020-12-07 15:48:06+01:00,19,3,16
2020-12-07 16:01:29+01:00,2,0,2
2020-12-07 16:02:55+01:00,7,7,0
2020-12-07 16:12:03+01:00,2,5,-3
2020-12-07 16:16:33+01:00,2,1,1
2020-12-07 19:22:14+01:00,4,0,4
2020-12-08 08:43:22+01:00,1,1,0
2020-12-08 18:04:26+01:00,1,1,0
2020-12-08 19:14:17+01:00,1,1,0
2020-12-08 19:46:54+01:00,1,1,0
2020-12-09 03:27:59+01:00,24,8,16
2020-12-09 07:55:08+01:00,21,12,9
2020-12-09 10:27:29+01:00,21,12,9
2020-12-09 10:34:38+01:00,3,2,1
2020-12-09 11:28:45+01:00,1,1,0
2020-12-09 15:53:38+01:00,1,1,0
2020-12-09 15:57:15+01:00,1,1,0
2020-12-09 20:36:30+01:00,12,6,6
2020-12-10 07:39:50+01:00,4,4,0
2020-12-10 15:41:09+01:00,180,2,178
2020-12-10 19:21:20+01:00,30,30,0
2020-12-10 19:36:52+01:00,16,16,0
2020-12-11 06:31:02+01:00,38,38,0
2020-12-11 09:10:36+01:00,25,8,17
2020-12-12 07:08:29+01:00,1,1,0
2020-12-12 10:27:17+01:00,1,1,0
2020-12-12 10:48:23+01:00,1,1,0
2020-12-12 10:52:27+01:00,10,7,3
2020-12-12 11:25:56+01:00,2,20,-18
2020-12-12 11:49:52+01:00,51,1,50
2020-12-12 20:04:06+01:00,63,28,35
2020-12-13 10:16:09+01:00,6,8,-2
2020-12-13 10:31:33+01:00,332,93,239
2020-12-13 10:33:45+01:00,1,1,0
2020-12-13 10:59:29+01:00,2,1,1
2020-12-13 11:08:24+01:00,1685,105,1580
2020-12-13 11:24:23+01:00,3132,471,2661
2020-12-13 11:25:42+01:00,94,8,86
2020-12-13 13:11:04+01:00,2,2,0
2020-12-14 05:43:33+00:00,1,1,0
2020-12-14 05:43:33+00:00,1,1,0
2020-12-14 05:43:34+00:00,1,1,0
2020-12-14 05:43:42+00:00,1,1,0
2020-12-14 05:43:46+00:00,1,1,0
2020-12-14 05:44:16+00:00,1,1,0
2020-12-14 07:37:00+01:00,1,1,0
2020-12-14 07:38:45+01:00,1,1,0
2020-12-14 07:39:30+01:00,1,1,0
2020-12-14 07:40:03+01:00,1,1,0
2020-12-14 07:40:49+01:00,1,1,0
2020-12-14 07:42:24+01:00,1,1,0
2020-12-14 08:27:36+00:00,1,1,0
2020-12-14 19:05:41+01:00,1,1,0
2020-12-14 19:10:24+01:00,4,3,1
2020-12-14 19:18:54+01:00,26,27,-1
2020-12-14 19:46:13+01:00,29,29,0
2020-12-14 20:18:34+01:00,35,35,0
2020-12-14 20:44:29+01:00,96,10,86
2020-12-15 06:44:08+01:00,23,8,15
2020-12-15 09:23:27+01:00,24,12,12
2020-12-15 09:23:40+01:00,25,20,5
2020-12-15 09:23:40+01:00,2,1,1
2020-12-15 09:28:56+01:00,5,2,3
2020-12-15 19:10:10+01:00,27,9,18
2020-12-15 20:38:26+01:00,56,41,15
2020-12-15 20:49:46+01:00,51,26,25
2020-12-15 20:59:58+01:00,7,5,2
2020-12-16 19:11:49+01:00,156,96,60
2020-12-16 19:24:47+01:00,13,0,13
2020-12-17 13:34:53+01:00,38,17,21
2020-12-17 21:40:54+01:00,1,1,0
2020-12-18 06:16:13+01:00,1,1,0
2020-12-18 06:56:56+01:00,23,0,23
2020-12-18 06:56:56+01:00,8,6,2
2020-12-18 06:56:56+01:00,18,4,14
2020-12-19 11:37:20+01:00,44,4,40
2020-12-19 11:39:21+01:00,7,7,0
2020-12-19 11:46:49+01:00,28,5,23
2020-12-19 12:03:18+01:00,37,5,32
2020-12-19 13:18:06+01:00,3,1,2
2020-12-19 17:44:39+01:00,10,9,1
2020-12-19 17:59:49+01:00,20,5,15
2020-12-19 18:00:44+01:00,0,0,0
2020-12-19 20:08:03+01:00,57,0,57
2020-12-19 20:36:19+01:00,30,14,16
2020-12-20 10:49:22+01:00,53,26,27
2020-12-20 11:12:22+01:00,11,11,0
2020-12-20 11:17:50+01:00,23,22,1
2020-12-20 11:22:15+01:00,3,0,3
2020-12-20 19:14:18+01:00,22,6,16
2020-12-20 19:33:04+01:00,4,1,3
2020-12-20 19:38:12+01:00,1,1,0
2020-12-20 19:59:46+01:00,25,0,25
2020-12-20 20:08:54+01:00,1,1,0
2020-12-20 21:06:45+01:00,28,0,28
2020-12-20 21:06:45+01:00,29,0,29
2020-12-20 21:06:45+01:00,8,8,0
2020-12-20 21:06:45+01:00,47,1,46
2020-12-20 21:06:45+01:00,14,14,0
2020-12-20 21:06:45+01:00,3,3,0
2020-12-20 21:06:45+01:00,2,2,0
2020-12-20 21:28:57+01:00,37,3,34
2020-12-20 21:28:57+01:00,10,3,7
2020-12-20 21:28:57+01:00,6,2,4
2020-12-20 21:28:57+01:00,14,15,-1
2020-12-20 21:28:57+01:00,0,1,-1
2020-12-20 21:28:57+01:00,11,10,1
2020-12-20 21:28:57+01:00,7,18,-11
2020-12-20 21:28:57+01:00,59,54,5
2020-12-20 21:28:57+01:00,1,1,0
2020-12-20 21:28:57+01:00,26,20,6
2020-12-20 21:28:57+01:00,5,5,0
2020-12-20 21:28:57+01:00,16,13,3
2020-12-20 21:28:57+01:00,55,6,49
2020-12-20 21:31:01+01:00,0,1,-1
2020-12-20 21:31:01+01:00,2,1,1
2020-12-20 21:31:01+01:00,2,3,-1
2020-12-20 21:31:01+01:00,14,19,-5
2020-12-20 21:31:01+01:00,20,0,20
2020-12-20 21:31:01+01:00,1,1,0
2020-12-20 22:36:56+01:00,52,41,11
2020-12-20 22:51:40+01:00,3,3,0
2020-12-21 05:36:08+00:00,1,1,0
2020-12-21 05:36:09+00:00,1,1,0
2020-12-21 05:36:12+00:00,1,1,0
2020-12-21 05:36:24+00:00,1,1,0
2020-12-21 05:36:24+00:00,1,1,0
2020-12-21 05:36:27+00:00,1,1,0
2020-12-21 07:34:30+01:00,1,1,0
2020-12-21 07:35:09+01:00,1,1,0
2020-12-21 07:39:34+01:00,1,1,0
2020-12-21 07:40:20+01:00,1,1,0
2020-12-21 07:40:46+01:00,1,1,0
2020-12-21 07:41:05+01:00,1,1,0
2020-12-21 08:18:53+00:00,1,1,0
2020-12-21 08:19:10+00:00,1,1,0
2020-12-21 09:31:35+01:00,1,1,0
2020-12-21 09:31:44+01:00,1,1,0
2020-12-21 09:52:10+01:00,10,12,-2
2020-12-21 10:03:27+01:00,1,0,1
2020-12-21 10:22:24+01:00,2,2,0
2020-12-21 10:22:54+01:00,1,0,1
2020-12-21 19:30:07+01:00,151,41,110
2020-12-21 19:34:50+01:00,31,3,28
2020-12-22 07:36:53+01:00,15,9,6
2020-12-22 12:34:21+01:00,8,7,1
2020-12-22 12:39:27+01:00,2,2,0
2020-12-22 13:01:01+01:00,6,8,-2
2020-12-23 15:41:59+01:00,43,0,43
2020-12-23 15:41:59+01:00,85,24,61
2020-12-23 15:41:59+01:00,9,0,9
2020-12-23 15:41:59+01:00,4,0,4
2020-12-23 15:41:59+01:00,15,7,8
2020-12-23 15:41:59+01:00,5,4,1
2020-12-23 15:41:59+01:00,10,6,4
2020-12-23 15:41:59+01:00,6,3,3
2020-12-23 15:46:08+01:00,20,0,20
2020-12-23 15:50:24+01:00,2,1,1
2020-12-23 15:53:41+01:00,2,0,2
2020-12-23 16:00:01+01:00,6,4,2
2020-12-23 16:00:26+01:00,5,2,3
2020-12-23 16:20:25+01:00,2,1,1
2020-12-23 16:25:37+01:00,129,10,119
2020-12-23 16:54:35+01:00,26,26,0
2020-12-23 17:00:02+01:00,3,3,0
2020-12-23 19:10:08+01:00,26,26,0
2020-12-23 20:50:32+01:00,1,3,-2
2020-12-24 07:10:01+01:00,65,104,-39
2020-12-24 07:29:26+01:00,69,304,-235
2020-12-24 07:39:46+01:00,19,33,-14
2020-12-24 08:24:11+01:00,102,390,-288
2020-12-24 08:39:00+01:00,4,9,-5
2020-12-24 09:09:23+01:00,160,128,32
2020-12-25 10:10:50+01:00,161,134,27
2020-12-26 15:30:55+01:00,6,6,0
2020-12-26 16:32:25+01:00,160,0,160
2020-12-28 05:37:11+00:00,1,1,0
2020-12-28 05:37:13+00:00,1,1,0
2020-12-28 05:37:13+00:00,1,1,0
2020-12-28 05:37:16+00:00,1,1,0
2020-12-28 05:37:17+00:00,1,1,0
2020-12-28 09:16:46+01:00,1,1,0
2020-12-28 09:17:09+01:00,1,1,0
2020-12-28 09:18:14+01:00,1,1,0
2020-12-28 09:19:15+01:00,1,1,0
2020-12-28 08:21:17+00:00,1,1,0
2020-12-28 09:50:48+01:00,2,2,0
2020-12-28 09:54:29+01:00,1,1,0
2020-12-28 09:54:46+01:00,1,1,0
2020-12-28 09:54:58+01:00,1,1,0
2020-12-28 10:09:05+01:00,3,3,0
2020-12-28 10:19:24+01:00,0,54,-54
2020-12-28 10:19:50+01:00,0,54,-54
2020-12-28 13:49:08+01:00,9,1,8
2020-12-28 14:02:30+01:00,3,2,1
2020-12-28 14:08:57+01:00,52,9,43
2020-12-28 14:12:15+01:00,0,0,0
2020-12-28 14:12:39+01:00,9,1,8
2020-12-28 14:12:39+01:00,3,2,1
2020-12-28 14:12:39+01:00,52,9,43
2020-12-29 07:07:54+01:00,3761,1133,2628
2020-12-29 20:05:07+01:00,13,7,6
2020-12-29 20:06:37+01:00,1,1,0
2020-12-30 06:23:25+01:00,14,8,6
2020-12-30 06:29:59+01:00,1,0,1
2020-12-30 08:30:41+01:00,6,0,6
2020-12-30 09:55:44+01:00,60,2,58
2020-12-30 09:57:31+01:00,39,17,22
2020-12-30 10:14:22+01:00,29,2,27
2020-12-30 12:30:50+01:00,10,2,8
2020-12-31 09:43:24+01:00,7,17,-10
2020-12-31 09:48:49+01:00,3,3,0
2020-12-31 10:02:30+01:00,137,32,105
2020-12-31 10:33:33+01:00,293,21,272
2020-12-31 10:39:20+01:00,0,0,0
2020-12-31 21:05:47+01:00,4,0,4
2021-01-01 20:49:04+01:00,1,1,0
2021-01-02 09:14:31+01:00,26,1,25
2021-01-02 09:23:43+01:00,30,1,29
2021-01-03 06:46:25+01:00,108,1,107
2021-01-03 06:46:25+01:00,59,6,53
2021-01-03 06:46:25+01:00,15,9,6
2021-01-03 06:46:25+01:00,105,11,94
2021-01-03 06:46:25+01:00,5,3,2
2021-01-03 06:46:25+01:00,25,9,16
2021-01-03 06:48:53+01:00,65,43,22
2021-01-03 06:48:56+01:00,32,5,27
2021-01-03 06:49:04+01:00,39,37,2
2021-01-03 06:49:04+01:00,106,42,64
2021-01-03 06:49:04+01:00,53,4,49
2021-01-03 06:49:04+01:00,295,175,120
2021-01-03 06:49:04+01:00,15,17,-2
2021-01-03 06:49:04+01:00,162,61,101
2021-01-03 06:49:04+01:00,36,12,24
2021-01-03 06:49:04+01:00,50,32,18
2021-01-03 06:49:04+01:00,3,669,-666
2021-01-03 06:49:04+01:00,1,1,0
2021-01-03 06:49:04+01:00,54,10,44
2021-01-03 06:49:04+01:00,42,28,14
2021-01-03 06:49:04+01:00,15,2,13
2021-01-03 06:49:04+01:00,2,7,-5
2021-01-03 06:49:04+01:00,6,8,-2
2021-01-03 06:49:04+01:00,25,27,-2
2021-01-03 06:49:07+01:00,12,12,0
2021-01-03 06:49:07+01:00,64,9,55
2021-01-03 06:49:07+01:00,32,12,20
2021-01-03 06:49:07+01:00,9,9,0
2021-01-03 06:49:07+01:00,7,3,4
2021-01-03 06:49:07+01:00,21,7,14
2021-01-03 06:49:07+01:00,19,12,7
2021-01-03 06:49:10+01:00,26,4,22
2021-01-03 06:49:10+01:00,1,1,0
2021-01-03 07:15:45+01:00,5,0,5
2021-01-03 07:18:41+01:00,13,13,0
2021-01-04 05:38:57+00:00,1,1,0
2021-01-04 05:38:57+00:00,1,1,0
2021-01-04 05:39:14+00:00,1,1,0
2021-01-04 08:30:42+01:00,1,1,0
2021-01-04 09:27:04+01:00,1,1,0
2021-01-04 09:30:57+01:00,1,1,0
2021-01-04 09:40:17+01:00,2,1,1
2021-01-04 13:49:38+01:00,23,5,18
2021-01-04 14:14:52+01:00,35,0,35
2021-01-04 14:37:22+01:00,3,9,-6
2021-01-04 19:19:53+01:00,29,0,29
2021-01-04 20:49:24+01:00,54,1,53
2021-01-05 07:06:53+01:00,8,4,4
2021-01-05 07:32:07+01:00,1,1,0
2021-01-05 07:33:34+01:00,2,2,0
2021-01-05 09:07:46+01:00,3,8,-5
2021-01-05 10:07:19+01:00,1252,1026,226
2021-01-05 11:10:00+01:00,1,1,0
2021-01-05 14:49:35+01:00,10,11,-1
2021-01-05 14:49:46+01:00,1,1,0
2021-01-05 15:30:29+01:00,6,3,3
2021-01-05 15:36:34+01:00,1,0,1
2021-01-05 20:59:31+01:00,12,8,4
2021-01-05 21:00:08+01:00,1252,1026,226
2021-01-05 21:03:23+01:00,2,2,0
2021-01-06 09:26:03+01:00,2,2,0
2021-01-06 09:45:21+01:00,4,4,0
2021-01-06 09:55:43+01:00,6,6,0
2021-01-06 09:57:36+01:00,10,0,10
2021-01-06 10:52:39+01:00,10,0,10
2021-01-06 11:04:14+01:00,5,5,0
2021-01-06 15:38:46+01:00,10,0,10
2021-01-06 16:03:03+01:00,10,0,10
2021-01-06 16:37:09+01:00,52,2,50
2021-01-07 06:39:34+01:00,52,2,50
2021-01-07 07:51:49+01:00,16,9,7
2021-01-07 19:21:42+01:00,2,2,0
2021-01-07 19:27:35+01:00,1,0,1
2021-01-07 19:36:50+01:00,1,1,0
2021-01-07 20:03:34+01:00,19,18,1
2021-01-07 20:06:26+01:00,14,13,1
2021-01-08 06:22:13+01:00,33,31,2
2021-01-08 06:51:37+01:00,13,0,13
2021-01-08 07:16:36+00:00,1,1,0
2021-01-08 07:16:48+00:00,1,1,0
2021-01-08 07:16:49+00:00,1,1,0
2021-01-08 07:16:49+00:00,1,1,0
2021-01-08 08:46:42+01:00,1,1,0
2021-01-08 08:47:12+01:00,1,1,0
2021-01-08 08:47:32+01:00,1,1,0
2021-01-08 07:47:47+00:00,1,1,0
2021-01-08 08:48:14+01:00,1,1,0
2021-01-08 07:48:31+00:00,1,1,0
2021-01-08 13:44:09+01:00,1,1,0
2021-01-08 13:46:43+01:00,3,3,0
2021-01-08 19:22:15+01:00,16,2,14
2021-01-08 19:22:48+01:00,3,3,0
2021-01-08 19:34:01+01:00,2,2,0
2021-01-08 19:48:04+01:00,3,3,0
2021-01-09 10:15:59+01:00,23,5,18
2021-01-11 05:38:34+00:00,1,1,0
2021-01-11 05:38:45+00:00,1,1,0
2021-01-11 05:38:47+00:00,1,1,0
2021-01-11 05:38:47+00:00,1,1,0
2021-01-11 07:33:55+01:00,1,1,0
2021-01-11 07:34:48+01:00,1,1,0
2021-01-11 07:36:29+01:00,1,1,0
2021-01-11 07:55:01+01:00,4,3,1
2021-01-11 07:57:19+01:00,1,1,0
2021-01-11 08:14:59+01:00,4,3,1
2021-01-11 19:12:03+01:00,15,10,5
2021-01-11 19:30:25+01:00,11,5,6
2021-01-11 19:42:44+01:00,5,0,5
2021-01-12 01:13:58+01:00,93,51,42
2021-01-12 07:30:39+01:00,6,11,-5
2021-01-12 07:35:30+01:00,0,1,-1
2021-01-12 07:58:07+01:00,16,5,11
2021-01-12 08:24:11+01:00,1,2,-1
2021-01-12 19:04:16+01:00,61,2,59
2021-01-12 19:05:25+01:00,1,1,0
2021-01-12 19:24:37+01:00,10,4,6
2021-01-12 19:28:22+01:00,2,3,-1
2021-01-12 19:35:02+01:00,0,1,-1
2021-01-13 16:38:38+05:18,3,3,0
2021-01-13 16:43:43+01:00,3,3,0
2021-01-14 06:53:40+01:00,1,0,1
2021-01-14 19:04:42+01:00,0,8,-8
2021-01-14 19:04:42+01:00,48,45,3
2021-01-14 19:09:21+01:00,5,1,4
2021-01-14 19:09:25+01:00,8,2,6
2021-01-14 19:09:25+01:00,15,2,13
2021-01-15 00:14:11+00:00,227,12,215
2021-01-15 06:37:57+01:00,128,57,71
2021-01-15 07:10:17+01:00,33,13,20
2021-01-15 07:34:49+01:00,167,34,133
2021-01-15 20:47:12+01:00,2,1,1
2021-01-16 09:32:19+01:00,76,58,18
2021-01-16 10:01:31+01:00,10,6,4
2021-01-16 10:05:47+01:00,2,2,0
2021-01-16 16:19:49+01:00,10,0,10
2021-01-16 22:24:22+00:00,29,56,-27
2021-01-16 22:27:25+00:00,1,1,0
2021-01-16 22:28:23+00:00,1,1,0
2021-01-16 22:35:42+00:00,3,4,-1
2021-01-16 22:39:11+00:00,4,2,2
2021-01-16 22:41:37+00:00,4,4,0
2021-01-17 15:23:41+01:00,10,0,10
2021-01-17 19:11:00+01:00,8,9,-1
2021-01-17 20:31:27+01:00,17,0,17
2021-01-17 20:39:35+01:00,14,4,10
2021-01-17 21:15:17+01:00,5,2,3
2021-01-17 21:21:31+01:00,1,1,0
2021-01-17 21:26:55+01:00,2,1,1
2021-01-18 05:37:29+00:00,1,1,0
2021-01-18 05:37:37+00:00,1,1,0
2021-01-18 05:37:45+00:00,1,1,0
2021-01-18 05:37:48+00:00,1,1,0
2021-01-18 05:38:06+00:00,1,1,0
2021-01-18 07:29:41+01:00,1,1,0
2021-01-18 07:31:34+01:00,1,1,0
2021-01-18 07:46:19+00:00,3,1,2
2021-01-18 08:48:44+01:00,1,1,0
2021-01-18 08:59:05+01:00,1,1,0
2021-01-18 09:20:16+01:00,1,1,0
2021-01-18 15:26:53+01:00,3,3,0
2021-01-19 19:45:13+01:00,19,3,16
2021-01-19 20:08:49+01:00,39,9,30
2021-01-19 20:49:28+01:00,2,4,-2
2021-01-19 22:07:10+01:00,42,42,0
2021-01-19 22:51:12+01:00,1,0,1
2021-01-20 09:24:30+01:00,1,2,-1
2021-01-20 13:57:53+01:00,1,1,0
2021-01-20 14:16:08+01:00,1,2,-1
2021-01-20 19:31:17+01:00,1,0,1
2021-01-21 12:27:22+01:00,1,1,0
2021-01-21 19:12:47+01:00,1,1,0
2021-01-21 19:20:38+01:00,1,1,0
2021-01-22 17:32:57+01:00,10,207,-197
2021-01-22 17:38:55+01:00,2,2,0
2021-01-22 19:12:34+01:00,0,46,-46
2021-01-22 19:18:34+01:00,50,51,-1
2021-01-23 09:20:42+01:00,50,97,-47
2021-01-23 20:40:27+01:00,10,3,7
2021-01-24 08:53:05+01:00,5,5,0
2021-01-24 08:58:41+01:00,7,0,7
2021-01-24 08:58:41+01:00,25,42,-17
2021-01-24 08:58:41+01:00,78,101,-23
2021-01-24 08:58:41+01:00,43,46,-3
2021-01-24 17:03:56+00:00,43,84,-41
2021-01-24 17:06:40+00:00,62,51,11
2021-01-24 19:42:32+01:00,23,14,9
2021-01-24 19:59:54+01:00,6,5,1
2021-01-24 21:31:36+00:00,12,5,7
2021-01-25 12:24:47+07:00,1,1,0
2021-01-25 05:37:16+00:00,1,1,0
2021-01-25 05:37:25+00:00,1,1,0
2021-01-25 05:37:42+00:00,1,1,0
2021-01-25 05:37:49+00:00,1,1,0
2021-01-25 05:37:50+00:00,1,1,0
2021-01-25 05:37:51+00:00,1,1,0
2021-01-25 08:03:24+01:00,1,1,0
2021-01-25 08:04:27+01:00,1,1,0
2021-01-25 08:22:12+01:00,1,1,0
2021-01-25 08:22:46+01:00,1,1,0
2021-01-25 08:23:30+01:00,1,1,0
2021-01-25 08:23:57+01:00,1,1,0
2021-01-25 08:24:17+00:00,1,1,0
2021-01-25 10:11:56+01:00,1,1,0
2021-01-25 19:42:34+01:00,10,4,6
2021-01-25 19:56:40+01:00,8,9,-1
2021-01-25 19:51:01+00:00,44,48,-4
2021-01-25 20:57:05+01:00,4,1,3
2021-01-25 20:41:55+00:00,94,54,40
2021-01-25 20:45:35+00:00,2,2,0
2021-01-25 21:12:48+00:00,41,35,6
2021-01-25 21:18:38+00:00,21,20,1
2021-01-25 21:22:43+00:00,1,1,0
2021-01-26 07:38:25+07:00,1,1,0
2021-01-26 07:21:39+01:00,1,1,0
2021-01-26 08:13:43+01:00,2,2,0
2021-01-26 17:18:51+01:00,26,0,26
2021-01-26 17:18:55+01:00,3,1,2
2021-01-27 07:29:40+01:00,1,1,0
2021-01-27 13:04:04+00:00,92,94,-2
2021-01-27 13:23:53+00:00,6,7,-1
2021-01-27 13:25:16+00:00,2,1,1
2021-01-27 13:38:59+00:00,0,1,-1
2021-01-27 19:02:52+01:00,2494,1627,867
2021-01-27 19:10:21+01:00,181,202,-21
2021-01-27 18:12:56+00:00,2,2,0
2021-01-28 19:47:32+01:00,24,22,2
2021-01-28 23:09:39+00:00,167,134,33
2021-01-29 16:57:57+01:00,24,22,2
2021-01-29 19:06:57+01:00,9,9,0
2021-01-29 19:11:19+01:00,705,718,-13
2021-01-29 19:46:45+01:00,80,149,-69
2021-01-29 20:01:07+01:00,338,169,169
2021-01-30 07:17:25+01:00,1,1,0
2021-01-30 10:13:32+01:00,2,2,0
2021-01-30 10:20:40+01:00,1,1,0
2021-01-30 15:36:59+00:00,1,1,0
2021-01-30 19:20:13+01:00,1,1,0
2021-01-30 19:59:14+01:00,10,10,0
2021-01-30 20:11:18+01:00,109,1,108
2021-01-31 12:14:09+08:00,2,2,0
2021-01-31 10:29:43+01:00,1,1,0
2021-01-31 10:51:21+01:00,2,2,0
2021-01-31 11:21:23+01:00,6,39,-33
2021-01-31 13:59:36+01:00,8,41,-33
2021-01-31 14:50:39+01:00,13,0,13
2021-01-31 14:50:54+01:00,35,1,34
2021-01-31 14:50:54+01:00,66,4,62
2021-01-31 14:50:54+01:00,77,24,53
2021-01-31 14:50:54+01:00,18,9,9
2021-01-31 14:50:54+01:00,14,2,12
2021-01-31 14:50:54+01:00,29,6,23
2021-01-31 14:50:54+01:00,36,2,34
2021-01-31 14:50:54+01:00,44,29,15
2021-01-31 14:50:54+01:00,8,4,4
2021-01-31 14:50:54+01:00,37,12,25
2021-01-31 14:50:54+01:00,27,8,19
2021-01-31 14:50:54+01:00,5,5,0
2021-01-31 14:54:58+01:00,3,3,0
2021-01-31 15:13:51+01:00,2,0,2
2021-01-31 15:27:00+01:00,16,1,15
2021-01-31 16:01:00+01:00,8,4,4
2021-02-01 06:28:49+01:00,22,5,17
2021-02-01 05:41:53+00:00,1,1,0
2021-02-01 05:42:05+00:00,1,1,0
2021-02-01 05:42:06+00:00,1,1,0
2021-02-01 05:42:08+00:00,1,1,0
2021-02-01 07:47:06+01:00,1,1,0
2021-02-01 07:47:23+01:00,1,1,0
2021-02-01 07:47:40+01:00,1,1,0
2021-02-01 07:48:22+01:00,1,1,0
2021-02-01 07:52:05+01:00,22,5,17
2021-02-01 08:45:31+00:00,1,1,0
2021-02-01 08:50:24+00:00,1,1,0
2021-02-01 10:52:47+01:00,1,1,0
2021-02-01 11:00:55+01:00,2,2,0
2021-02-01 11:01:45+01:00,1,1,0
2021-02-01 12:58:18+01:00,2,1,1
2021-02-01 15:11:04+01:00,1,1,0
2021-02-01 19:39:55+01:00,14,0,14
2021-02-01 19:40:31+01:00,3,16,-13
2021-02-01 19:48:29+01:00,11,0,11
2021-02-01 20:02:50+01:00,17,16,1
2021-02-02 08:06:19+01:00,4,4,0
2021-02-02 08:22:38+01:00,5,5,0
2021-02-02 19:47:21+01:00,170,171,-1
2021-02-02 20:03:01+01:00,11,9,2
2021-02-02 20:03:28+01:00,239,252,-13
2021-02-02 20:20:34+01:00,9,30,-21
2021-02-02 20:23:30+01:00,6,8,-2
2021-02-02 20:26:01+01:00,128,127,1
2021-02-02 20:28:35+01:00,170,171,-1
2021-02-02 15:40:33-05:00,12,2,10
2021-02-02 15:59:48-05:00,1,0,1
2021-02-03 03:27:54-05:00,1,12,-11
2021-02-03 10:13:44+01:00,1,1,0
2021-02-03 12:02:05+01:00,393,426,-33
2021-02-03 18:12:48+01:00,2,2,0
2021-02-04 01:06:52+07:00,84,15,69
2021-02-04 01:16:27+07:00,3,3,0
2021-02-04 01:19:23+07:00,1,1,0
2021-02-03 19:30:20+01:00,2,2,0
2021-02-03 20:00:33+01:00,104,93,11
2021-02-03 20:09:31+01:00,354,43,311
2021-02-03 20:15:08+01:00,1,1,0
2021-02-04 15:27:18+01:00,1,1,0
2021-02-04 16:26:03+01:00,1,1,0
2021-02-04 17:34:23+01:00,1,1,0
2021-02-04 19:36:04+01:00,13,1,12
2021-02-04 19:39:25+01:00,1,1,0
2021-02-04 19:42:45+01:00,1,1,0
2021-02-04 19:58:44+01:00,1,1,0
2021-02-05 12:43:19+01:00,2,2,0
2021-02-05 14:58:24+01:00,2,2,0
2021-02-05 19:47:30+01:00,104,93,11
2021-02-05 20:02:55+01:00,5,3,2
2021-02-05 20:09:13+01:00,2,2,0
2021-02-05 20:17:53+01:00,2,1,1
2021-02-06 03:02:37+00:00,1,1,0
2021-02-06 03:13:53+00:00,2,1,1
2021-02-06 09:11:49+01:00,13,1,12
2021-02-06 09:23:10+01:00,5,2,3
2021-02-06 14:43:50+00:00,1,2,-1
2021-02-06 20:17:20+01:00,1,1,0
2021-02-07 08:23:22+01:00,7,3,4
2021-02-08 05:27:42+00:00,1,1,0
2021-02-08 05:27:44+00:00,1,1,0
2021-02-08 05:27:45+00:00,1,1,0
2021-02-08 05:27:46+00:00,1,1,0
2021-02-08 08:21:22+01:00,1,1,0
2021-02-08 08:21:46+01:00,1,1,0
2021-02-08 08:22:30+01:00,1,1,0
2021-02-08 08:26:18+00:00,1,1,0
2021-02-08 08:28:11+00:00,1,1,0
2021-02-08 09:45:20+01:00,1,1,0
2021-02-08 09:45:49+01:00,1,1,0
2021-02-08 09:46:10+01:00,1,1,0
2021-02-08 19:21:33+01:00,5,5,0
2021-02-08 19:35:22+01:00,13,1,12
2021-02-08 19:37:24+01:00,4,4,0
2021-02-08 20:08:32+01:00,11,9,2
2021-02-09 06:55:36+01:00,2,0,2
2021-02-09 20:09:10+01:00,7,1,6
2021-02-11 17:09:31+01:00,30,16,14
2021-02-11 20:21:31+01:00,3,2,1
2021-02-11 20:29:31+01:00,2,1,1
2021-02-13 16:05:35+01:00,66,8,58
2021-02-13 16:05:56+01:00,32,26,6
2021-02-13 16:11:49+01:00,1,1,0
2021-02-13 19:23:23+01:00,97,33,64
2021-02-14 01:40:04+07:00,6,5,1
2021-02-14 02:12:38+07:00,671,228,443
2021-02-14 07:11:07+01:00,1,0,1
2021-02-14 07:22:08+01:00,7,0,7
2021-02-14 09:42:25+01:00,27,2,25
2021-02-14 10:08:05+01:00,6,6,0
2021-02-14 10:29:45+01:00,35,22,13
2021-02-14 10:32:55+01:00,6,0,6
2021-02-14 10:38:49+01:00,13,0,13
2021-02-14 11:01:12+01:00,2,3,-1
2021-02-14 19:32:05+01:00,53,22,31
2021-02-14 19:41:12+01:00,35,1,34
2021-02-14 19:44:13+01:00,20,5,15
2021-02-15 05:27:01+00:00,1,1,0
2021-02-15 05:27:05+00:00,1,1,0
2021-02-15 05:27:12+00:00,1,1,0
2021-02-15 06:45:29+01:00,1,1,0
2021-02-15 06:46:49+01:00,1,1,0
2021-02-15 06:59:37+01:00,1,1,0
2021-02-15 07:15:11+01:00,55,6,49
2021-02-15 08:18:04+00:00,1,1,0
2021-02-15 09:45:44+01:00,1,1,0
2021-02-15 08:46:46+00:00,1,1,0
2021-02-15 14:24:37+01:00,1,1,0
2021-02-16 10:11:33+01:00,5,3,2
2021-02-16 19:51:09+01:00,10,1,9
2021-02-16 20:06:50+01:00,14,3,11
2021-02-17 07:04:29+01:00,7,3,4
2021-02-17 20:47:11+01:00,2,2,0
2021-02-17 20:52:25+01:00,2,0,2
2021-02-18 09:26:35+01:00,1,0,1
2021-02-18 09:30:35+01:00,9,4,5
2021-02-18 12:49:14+01:00,1,0,1
2021-02-18 17:30:29+01:00,1,1,0
2021-02-18 17:43:53+01:00,1,1,0
2021-02-20 19:17:26+01:00,1,1,0
2021-02-20 19:38:44+01:00,11,9,2
2021-02-21 18:50:11+01:00,3,3,0
2021-02-21 19:34:11+01:00,3,3,0
2021-02-22 05:27:41+00:00,1,1,0
2021-02-22 05:27:42+00:00,1,1,0
2021-02-22 05:27:51+00:00,1,1,0
2021-02-22 05:27:54+00:00,1,1,0
2021-02-22 05:27:57+00:00,1,1,0
2021-02-22 06:47:57+01:00,1,1,0
2021-02-22 06:48:25+01:00,1,1,0
2021-02-22 05:56:25+00:00,2,2,0
2021-02-22 08:02:16+01:00,1,1,0
2021-02-22 08:19:12+01:00,1,1,0
2021-02-22 08:20:45+01:00,1,1,0
2021-02-22 08:23:19+01:00,1,1,0
2021-02-22 08:43:54+01:00,1,1,0
2021-02-22 11:44:39+01:00,10,0,10
2021-02-22 13:34:52+01:00,15,1,14
2021-02-22 14:09:20+01:00,24,0,24
2021-02-22 20:04:36+01:00,8,4,4
2021-02-22 19:06:36+00:00,1,1,0
2021-02-22 19:06:39+00:00,1,1,0
2021-02-22 21:59:44+01:00,1,1,0
2021-02-22 22:01:38+01:00,1,1,0
2021-02-24 06:34:10+01:00,2,3,-1
2021-02-24 06:39:51+01:00,1,1,0
2021-02-24 06:39:59+01:00,1,1,0
2021-02-24 06:46:07+01:00,6,6,0
2021-02-24 06:46:32+01:00,6,6,0
2021-02-24 19:27:43+01:00,2217,1375,842
2021-02-25 05:02:08+02:00,11,2,9
2021-02-25 05:23:24+02:00,2,1,1
2021-02-25 19:24:30+01:00,2,0,2
2021-02-25 19:57:09+01:00,11,11,0
2021-02-26 06:51:32+01:00,3,3,0
2021-02-26 06:57:51+01:00,4,1,3
2021-02-26 07:58:15+01:00,6,5,1
2021-02-26 07:21:04+00:00,1,1,0
2021-02-26 08:31:11+01:00,1,1,0
2021-02-26 11:11:27+01:00,2,0,2
2021-02-26 11:28:50+01:00,2,0,2
2021-02-26 17:46:23+03:00,13,1,12
2021-02-26 17:59:38+03:00,13,0,13
2021-02-26 18:12:10+03:00,11,0,11
2021-02-26 21:15:40+03:00,2,0,2
2021-02-26 19:30:42+01:00,1,0,1
2021-02-26 21:31:33+03:00,2,1,1
2021-02-26 21:32:41+03:00,1,0,1
2021-02-26 21:40:45+03:00,1,1,0
2021-02-26 19:42:00+01:00,13,2,11
2021-02-26 20:03:07+01:00,41,1,40
2021-02-26 23:17:59+01:00,1,1,0
2021-02-27 08:16:50+01:00,1,1,0
2021-02-27 08:26:13+01:00,4,0,4
2021-02-27 09:32:59+01:00,12,9,3
2021-02-27 09:32:59+01:00,15,2,13
2021-02-27 09:32:59+01:00,3,1,2
2021-02-27 09:32:59+01:00,4,0,4
2021-02-27 09:32:59+01:00,19,10,9
2021-02-27 09:32:59+01:00,2,2,0
2021-02-27 09:32:59+01:00,9,1,8
2021-02-27 09:32:59+01:00,2,2,0
2021-02-27 09:32:59+01:00,5,3,2
2021-02-27 09:32:59+01:00,30,12,18
2021-02-27 09:32:59+01:00,26,6,20
2021-02-27 09:32:59+01:00,36,38,-2
2021-02-27 09:32:59+01:00,18,13,5
2021-02-27 09:32:59+01:00,44,17,27
2021-02-27 09:32:59+01:00,10,1,9
2021-02-27 09:32:59+01:00,1,1,0
2021-02-27 09:32:59+01:00,38,14,24
2021-02-27 09:33:00+01:00,9,3,6
2021-02-27 09:33:00+01:00,12,4,8
2021-02-27 09:33:00+01:00,5,1,4
2021-02-27 09:33:00+01:00,1,7,-6
2021-02-27 09:33:00+01:00,47,28,19
2021-02-27 09:33:00+01:00,11,2,9
2021-02-27 09:33:00+01:00,4,4,0
2021-02-27 09:33:00+01:00,173,91,82
2021-02-27 09:33:00+01:00,17,17,0
2021-02-27 09:33:00+01:00,29,5,24
2021-02-27 09:33:00+01:00,44,8,36
2021-02-27 09:33:00+01:00,48,34,14
2021-02-27 09:33:00+01:00,11,2,9
2021-02-27 09:33:00+01:00,39,16,23
2021-02-27 09:33:00+01:00,18,14,4
2021-02-27 10:07:02+01:00,5,1,4
2021-02-27 10:14:25+01:00,23,9,14
2021-02-27 10:33:25+01:00,4,6,-2
2021-02-27 10:45:22+01:00,6,5,1
2021-02-27 19:57:42+01:00,4,4,0
2021-02-27 20:26:13+01:00,2,2,0
2021-02-27 23:28:26+01:00,1,1,0
2021-02-28 08:36:21+01:00,1,1,0
2021-02-28 08:48:28+01:00,1,1,0
2021-02-28 08:51:32+01:00,6,3,3
2021-02-28 09:56:29+01:00,1,1,0
2021-02-28 09:57:52+01:00,18,5,13
2021-02-28 10:36:44+01:00,21,5,16
2021-02-28 11:04:30+01:00,1,1,0
2021-02-28 11:04:30+01:00,8,6,2
2021-02-28 15:30:44+01:00,9,7,2
2021-03-01 05:31:43+00:00,1,1,0
2021-03-01 05:32:14+00:00,1,1,0
2021-03-01 05:32:17+00:00,1,1,0
2021-03-01 07:08:44+01:00,3,3,0
2021-03-01 07:51:33+01:00,43,3,40
2021-03-01 08:19:17+01:00,1,1,0
2021-03-01 08:57:57+01:00,7,9,-2
2021-03-01 09:30:11+01:00,8,10,-2
2021-03-01 09:35:35+01:00,58,39,19
2021-03-01 09:48:08+01:00,59,40,19
2021-03-01 19:12:02+01:00,4,0,4
2021-03-01 19:50:39+01:00,45,2,43
2021-03-01 20:09:40+01:00,49,11,38
2021-03-02 06:59:58+01:00,22,28,-6
2021-03-02 14:12:00+05:18,9,1,8
2021-03-02 14:13:37+05:18,1,1,0
2021-03-02 14:37:33+05:18,2,3,-1
2021-03-02 14:45:05+05:18,1,1,0
2021-03-02 10:41:08+01:00,140,25,115
2021-03-02 15:33:16+05:18,3,1,2
2021-03-02 16:04:20+05:18,3,2,1
2021-03-02 12:03:02+01:00,10,0,10
2021-03-02 13:38:55+01:00,1,1,0
2021-03-02 13:59:53+01:00,1,1,0
2021-03-02 16:12:22+01:00,5,3,2
2021-03-04 17:27:04+01:00,15,15,0
2021-03-04 20:03:42+01:00,6,6,0
2021-03-04 20:03:42+01:00,4,4,0
2021-03-04 20:03:42+01:00,16,0,16
2021-03-04 20:03:42+01:00,29,0,29
2021-03-04 20:03:42+01:00,15,3,12
2021-03-04 20:03:42+01:00,0,2,-2
2021-03-04 20:03:42+01:00,47,47,0
2021-03-04 20:03:42+01:00,2,2,0
2021-03-04 20:03:42+01:00,5,1,4
2021-03-04 20:03:42+01:00,1,2,-1
2021-03-04 20:03:43+01:00,4,1,3
2021-03-04 20:03:43+01:00,15,1,14
2021-03-04 20:03:43+01:00,1,1,0
2021-03-04 20:03:43+01:00,3,2,1
2021-03-04 20:05:21+01:00,1,1,0
2021-03-04 20:05:27+01:00,1,1,0
2021-03-05 07:24:50+01:00,112,36,76
2021-03-05 19:21:09+01:00,19,10,9
2021-03-05 19:22:57+01:00,5,3,2
2021-03-05 19:37:21+01:00,18,16,2
2021-03-05 12:56:11-06:00,2,1,1
2021-03-05 20:03:49+01:00,4,10,-6
2021-03-05 13:16:49-06:00,2,1,1
2021-03-05 20:22:04+01:00,18,4,14
2021-03-06 00:04:12+02:00,2,2,0
2021-03-06 01:07:37+02:00,10,5,5
2021-03-06 13:37:46+01:00,18,4,14
2021-03-06 13:48:12+01:00,3,1,2
2021-03-06 15:07:47+02:00,14,7,7
2021-03-06 15:40:34+01:00,25,13,12
2021-03-06 19:55:02+01:00,1,1,0
2021-03-07 11:28:54+01:00,1,1,0
2021-03-08 05:28:11+00:00,1,1,0
2021-03-08 05:28:15+00:00,1,1,0
2021-03-08 05:28:23+00:00,1,1,0
2021-03-08 05:28:27+00:00,1,1,0
2021-03-08 06:51:39+01:00,1,1,0
2021-03-08 06:52:08+01:00,1,1,0
2021-03-08 07:30:38+01:00,1,1,0
2021-03-08 07:31:06+01:00,1,1,0
2021-03-08 08:53:20+00:00,1,1,0
2021-03-08 10:12:03+01:00,1,1,0
2021-03-08 09:15:30+00:00,1,1,0
2021-03-08 17:12:55+01:00,1,1,0
2021-03-08 19:40:29+01:00,2,4,-2
2021-03-08 23:21:56+02:00,10,7,3
2021-03-09 19:29:00+01:00,1,1,0
2021-03-09 20:20:04+01:00,11,8,3
2021-03-09 20:21:08+01:00,5,4,1
2021-03-10 09:27:03+01:00,0,0,0
2021-03-10 10:07:40+01:00,717,317,400
2021-03-10 10:39:38+01:00,1,1,0
2021-03-10 10:43:44+01:00,14,4,10
2021-03-11 19:39:44+01:00,5,4,1
2021-03-12 16:16:03-08:00,24,3,21
2021-03-13 10:17:14+01:00,42,9,33
2021-03-13 15:13:42+02:00,3,0,3
2021-03-13 15:51:27+01:00,27,2,25
2021-03-13 16:09:07+01:00,46,14,32
2021-03-13 16:25:16+01:00,70,17,53
2021-03-13 16:47:12+01:00,47,2,45
2021-03-13 16:51:00+01:00,67,9,58
2021-03-13 17:14:47+01:00,50,2,48
2021-03-13 11:14:36-08:00,1,1,0
2021-03-14 07:03:29+01:00,1,1,0
2021-03-14 09:48:40+01:00,1,0,1
2021-03-14 13:25:08+01:00,3,1,2
2021-03-14 22:02:53+09:00,44,20,24
2021-03-14 19:37:57+01:00,12,1,11
2021-03-14 19:49:46+01:00,72,142,-70
2021-03-15 05:27:18+00:00,1,1,0
2021-03-15 05:28:02+00:00,1,1,0
2021-03-15 05:28:06+00:00,1,1,0
2021-03-15 05:28:18+00:00,1,1,0
2021-03-15 06:56:48+01:00,6,6,0
2021-03-15 07:18:53+01:00,1,1,0
2021-03-15 07:19:05+01:00,6,6,0
2021-03-15 07:19:27+01:00,1,1,0
2021-03-15 08:38:20+01:00,1,1,0
2021-03-15 09:26:02+00:00,1,1,0
2021-03-15 11:33:28+01:00,1,1,0
2021-03-15 19:50:43+01:00,1,1,0
2021-03-16 19:24:03+01:00,10,3,7
2021-03-17 17:58:23+09:00,55,0,55
2021-03-17 22:44:10+09:00,51,6,45
2021-03-17 19:36:11+01:00,1,0,1
2021-03-17 19:36:35+01:00,20,20,0
2021-03-17 20:45:15+01:00,324,304,20
2021-03-18 09:47:03+09:00,5,17,-12
2021-03-18 06:46:08+01:00,3,4,-1
2021-03-18 21:50:54+09:00,12,11,1
2021-03-18 14:19:33+01:00,1,1,0
2021-03-18 19:32:30+01:00,130,18,112
2021-03-18 22:38:54+01:00,5,0,5
2021-03-19 06:36:22+01:00,5,0,5
2021-03-19 06:40:04+01:00,9,4,5
2021-03-19 10:39:45-03:00,1,1,0
2021-03-19 20:12:12+01:00,1,1,0
2021-03-19 20:32:31+01:00,1,1,0
2021-03-20 07:21:22+01:00,34,9,25
2021-03-20 08:13:56+01:00,9,9,0
2021-03-20 08:21:52+01:00,34,9,25
2021-03-20 08:34:15+01:00,20,0,20
2021-03-20 11:48:39+01:00,46,0,46
2021-03-20 13:08:02+01:00,6,4,2
2021-03-20 13:34:33+01:00,3,3,0
2021-03-20 14:02:13+01:00,12,12,0
2021-03-20 14:38:26+01:00,45,17,28
2021-03-20 14:58:51+01:00,1,1,0
2021-03-21 17:02:45+05:18,16,0,16
2021-03-21 17:02:45+05:18,2,2,0
2021-03-21 17:02:46+05:18,1,1,0
2021-03-21 17:02:46+05:18,3,3,0
2021-03-21 17:02:47+05:18,0,8,-8
2021-03-21 17:02:47+05:18,1,2,-1
2021-03-21 17:02:47+05:18,1,1,0
2021-03-22 05:25:11+00:00,1,1,0
2021-03-22 05:25:17+00:00,1,1,0
2021-03-22 05:25:28+00:00,1,1,0
2021-03-22 05:25:35+00:00,1,1,0
2021-03-22 06:52:18+01:00,1,1,0
2021-03-22 06:52:38+01:00,1,1,0
2021-03-22 06:53:21+01:00,1,1,0
2021-03-22 17:30:16+01:00,0,2,-2
2021-03-22 19:39:06+01:00,16,13,3
2021-03-22 20:00:13+01:00,17,14,3
2021-03-22 20:40:11+01:00,6,2,4
2021-03-23 10:09:41+02:00,19,2,17
2021-03-23 10:12:08+02:00,0,1,-1
2021-03-23 10:19:16+02:00,1,1,0
2021-03-23 10:35:46+02:00,2,1,1
2021-03-23 10:53:09+01:00,1,1,0
2021-03-23 16:45:42+01:00,1,1,0
2021-03-23 16:54:38+01:00,1,1,0
2021-03-23 21:52:46+01:00,5,0,5
2021-03-24 06:49:54+01:00,11,2,9
2021-03-24 18:26:03+02:00,1,0,1
2021-03-24 19:21:07+01:00,1,0,1
2021-03-25 10:25:25+02:00,11,11,0
2021-03-25 09:34:33+01:00,1,0,1
2021-03-25 20:26:56+01:00,21,1,20
2021-03-26 16:56:24+02:00,183,2,181
2021-03-26 16:56:24+02:00,140,53,87
2021-03-26 16:56:24+02:00,11,5,6
2021-03-26 16:56:24+02:00,6,24,-18
2021-03-26 16:56:24+02:00,1,1,0
2021-03-26 16:56:24+02:00,16,11,5
2021-03-26 16:56:24+02:00,41,32,9
2021-03-26 16:56:24+02:00,2,1,1
2021-03-26 16:56:24+02:00,25,10,15
2021-03-26 16:56:24+02:00,1,1,0
2021-03-26 18:40:50+03:00,74,9,65
2021-03-26 18:49:17+03:00,6,5,1
2021-03-26 20:51:14+01:00,1,1,0
2021-03-27 10:47:33+01:00,14,11,3
2021-03-27 11:26:26+01:00,224,10,214
2021-03-27 11:32:51+01:00,1,1,0
2021-03-27 11:33:56+01:00,1,1,0
2021-03-27 11:34:11+01:00,1,1,0
2021-03-27 18:00:07+01:00,1,0,1
2021-03-28 11:32:33+02:00,2257,1112,1145
2021-03-28 19:31:54+02:00,8,5,3
2021-03-28 19:49:20+02:00,24,5,19
2021-03-28 20:06:30+02:00,7,5,2
2021-03-28 20:23:57+02:00,39,5,34
2021-03-29 06:43:56+02:00,39,5,34
2021-03-29 05:27:22+00:00,1,1,0
2021-03-29 05:27:57+00:00,1,1,0
2021-03-29 05:28:16+00:00,1,1,0
2021-03-29 05:28:30+00:00,1,1,0
2021-03-29 08:02:27+02:00,1,1,0
2021-03-29 08:04:28+02:00,1,1,0
2021-03-29 08:12:15+02:00,1,1,0
2021-03-29 08:40:39+02:00,1,1,0
2021-03-29 09:13:48+02:00,9,1,8
2021-03-29 09:20:34+02:00,7,6,1
2021-03-29 09:34:57+00:00,1,1,0
2021-03-29 09:53:50+00:00,1,1,0
2021-03-29 10:01:20+00:00,1,1,0
2021-03-29 13:38:42+02:00,1,1,0
2021-03-29 13:39:15+02:00,1,1,0
2021-03-29 14:09:28+02:00,1,1,0
2021-03-29 19:49:22+02:00,21,1,20
2021-03-29 20:26:54+02:00,25,7,18
2021-03-30 06:49:24+02:00,25,7,18
2021-03-30 07:26:39+02:00,13,6,7
2021-03-30 16:18:01+02:00,13,6,7
2021-03-30 20:20:24+02:00,11,33,-22
2021-03-31 12:31:28+03:00,27,17,10
2021-03-31 21:11:37+02:00,11,33,-22
2021-04-01 06:47:23+02:00,14,22,-8
2021-04-01 06:55:25+02:00,1,1,0
2021-04-02 12:20:38+02:00,10,0,10
2021-04-02 13:16:52+02:00,1,0,1
2021-04-02 16:45:44+05:18,4,21,-17
2021-04-02 14:35:19+02:00,3,0,3
2021-04-02 14:50:47+02:00,6,5,1
2021-04-02 15:16:34+02:00,15,0,15
2021-04-02 15:19:49+02:00,11,21,-10
2021-04-02 17:08:16+03:00,88,20,68
2021-04-03 07:17:02+02:00,7,4,3
2021-04-03 08:12:49+02:00,7,4,3
2021-04-03 08:36:06+02:00,1,1,0
2021-04-03 11:19:52+03:00,764,158,606
2021-04-03 13:49:24+03:00,1,1,0
2021-04-03 15:38:52+02:00,61,430,-369
2021-04-03 15:41:43+02:00,36,34,2
2021-04-03 16:08:08+02:00,282,340,-58
2021-04-03 16:13:49+02:00,13,1,12
2021-04-03 16:32:16+02:00,15,5,10
2021-04-03 16:54:47+02:00,15,20,-5
2021-04-03 17:00:37+02:00,160,107,53
2021-04-03 19:12:36+02:00,12,8,4
2021-04-03 19:56:20+02:00,2,2,0
2021-04-03 20:17:48+02:00,2,2,0
2021-04-04 01:19:38+03:00,3,0,3
2021-04-04 07:02:59+02:00,1,0,1
2021-04-04 19:47:33+02:00,3,0,3
2021-04-05 05:26:45+00:00,1,1,0
2021-04-05 05:27:16+00:00,1,1,0
2021-04-05 05:27:26+00:00,1,1,0
2021-04-05 05:27:31+00:00,1,1,0
2021-04-05 05:27:44+00:00,1,1,0
2021-04-05 07:28:51+02:00,19,22,-3
2021-04-05 07:38:07+02:00,46,54,-8
2021-04-05 05:57:56+00:00,2,2,0
2021-04-05 08:15:47+02:00,1,1,0
2021-04-05 08:16:29+02:00,1,1,0
2021-04-05 08:18:51+02:00,1,1,0
2021-04-05 08:20:26+02:00,1,1,0
2021-04-05 08:20:56+02:00,1,1,0
2021-04-05 08:22:01+02:00,1,1,0
2021-04-05 08:46:12+02:00,6,6,0
2021-04-05 08:46:30+02:00,2,2,0
2021-04-05 10:53:00+02:00,9,2,7
2021-04-05 11:21:20+02:00,1,1,0
2021-04-05 13:55:32+02:00,1144,316,828
2021-04-05 14:09:35+02:00,69,80,-11
2021-04-05 14:45:42+02:00,3,0,3
2021-04-05 15:38:25+02:00,2,2,0
2021-04-05 15:38:33+02:00,1,1,0
2021-04-05 19:31:34+02:00,5,0,5
2021-04-05 19:32:55+02:00,5,0,5
2021-04-05 19:34:01+02:00,2,2,0
2021-04-06 05:29:34+00:00,2,2,0
2021-04-06 07:47:44+02:00,61,7,54
2021-04-06 07:49:16+02:00,1,1,0
2021-04-06 07:58:45+02:00,7,7,0
2021-04-06 08:16:46+02:00,1,1,0
2021-04-06 10:05:03+02:00,123,102,21
2021-04-06 10:39:27+02:00,102,123,-21
2021-04-06 10:42:53+02:00,121,1,120
2021-04-06 10:44:13+02:00,2,1,1
2021-04-06 13:29:22+02:00,21,21,0
2021-04-06 18:35:30+02:00,1,1,0
2021-04-06 19:35:28+02:00,3,0,3
2021-04-06 19:47:48+02:00,1,1,0
2021-04-06 20:03:38+02:00,0,70,-70
2021-04-06 20:09:18+02:00,1,1,0
2021-04-06 20:10:52+02:00,4,0,4
2021-04-06 20:16:29+02:00,17,18,-1
2021-04-06 22:41:15+02:00,16,5,11
2021-04-06 22:46:36+02:00,1,1,0
2021-04-06 23:11:40+02:00,5,8,-3
2021-04-07 06:52:34+02:00,3,2,1
2021-04-07 06:55:11+02:00,5,0,5
2021-04-07 06:57:05+02:00,2,2,0
2021-04-07 07:05:10+02:00,196,3,193
2021-04-07 08:59:44+02:00,33,2,31
2021-04-07 10:15:51+02:00,2,2,0
2021-04-07 10:47:56+02:00,279,103,176
2021-04-07 17:10:20+02:00,37,39,-2
2021-04-07 19:20:16+02:00,4,0,4
2021-04-07 22:25:54+02:00,6,5,1
2021-04-08 16:43:38+02:00,4,4,0
2021-04-08 17:18:09+02:00,3,0,3
2021-04-08 19:29:51+02:00,3,3,0
2021-04-08 19:34:56+02:00,3,0,3
2021-04-08 20:00:41+02:00,164,3,161
2021-04-08 20:17:07+02:00,39,2,37
2021-04-08 20:17:53+02:00,43,27,16
2021-04-08 20:36:30+02:00,10,7,3
2021-04-09 10:36:03+09:00,14,0,14
2021-04-09 09:51:01+02:00,14,0,14
2021-04-09 19:34:05+02:00,12,4,8
2021-04-09 21:28:54+02:00,2,1,1
2021-04-09 21:58:15+02:00,37,12,25
2021-04-09 22:10:20+02:00,0,2,-2
2021-04-09 22:15:24+02:00,18,1,17
2021-04-10 07:12:31+02:00,29,19,10
2021-04-10 07:59:59+02:00,40,32,8
2021-04-10 08:19:25+02:00,98,33,65
2021-04-10 09:53:48+02:00,3,11,-8
2021-04-10 13:36:16+02:00,31,152,-121
2021-04-10 13:50:56+02:00,9,9,0
2021-04-10 14:17:43+02:00,0,19,-19
2021-04-10 14:31:12+02:00,2,2,0
2021-04-10 14:40:44+02:00,5,8,-3
2021-04-10 14:42:09+02:00,2,2,0
2021-04-10 14:52:34+02:00,2,1,1
2021-04-10 14:57:34+02:00,31,152,-121
2021-04-10 19:53:00+02:00,23,38,-15
2021-04-11 15:38:08+03:00,14,16,-2
2021-04-12 05:26:11+00:00,1,1,0
2021-04-12 05:26:47+00:00,1,1,0
2021-04-12 05:26:58+00:00,1,1,0
2021-04-12 08:01:36+02:00,1,1,0
2021-04-12 08:12:12+02:00,1,1,0
2021-04-12 08:13:10+02:00,1,1,0
2021-04-12 11:11:53+02:00,1,1,0
2021-04-12 16:01:46+02:00,2,1,1
2021-04-12 19:18:10+02:00,103,53,50
2021-04-12 20:06:18+02:00,1,0,1
2021-04-13 06:06:51+02:00,1,0,1
2021-04-13 06:17:11+02:00,1,19,-18
2021-04-13 06:23:11+02:00,4,3,1
2021-04-13 06:49:53+02:00,1,1,0
2021-04-13 06:57:21+02:00,2,2,0
2021-04-13 08:26:41+02:00,4,3,1
2021-04-13 08:41:52+02:00,6,4,2
2021-04-13 11:44:07+02:00,1,1,0
2021-04-13 11:55:03+02:00,2,3,-1
2021-04-13 12:04:22+02:00,1,1,0
2021-04-13 12:19:49+02:00,1,1,0
2021-04-13 12:28:07+02:00,49,10,39
2021-04-13 13:55:08+02:00,12,0,12
2021-04-13 19:20:57+02:00,1,1,0
2021-04-13 20:21:03+02:00,27,3,24
2021-04-13 22:07:01+02:00,3,1,2
2021-04-13 22:17:42+02:00,2,2,0
2021-04-14 06:30:22+02:00,29,3,26
2021-04-14 19:43:32+02:00,7,2,5
2021-04-14 20:32:34+02:00,10,5,5
2021-04-14 20:36:34+02:00,14,11,3
2021-04-15 01:19:30+01:00,3,1,2
2021-04-15 01:22:52+01:00,6,6,0
2021-04-15 01:38:08+01:00,1,1,0
2021-04-15 15:21:28+02:00,1,1,0
2021-04-15 15:34:50+02:00,1,1,0
2021-04-15 15:41:35+02:00,16,14,2
2021-04-15 16:16:02+02:00,2,2,0
2021-04-15 21:38:20+02:00,8,7,1
2021-04-15 21:38:00+01:00,5,2,3
2021-04-15 21:58:07+01:00,1,1,0
2021-04-15 21:51:16-03:00,9,2,7
2021-04-15 21:51:16-03:00,3,1,2
2021-04-15 21:51:16-03:00,78,12,66
2021-04-15 21:51:16-03:00,12,5,7
2021-04-15 21:51:16-03:00,4,6,-2
2021-04-15 21:51:16-03:00,12,10,2
2021-04-16 07:46:00+02:00,17,8,9
2021-04-16 08:00:04+02:00,24,1,23
2021-04-16 13:49:46+02:00,13,8,5
2021-04-16 19:16:29+02:00,3,3,0
2021-04-16 19:35:56+02:00,24,1,23
2021-04-16 19:42:13+02:00,18,6,12
2021-04-16 19:46:07+02:00,70,29,41
2021-04-16 19:57:58+02:00,49,4,45
2021-04-17 10:47:32+02:00,3,2,1
2021-04-17 10:48:24+02:00,22,5,17
2021-04-17 10:51:02+02:00,1,0,1
2021-04-17 10:53:03+02:00,7,5,2
2021-04-17 19:14:13+02:00,33,12,21
2021-04-17 19:29:34+02:00,7,6,1
2021-04-17 19:48:29+02:00,3,0,3
2021-04-19 05:22:35+00:00,1,1,0
2021-04-19 05:22:41+00:00,1,1,0
2021-04-19 05:22:52+00:00,1,1,0
2021-04-19 05:23:27+00:00,1,1,0
2021-04-19 05:23:33+00:00,1,1,0
2021-04-19 07:49:58+02:00,51,3,48
2021-04-19 07:52:05+02:00,1,1,0
2021-04-19 07:52:48+02:00,1,1,0
2021-04-19 07:53:08+02:00,1,1,0
2021-04-19 08:15:46+02:00,1,1,0
2021-04-19 08:32:25+02:00,1,1,0
2021-04-19 08:45:04+02:00,1,1,0
2021-04-19 09:41:49+00:00,1,1,0
2021-04-19 14:15:36+02:00,1,1,0
2021-04-19 15:15:40+02:00,3,3,0
2021-04-19 19:01:39+02:00,2,2,0
2021-04-20 11:31:37+02:00,58,60,-2
2021-04-20 11:58:47+02:00,9,9,0
2021-04-20 12:59:15+02:00,117,96,21
2021-04-20 15:45:07+02:00,13,6,7
2021-04-20 15:55:48+02:00,8,7,1
2021-04-20 19:22:14+02:00,14,6,8
2021-04-20 19:22:14+02:00,136,5,131
2021-04-20 19:22:14+02:00,25,14,11
2021-04-20 19:23:28+02:00,128,125,3
2021-04-20 19:23:29+02:00,14,4,10
2021-04-20 19:23:29+02:00,13,6,7
2021-04-20 19:36:30+02:00,22,2,20
2021-04-20 11:50:53-06:00,1,1,0
2021-04-20 19:52:57+02:00,1,1,0
2021-04-20 20:23:16+02:00,1,1,0
2021-04-20 20:29:53+02:00,1,1,0
2021-04-20 20:39:15+02:00,327,137,190
2021-04-20 21:04:44+02:00,20,11,9
2021-04-20 21:23:37+02:00,5,3,2
2021-04-20 21:29:16+02:00,3,2,1
2021-04-20 21:41:49+02:00,5,0,5
2021-04-21 17:22:16+02:00,3,1,2
2021-04-21 19:27:42+02:00,11,12,-1
2021-04-21 18:38:57+01:00,99,0,99
2021-04-21 20:01:10+02:00,28,38,-10
2021-04-21 20:17:30+02:00,8,1,7
2021-04-21 15:02:33-06:00,1,1,0
2021-04-22 06:51:26+02:00,1,1,0
2021-04-22 10:07:13+03:00,36,13,23
2021-04-22 10:01:41+02:00,2,1,1
2021-04-22 11:18:28+03:00,2,1,1
2021-04-22 17:13:22+02:00,35,5,30
2021-04-22 19:13:19+02:00,27,15,12
2021-04-22 19:24:13+02:00,1,1,0
2021-04-22 19:28:50+02:00,2,1,1
2021-04-22 19:41:01+02:00,6,5,1
2021-04-22 19:48:52+02:00,1,1,0
2021-04-22 19:55:25+02:00,40,15,25
2021-04-22 20:01:08+02:00,1,1,0
2021-04-23 06:50:39+02:00,27,5,22
2021-04-23 21:15:13+04:18,9,2,7
2021-04-23 19:22:41+02:00,2,1,1
2021-04-23 19:36:26+02:00,1,1,0
2021-04-23 22:16:33+04:18,3,2,1
2021-04-23 20:35:30+02:00,5,2,3
2021-04-24 05:47:08+02:00,981,430,551
2021-04-24 07:00:33+02:00,28,5,23
2021-04-24 07:18:35+02:00,19,0,19
2021-04-24 09:03:59+02:00,138,39,99
2021-04-24 13:25:46+02:00,5,5,0
2021-04-24 13:29:59+02:00,22,0,22
2021-04-24 13:39:20+02:00,23,3,20
2021-04-24 13:41:29+02:00,191,47,144
2021-04-24 15:54:06+02:00,59,53,6
2021-04-24 15:56:53+02:00,14,0,14
2021-04-24 16:14:48+02:00,36,0,36
2021-04-24 19:15:09+02:00,1,4,-3
2021-04-24 19:16:54+02:00,0,3,-3
2021-04-24 20:26:37+02:00,1,1,0
2021-04-25 05:47:59+02:00,1,1,0
2021-04-25 05:50:03+02:00,311,111,200
2021-04-25 08:25:12+02:00,3,1,2
2021-04-25 08:45:30+02:00,1,1,0
2021-04-25 09:48:40+03:00,26,2,24
2021-04-25 09:48:40+03:00,2,1,1
2021-04-25 09:48:40+03:00,14,0,14
2021-04-25 09:48:40+03:00,41,22,19
2021-04-25 09:48:40+03:00,7,5,2
2021-04-25 09:48:40+03:00,37,26,11
2021-04-25 09:48:40+03:00,35,33,2
2021-04-25 09:48:40+03:00,27,21,6
2021-04-25 09:48:40+03:00,29,54,-25
2021-04-25 09:48:40+03:00,19,4,15
2021-04-25 09:48:40+03:00,3,3,0
2021-04-25 10:10:09+02:00,15,13,2
2021-04-25 11:01:04+02:00,3,2,1
2021-04-25 13:18:35+03:00,3,3,0
2021-04-25 20:10:47+02:00,19,36,-17
2021-04-26 05:25:53+00:00,1,1,0
2021-04-26 05:26:02+00:00,1,1,0
2021-04-26 05:26:09+00:00,1,1,0
2021-04-26 05:26:37+00:00,1,1,0
2021-04-26 05:26:43+00:00,1,1,0
2021-04-26 05:26:59+00:00,1,1,0
2021-04-26 07:59:28+02:00,1,1,0
2021-04-26 08:44:54+02:00,1,1,0
2021-04-26 09:13:52+02:00,1,1,0
2021-04-26 09:16:27+02:00,1,1,0
2021-04-26 09:30:31+02:00,1,1,0
2021-04-26 10:42:24+03:00,3,3,0
2021-04-26 11:53:44+02:00,3,0,3
2021-04-26 12:29:14+02:00,22,36,-14
2021-04-26 12:29:48+02:00,1,1,0
2021-04-26 10:47:09+00:00,1,1,0
2021-04-26 13:46:26+02:00,1,1,0
2021-04-26 14:12:52+02:00,7,6,1
2021-04-26 19:52:26+02:00,22,16,6
2021-04-26 20:01:13+02:00,3,3,0
2021-04-26 20:18:03+02:00,4,5,-1
2021-04-26 20:26:14+02:00,44,0,44
2021-04-27 19:18:53+02:00,99,0,99
2021-04-27 19:19:08+02:00,18,18,0
2021-04-28 06:37:40+02:00,132,99,33
2021-04-28 16:00:12+02:00,1,49,-48
2021-04-28 20:36:06+02:00,14,12,2
2021-04-28 20:42:15+02:00,4,4,0
2021-04-28 21:06:15+02:00,1,1,0
2021-04-28 21:16:13+02:00,1,1,0
2021-04-28 21:18:55+02:00,132,99,33
2021-04-29 06:50:56+02:00,250,130,120
2021-04-29 09:07:47+02:00,2,2,0
2021-04-29 10:46:00+01:00,1,1,0
2021-04-29 12:16:02+02:00,1,2,-1
2021-04-29 12:30:36+02:00,1,1,0
2021-04-29 12:49:51+02:00,5,1,4
2021-04-29 12:51:52+02:00,1,2,-1
2021-04-29 13:07:22+02:00,3,1,2
2021-04-29 22:21:04+02:00,12,1,11
2021-04-29 22:21:04+02:00,13,12,1
2021-04-30 00:28:42+03:00,5,0,5
2021-04-30 07:46:02+02:00,3545,1563,1982
2021-04-30 07:50:33+02:00,1,1,0
2021-04-30 14:39:01+02:00,3,0,3
2021-04-30 19:42:41+02:00,1,1,0
2021-04-30 20:13:11+02:00,3,0,3
2021-05-01 14:13:21+02:00,62,1,61
2021-05-01 16:21:59+02:00,1,1,0
2021-05-01 16:36:35+02:00,33,30,3
2021-05-01 16:40:29+02:00,8,5,3
2021-05-01 16:58:14+02:00,2,1,1
2021-05-01 17:01:52+02:00,2,9,-7
2021-05-01 17:12:48+02:00,1,1,0
2021-05-01 17:29:53+02:00,32,10,22
2021-05-01 17:34:10+02:00,8,1,7
2021-05-01 17:36:29+02:00,42,36,6
2021-05-01 17:41:40+02:00,5,4,1
2021-05-01 17:44:43+02:00,0,2,-2
2021-05-01 19:13:00+02:00,29,2,27
2021-05-02 08:44:16+02:00,2,1,1
2021-05-02 08:59:21+02:00,3,3,0
2021-05-02 09:46:27+02:00,5,5,0
2021-05-02 09:46:27+02:00,139,118,21
2021-05-02 09:46:27+02:00,51,12,39
2021-05-02 09:46:27+02:00,61,48,13
2021-05-02 09:46:27+02:00,74,59,15
2021-05-02 09:46:27+02:00,5,5,0
2021-05-02 09:46:27+02:00,83,66,17
2021-05-02 09:46:27+02:00,39,22,17
2021-05-02 09:46:27+02:00,18,17,1
2021-05-02 09:46:27+02:00,33,27,6
2021-05-02 09:46:27+02:00,11,2,9
2021-05-02 09:46:27+02:00,6,4,2
2021-05-02 09:46:27+02:00,9,9,0
2021-05-02 09:48:37+02:00,33,33,0
2021-05-02 10:37:54+02:00,1,1,0
2021-05-02 10:45:21+02:00,40,5,35
2021-05-02 10:46:04+02:00,3,0,3
2021-05-02 11:01:26+02:00,4,3,1
2021-05-02 11:30:53+02:00,38,16,22
2021-05-02 11:41:26+02:00,1,1,0
2021-05-02 11:47:02+02:00,1,1,0
2021-05-02 15:10:50+02:00,1,1,0
2021-05-02 17:08:59+02:00,1,1,0
2021-05-02 19:21:26+02:00,3,3,0
2021-05-02 20:06:47+02:00,5,5,0
2021-05-02 20:07:22+02:00,51,20,31
2021-05-02 20:41:45+02:00,162,16,146
2021-05-02 20:42:01+02:00,231,230,1
2021-05-03 06:30:41+02:00,3,3,0
2021-05-03 05:26:08+00:00,1,1,0
2021-05-03 05:26:18+00:00,1,1,0
2021-05-03 05:26:30+00:00,1,1,0
2021-05-03 05:26:39+00:00,1,1,0
2021-05-03 05:27:17+00:00,1,1,0
2021-05-03 08:20:13+02:00,1,1,0
2021-05-03 08:20:51+02:00,1,1,0
2021-05-03 08:22:13+02:00,1,1,0
2021-05-03 08:23:06+02:00,1,1,0
2021-05-03 08:26:23+02:00,3,3,0
2021-05-03 08:33:22+02:00,9,5,4
2021-05-03 08:34:02+02:00,9,5,4
2021-05-03 10:13:22+02:00,1,1,0
2021-05-03 10:16:58+00:00,1,1,0
2021-05-03 10:21:49+00:00,1,1,0
2021-05-03 10:23:52+00:00,1,1,0
2021-05-03 13:12:04+02:00,1,1,0
2021-05-03 13:12:18+02:00,1,1,0
2021-05-03 13:12:28+02:00,1,1,0
2021-05-04 06:44:01+02:00,1045,666,379
2021-05-05 06:47:26+02:00,4,1,3
2021-05-05 05:14:42+00:00,2,2,0
2021-05-05 08:12:28+02:00,1,1,0
2021-05-05 08:31:34+02:00,1,1,0
2021-05-05 19:58:45+02:00,30,4,26
2021-05-05 19:58:45+02:00,4,0,4
2021-05-05 20:10:40+02:00,34,4,30
2021-05-05 20:15:13+02:00,25,13,12
2021-05-06 19:43:14+02:00,17,17,0
2021-05-07 06:41:15+02:00,13,11,2
2021-05-07 06:51:16+02:00,30,28,2
2021-05-07 20:23:11+02:00,16,1,15
2021-05-08 10:29:47+03:00,21,27,-6
2021-05-08 10:29:47+03:00,12,7,5
2021-05-08 10:29:47+03:00,18,9,9
2021-05-08 10:29:47+03:00,10,16,-6
2021-05-08 10:29:47+03:00,1,2,-1
2021-05-08 10:29:47+03:00,2,2,0
2021-05-08 10:29:47+03:00,75,62,13
2021-05-08 10:29:47+03:00,30,6,24
2021-05-08 10:29:47+03:00,2,2,0
2021-05-08 10:29:47+03:00,6,2,4
2021-05-08 17:24:41+02:00,26,0,26
2021-05-08 17:35:19+02:00,88,1,87
2021-05-08 18:40:49+03:00,24,5,19
2021-05-08 18:40:49+03:00,12,11,1
2021-05-08 19:45:34+02:00,21,4,17
2021-05-09 09:56:36+02:00,12,6,6
2021-05-09 10:04:56+02:00,2,2,0
2021-05-09 14:37:56+02:00,14,10,4
2021-05-09 17:27:30+02:00,1,1,0
2021-05-09 19:47:37+02:00,22,0,22
2021-05-09 19:53:41+02:00,0,4,-4
2021-05-10 05:26:26+00:00,1,1,0
2021-05-10 05:26:36+00:00,1,1,0
2021-05-10 05:26:52+00:00,1,1,0
2021-05-10 05:27:03+00:00,1,1,0
2021-05-10 05:27:11+00:00,1,1,0
2021-05-10 05:27:22+00:00,1,1,0
2021-05-10 05:27:36+00:00,1,1,0
2021-05-10 08:49:13+02:00,1,1,0
2021-05-10 08:49:25+02:00,1,1,0
2021-05-10 08:49:53+02:00,1,1,0
2021-05-10 08:50:42+02:00,1,1,0
2021-05-10 08:51:47+02:00,1,1,0
2021-05-10 08:52:02+02:00,1,1,0
2021-05-10 08:53:34+02:00,1,1,0
2021-05-10 10:50:05+00:00,1,1,0
2021-05-10 15:08:28+02:00,6,0,6
2021-05-10 15:24:02+02:00,1,1,0
2021-05-10 19:11:05+02:00,230,144,86
2021-05-10 19:42:37+01:00,6,4,2
2021-05-10 19:48:09+01:00,6,4,2
2021-05-11 06:16:49+02:00,6,4,2
2021-05-11 06:25:23+02:00,6,1,5
2021-05-12 00:13:13+07:00,1,1,0
2021-05-11 20:16:26+02:00,1,1,0
2021-05-11 20:37:49+02:00,13,13,0
2021-05-12 05:58:25+02:00,57,52,5
2021-05-12 06:06:30+02:00,19,4,15
2021-05-12 09:30:35+03:00,57,47,10
2021-05-12 17:15:38+03:00,1,1,0
2021-05-12 19:06:09+02:00,36,52,-16
2021-05-12 19:06:13+02:00,2,2,0
2021-05-12 19:58:11+02:00,57,47,10
2021-05-12 20:07:45+02:00,16,10,6
2021-05-12 21:15:01+02:00,10,6,4
2021-05-13 20:13:04+02:00,1,1,0
2021-05-14 05:48:08+02:00,22,12,10
2021-05-14 06:36:50+02:00,12,2,10
2021-05-14 07:18:10+02:00,4,0,4
2021-05-14 07:22:51+02:00,2,2,0
2021-05-14 10:43:48+03:00,1,3,-2
2021-05-14 20:04:16+02:00,1,3,-2
2021-05-15 06:40:21+02:00,4,0,4
2021-05-15 07:01:32+02:00,1,2,-1
2021-05-15 07:12:57+02:00,136,129,7
2021-05-15 08:14:50+02:00,1,1,0
2021-05-15 15:38:51+09:00,6,0,6
2021-05-15 10:50:00+02:00,8,0,8
2021-05-15 13:37:03+03:00,15,7,8
2021-05-15 13:37:03+03:00,18,2,16
2021-05-15 20:15:19+09:00,8,3,5
2021-05-15 20:20:36+09:00,4,4,0
2021-05-15 15:11:07+02:00,33,9,24
2021-05-15 15:21:21+02:00,1,1,0
2021-05-15 15:38:28+02:00,1,1,0
2021-05-15 15:52:02+02:00,8,2,6
2021-05-15 19:39:46+02:00,12,6,6
2021-05-15 19:49:21+02:00,11,8,3
2021-05-15 20:32:58+02:00,23,14,9
2021-05-16 09:15:25+02:00,34,2,32
2021-05-16 13:20:05+02:00,7,7,0
2021-05-16 14:15:24+02:00,29,4,25
2021-05-16 14:41:50+02:00,41,0,41
2021-05-16 14:50:25+02:00,6,7,-1
2021-05-16 19:35:30+02:00,1,1,0
2021-05-16 19:55:13+02:00,20,2,18
2021-05-17 05:21:02+00:00,1,1,0
2021-05-17 05:21:11+00:00,1,1,0
2021-05-17 05:21:18+00:00,1,1,0
2021-05-17 05:21:31+00:00,1,1,0
2021-05-17 05:21:36+00:00,1,1,0
2021-05-17 05:21:52+00:00,1,1,0
2021-05-17 07:46:33+02:00,1,1,0
2021-05-17 09:14:43+02:00,1,1,0
2021-05-17 09:15:43+02:00,1,1,0
2021-05-17 09:16:09+02:00,1,1,0
2021-05-17 07:59:36+00:00,1,1,0
2021-05-17 11:12:11+03:00,17,2,15
2021-05-17 10:41:27+02:00,1,1,0
2021-05-17 11:40:57+02:00,3,2,1
2021-05-17 12:41:44+03:00,2,1,1
2021-05-17 12:53:57+03:00,5,1,4
2021-05-17 13:03:20+03:00,1,1,0
2021-05-17 13:14:13+02:00,1,1,0
2021-05-17 14:45:54+03:00,7,6,1
2021-05-17 14:04:40+02:00,1,1,0
2021-05-17 12:05:13+00:00,1,1,0
2021-05-17 14:31:30+02:00,1,1,0
2021-05-17 15:59:03+03:00,14,17,-3
2021-05-17 16:22:48+03:00,3,2,1
2021-05-17 19:35:32+02:00,8,3,5
2021-05-17 19:37:22+02:00,7,7,0
2021-05-17 19:44:36+02:00,51,5,46
2021-05-17 19:47:57+02:00,6,1,5
2021-05-17 20:58:50+02:00,6,5,1
2021-05-17 21:05:48+02:00,1,1,0
2021-05-18 19:16:25+02:00,1,1,0
2021-05-18 19:33:17+02:00,19,1,18
2021-05-18 20:39:55+02:00,3,2,1
2021-05-18 19:30:36-04:00,9,5,4
2021-05-19 06:20:35+02:00,25,1,24
2021-05-20 01:54:48+07:00,2,2,0
2021-05-20 00:33:33+03:00,19,9,10
2021-05-20 01:10:22+03:00,3,3,0
2021-05-20 06:26:07+02:00,4,2,2
2021-05-20 06:35:34+02:00,56,5,51
2021-05-20 06:43:15+02:00,13,7,6
2021-05-20 11:49:25+07:00,3,2,1
2021-05-20 11:50:15+07:00,11,5,6
2021-05-20 11:56:11+07:00,2,2,0
2021-05-20 11:56:31+07:00,2,2,0
2021-05-20 08:17:08+03:00,1,1,0
2021-05-21 11:18:16+07:00,1,1,0
2021-05-21 07:19:48+02:00,1,1,0
2021-05-21 08:02:30+02:00,28,9,19
2021-05-21 08:06:27+02:00,1,2,-1
2021-05-21 08:17:35+02:00,14,7,7
2021-05-21 08:26:19+02:00,27,19,8
2021-05-21 08:52:56+02:00,1,2,-1
2021-05-21 09:31:16+02:00,3,3,0
2021-05-21 09:32:18+02:00,1,1,0
2021-05-21 11:36:23+03:00,9,1,8
2021-05-21 11:36:23+03:00,39,15,24
2021-05-21 11:36:23+03:00,22,12,10
2021-05-21 12:18:08+03:00,9,3,6
2021-05-21 13:24:13+02:00,1,1,0
2021-05-21 11:27:22-03:00,2,2,0
2021-05-21 16:03:53+01:00,2,2,0
2021-05-21 19:32:16+02:00,10,0,10
2021-05-21 19:49:36+02:00,12,2,10
2021-05-21 20:35:39+02:00,47,3,44
2021-05-21 20:44:11+02:00,1,1,0
2021-05-21 20:53:38+02:00,45,3,42
2021-05-21 20:54:18+02:00,1,2,-1
2021-05-22 10:12:03+02:00,30,1,29
2021-05-22 10:12:23+02:00,18,18,0
2021-05-22 09:17:04+01:00,22,2,20
2021-05-22 10:59:33+02:00,13,2,11
2021-05-22 10:59:33+02:00,2,1,1
2021-05-22 11:52:40+02:00,7,0,7
2021-05-22 11:55:03+02:00,3,0,3
2021-05-22 12:04:24+02:00,25,1,24
2021-05-22 13:26:59+02:00,1,1,0
2021-05-22 13:43:33+02:00,7,4,3
2021-05-22 13:43:48+02:00,6,1,5
2021-05-22 13:57:17+01:00,1,1,0
2021-05-22 15:25:37+02:00,25,29,-4
2021-05-22 15:38:13+02:00,31,29,2
2021-05-22 16:26:58+02:00,1,1,0
2021-05-22 15:54:34+01:00,48,19,29
2021-05-22 17:03:16+02:00,33,27,6
2021-05-22 17:25:23+02:00,4,4,0
2021-05-22 16:54:29+01:00,55,1,54
2021-05-23 09:45:26+03:00,13,4,9
2021-05-23 09:15:36+02:00,8,11,-3
2021-05-23 08:38:27+01:00,125,73,52
2021-05-23 09:42:05+02:00,23,5,18
2021-05-23 14:15:02+02:00,15,9,6
2021-05-23 15:53:54+02:00,1,1,0
2021-05-23 14:56:50+01:00,30,6,24
2021-05-23 16:01:49+02:00,12,2,10
2021-05-23 16:03:11+02:00,6350,2935,3415
2021-05-23 15:32:47+01:00,108,17,91
2021-05-23 18:49:07+02:00,1,1,0
2021-05-24 05:23:55+00:00,1,1,0
2021-05-24 05:24:02+00:00,1,1,0
2021-05-24 05:24:08+00:00,1,1,0
2021-05-24 05:24:17+00:00,1,1,0
2021-05-24 06:46:11+01:00,1,1,0
2021-05-24 07:48:36+02:00,2,1,1
2021-05-24 07:05:34+01:00,1,1,0
2021-05-24 09:40:29+01:00,2,1,1
2021-05-24 09:43:11+01:00,1,1,0
2021-05-24 10:43:48+02:00,5,4,1
2021-05-24 10:31:59+01:00,6,5,1
2021-05-24 11:08:17-03:00,2,2,0
2021-05-24 15:27:23+01:00,2,2,0
2021-05-24 17:01:53+02:00,6,5,1
2021-05-24 18:51:33+02:00,14,5,9
2021-05-25 08:18:14+07:00,1,1,0
2021-05-25 05:27:44+01:00,1,1,0
2021-05-25 18:02:07+02:00,1,0,1
2021-05-25 19:24:56+02:00,7,1,6
2021-05-25 19:33:34+02:00,1,1,0
2021-05-27 07:38:47+02:00,25,3,22
2021-05-27 10:44:35+02:00,7,6,1
2021-05-27 11:10:00+02:00,1,1,0
2021-05-27 11:10:10+02:00,1,1,0
2021-05-27 11:22:22+02:00,2,2,0
2021-05-27 11:24:01+02:00,1,1,0
2021-05-27 11:35:27+02:00,69,31,38
2021-05-27 11:38:28+02:00,1,2,-1
2021-05-27 11:38:28+02:00,29,23,6
2021-05-27 11:38:28+02:00,3,5,-2
2021-05-27 11:38:28+02:00,15,11,4
2021-05-27 11:38:28+02:00,15,10,5
2021-05-27 11:38:28+02:00,1,0,1
2021-05-27 11:38:28+02:00,57,53,4
2021-05-27 11:38:28+02:00,5,3,2
2021-05-27 13:00:05+02:00,1,1,0
2021-05-27 13:08:28+02:00,5,4,1
2021-05-27 13:09:06+02:00,5,4,1
2021-05-27 14:03:39+02:00,114,83,31
2021-05-27 14:22:11+02:00,7,7,0
2021-05-27 14:25:29+02:00,2,5,-3
2021-05-27 14:59:39+02:00,2805,1359,1446
2021-05-27 15:01:58+02:00,3,3,0
2021-05-27 14:19:25+01:00,114,95,19
2021-05-27 14:52:44+01:00,3005,1448,1557
2021-05-27 14:57:36+01:00,12,14,-2
2021-05-27 15:13:48+01:00,3,3,0
2021-05-28 08:26:20+02:00,1,1,0
2021-05-28 08:38:46+02:00,5,17,-12
2021-05-28 07:58:13+01:00,116,88,28
2021-05-28 10:17:26+03:00,13,12,1
2021-05-28 12:40:30+02:00,1,1,0
2021-05-28 13:01:09+02:00,2,2,0
2021-05-28 14:43:57+03:00,4,5,-1
2021-05-28 14:46:22+03:00,1,1,0
2021-05-28 17:03:31+03:00,4,2,2
2021-05-28 17:18:23+03:00,4,3,1
2021-05-28 19:15:03+02:00,2,1,1
2021-05-29 01:16:20+05:18,1,2,-1
2021-05-29 07:11:01+01:00,1,2,-1
2021-05-29 08:12:25+02:00,15,11,4
2021-05-29 08:30:45+02:00,10,1,9
2021-05-29 08:30:55+02:00,14,12,2
2021-05-29 08:30:55+02:00,17,12,5
2021-05-29 08:30:55+02:00,0,1,-1
2021-05-29 09:44:02+01:00,38,22,16
2021-05-29 13:27:08+02:00,39,9,30
2021-05-30 08:43:14+02:00,38,33,5
2021-05-30 11:11:19+03:00,33,9,24
2021-05-30 21:07:44+07:00,2,2,0
2021-05-30 15:19:27+01:00,2,2,0
2021-05-30 16:26:24+02:00,54,78,-24
2021-05-30 15:46:57+01:00,91,110,-19
2021-05-30 16:36:31+01:00,39,9,30
2021-05-30 16:39:33+01:00,1,1,0
2021-05-30 18:44:54+01:00,33,9,24
2021-05-30 20:14:54+02:00,12,0,12
2021-05-30 20:14:54+02:00,8,2,6
2021-05-31 05:18:19+00:00,1,1,0
2021-05-31 05:18:39+00:00,1,1,0
2021-05-31 05:18:49+00:00,1,1,0
2021-05-31 05:18:54+00:00,1,1,0
2021-05-31 07:37:17+01:00,1,1,0
2021-05-31 07:37:56+01:00,1,1,0
2021-05-31 07:38:40+01:00,1,1,0
2021-05-31 07:40:28+01:00,1,1,0
2021-05-31 08:19:14+00:00,1,1,0
2021-05-31 17:38:41+02:00,3,0,3
2021-05-31 16:40:19+01:00,1,1,0
2021-05-31 20:01:40+02:00,31,13,18
2021-06-01 20:08:22+03:00,14,11,3
2021-06-01 20:17:11+03:00,15,12,3
2021-06-01 19:39:41+02:00,3,0,3
2021-06-01 22:24:21+03:00,1,1,0
2021-06-02 06:40:29+01:00,29,23,6
2021-06-02 10:39:49+02:00,10,8,2
2021-06-02 11:06:32+02:00,20,17,3
2021-06-02 11:18:13+02:00,169,163,6
2021-06-02 11:20:26+02:00,124,118,6
2021-06-02 11:30:19+02:00,95,92,3
2021-06-02 11:41:13+02:00,172,177,-5
2021-06-02 11:43:47+02:00,5,11,-6
2021-06-02 16:13:51+02:00,51,85,-34
2021-06-02 18:05:51+01:00,668,661,7
2021-06-02 21:02:21+02:00,11,3,8
2021-06-02 21:33:26+02:00,18,4,14
2021-06-03 05:39:50+01:00,11,3,8
2021-06-03 05:40:38+01:00,18,4,14
2021-06-03 19:20:04+02:00,2,2,0
2021-06-05 09:03:03+02:00,3,3,0
2021-06-05 09:09:39+02:00,84,19,65
2021-06-05 09:09:39+02:00,106,6,100
2021-06-05 15:22:52+02:00,52,30,22
2021-06-06 13:51:42+02:00,2,1,1
2021-06-06 14:16:32+02:00,0,1,-1
2021-06-06 18:19:58+01:00,50,85,-35
2021-06-07 05:21:47+00:00,1,1,0
2021-06-07 05:21:53+00:00,1,1,0
2021-06-07 05:22:00+00:00,1,1,0
2021-06-07 05:22:09+00:00,1,1,0
2021-06-07 05:22:24+00:00,1,1,0
2021-06-07 05:22:30+00:00,1,1,0
2021-06-07 11:25:14+01:00,1,1,0
2021-06-07 11:50:08+01:00,1,1,0
2021-06-07 11:53:55+01:00,1,1,0
2021-06-07 18:05:02+01:00,1,1,0
2021-06-07 18:05:36+01:00,1,1,0
2021-06-07 18:33:35+01:00,1,1,0
2021-06-07 17:34:25+00:00,1,1,0
2021-06-07 18:57:53+01:00,1,1,0
2021-06-07 20:00:30+02:00,2,2,0
2021-06-07 20:19:48+02:00,3,0,3
2021-06-07 21:05:25+02:00,7,7,0
2021-06-07 17:53:19-03:00,16,4,12
2021-06-07 18:15:26-03:00,7,6,1
2021-06-07 18:20:04-03:00,0,1,-1
2021-06-08 02:18:00-03:00,23,16,7
2021-06-08 02:42:55-03:00,14,8,6
2021-06-08 02:57:44-03:00,3,1,2
2021-06-08 20:10:43+02:00,13,10,3
2021-06-08 19:26:57+01:00,47,27,20
2021-06-08 20:35:25+02:00,4,2,2
2021-06-08 21:04:34+02:00,34,25,9
2021-06-08 21:07:16+02:00,17,14,3
2021-06-08 21:09:39+02:00,11,9,2
2021-06-08 21:20:35+02:00,52,52,0
2021-06-08 21:21:29+02:00,2,0,2
2021-06-09 12:03:24-03:00,23,17,6
2021-06-09 19:10:25+01:00,52,19,33
2021-06-09 20:23:17+02:00,36,38,-2
2021-06-10 06:21:10+02:00,0,6,-6
2021-06-10 05:31:14+01:00,132,124,8
2021-06-10 15:54:32+00:00,1,1,0
2021-06-10 17:58:53+01:00,1,1,0
2021-06-12 09:03:55+02:00,10,3,7
2021-06-13 11:06:34+02:00,33,6,27
2021-06-13 11:20:22+02:00,1,1,0
2021-06-13 11:24:24+02:00,9,9,0
2021-06-13 11:34:44+02:00,4,1,3
2021-06-13 11:47:18+02:00,6,20,-14
2021-06-13 14:44:32+01:00,10,21,-11
2021-06-13 20:04:24+02:00,9992,4890,5102
2021-06-13 20:23:32+02:00,17,19,-2
2021-06-13 20:34:08+02:00,22,43,-21
2021-06-13 20:39:25+02:00,8,8,0
2021-06-13 21:42:09+02:00,3,0,3
2021-06-14 05:10:56+01:00,3,0,3
2021-06-14 05:18:54+00:00,1,1,0
2021-06-14 05:19:16+00:00,1,1,0
2021-06-14 05:19:23+00:00,1,1,0
2021-06-14 05:19:33+00:00,1,1,0
2021-06-14 09:16:39+01:00,1,1,0
2021-06-14 09:50:40+01:00,1,1,0
2021-06-14 09:51:17+01:00,1,1,0
2021-06-14 08:52:42+00:00,1,1,0
2021-06-14 11:39:11+01:00,1,1,0
2021-06-14 19:18:42+02:00,16,8,8
2021-06-14 19:57:24+02:00,28,20,8
2021-06-14 19:03:46+01:00,17,9,8
2021-06-15 09:05:36+03:00,65,2,63
2021-06-15 09:05:36+03:00,10,8,2
2021-06-16 11:40:55+02:00,5,7,-2
2021-06-16 20:17:44+01:00,1,1,0
2021-06-17 06:48:41+02:00,6,5,1
2021-06-17 06:57:35+02:00,4,2,2
2021-06-17 08:54:48+01:00,5,7,-2
2021-06-17 18:41:00+01:00,74,8,66
2021-06-17 19:46:15+02:00,135,50,85
2021-06-17 19:50:49+02:00,3,2,1
2021-06-17 20:15:53+02:00,14,56,-42
2021-06-17 20:24:20+02:00,1849,1478,371
2021-06-17 20:24:36+02:00,1849,1478,371
2021-06-17 20:33:21+02:00,2,1,1
2021-06-17 20:35:02+02:00,63,3,60
2021-06-17 22:41:49+02:00,2,5,-3
2021-06-18 09:48:59+02:00,1,1,0
2021-06-18 19:55:53+02:00,9,8,1
2021-06-18 21:06:58+02:00,1,59,-58
2021-06-18 22:03:04+02:00,2,2,0
2021-06-19 07:42:15+01:00,13,6,7
2021-06-19 09:07:42+02:00,29,6,23
2021-06-19 09:31:34+02:00,39,24,15
2021-06-19 16:49:54+02:00,7,2,5
2021-06-19 19:32:29+02:00,27,6,21
2021-06-19 19:37:27+02:00,2,1,1
2021-06-19 18:50:59+01:00,127,64,63
2021-06-19 20:30:51+02:00,1,2,-1
2021-06-20 09:37:32+02:00,11,73,-62
2021-06-20 10:36:18+02:00,16,0,16
2021-06-21 03:00:59+00:00,1,1,0
2021-06-21 03:01:06+00:00,1,1,0
2021-06-21 03:01:17+00:00,1,1,0
2021-06-21 03:01:21+00:00,1,1,0
2021-06-21 03:01:22+00:00,1,1,0
2021-06-21 05:19:32+01:00,1,1,0
2021-06-21 05:20:07+01:00,1,1,0
2021-06-21 05:20:46+01:00,1,1,0
2021-06-21 04:25:59+00:00,1,1,0
2021-06-21 05:28:36+01:00,1,1,0
2021-06-21 04:35:56+00:00,1,1,0
2021-06-21 08:04:49+02:00,1,1,0
2021-06-21 08:05:19+02:00,1,1,0
2021-06-21 06:06:08+00:00,1,1,0
2021-06-21 15:08:24+02:00,1,1,0
2021-06-22 12:20:12+03:00,4,1,3
2021-06-22 12:22:19+03:00,2,3,-1
2021-06-22 14:59:43+02:00,1,1,0
2021-06-22 15:56:02+02:00,1,1,0
2021-06-22 19:46:48+02:00,1,1,0
2021-06-23 07:30:08+03:00,1,1,0
2021-06-23 18:27:49+02:00,4,2,2
2021-06-24 18:17:40+02:00,2,2,0
2021-06-24 18:18:01+02:00,3,0,3
2021-06-24 18:44:59+02:00,1,1,0
2021-06-24 22:53:27+02:00,69,0,69
2021-06-24 22:53:46+02:00,12,2,10
2021-06-24 23:09:06+02:00,4,0,4
2021-06-25 10:43:40+01:00,2,2,0
2021-06-25 10:53:52+01:00,2,2,0
2021-06-25 19:07:51+04:18,1,1,0
2021-06-25 17:49:35+02:00,3,3,0
2021-06-25 18:04:36+02:00,1,1,0
2021-06-25 20:30:44+04:18,1,1,0
2021-06-25 18:24:10+02:00,2,4,-2
2021-06-25 18:26:01+02:00,217,29,188
2021-06-25 18:27:40+02:00,1,1,0
2021-06-25 21:58:04+05:18,33,33,0
2021-06-25 19:10:39+02:00,33,33,0
2021-06-25 23:44:16+05:18,30,21,9
2021-06-25 20:36:39+02:00,40,57,-17
2021-06-25 20:37:17+02:00,5,19,-14
2021-06-25 20:45:53+02:00,11,10,1
2021-06-25 20:52:34+02:00,24,5,19
2021-06-25 20:53:54+02:00,30,21,9
2021-06-26 08:13:31+02:00,1,1,0
2021-06-26 08:19:37+02:00,15,14,1
2021-06-26 14:00:55+02:00,1,1,0
2021-06-26 14:01:23+02:00,1,1,0
2021-06-26 14:41:13+02:00,2403,1812,591
2021-06-26 14:44:51+02:00,2,0,2
2021-06-26 14:56:10+02:00,90,100,-10
2021-06-26 16:06:13+02:00,29,47,-18
2021-06-26 16:39:01+02:00,27,32,-5
2021-06-26 17:03:51+02:00,55,30,25
2021-06-26 17:11:15+02:00,37,29,8
2021-06-26 17:28:37+02:00,17,6,11
2021-06-26 17:55:31+02:00,27,37,-10
2021-06-26 20:09:52+02:00,1,2,-1
2021-06-26 20:46:54+02:00,3,1,2
2021-06-27 11:30:50+02:00,184,173,11
2021-06-28 03:01:06+00:00,1,1,0
2021-06-28 03:01:09+00:00,1,1,0
2021-06-28 03:01:17+00:00,1,1,0
2021-06-28 03:01:30+00:00,1,1,0
2021-06-28 03:01:33+00:00,1,1,0
2021-06-28 06:47:15+02:00,1,1,0
2021-06-28 04:47:43+00:00,1,1,0
2021-06-28 06:47:55+02:00,1,1,0
2021-06-28 04:48:13+00:00,1,1,0
2021-06-28 04:48:41+00:00,1,1,0
2021-06-28 04:48:44+00:00,1,1,0
2021-06-28 06:49:11+02:00,1,1,0
2021-06-28 06:51:30+02:00,1,1,0
2021-06-28 04:52:05+00:00,1,1,0
2021-06-28 04:52:20+00:00,1,1,0
2021-06-28 10:02:29+02:00,1,1,0
2021-06-28 10:03:00+02:00,1,1,0
2021-06-28 10:03:31+02:00,1,1,0
2021-06-28 08:04:03+00:00,1,1,0
2021-06-28 10:05:24+02:00,1,1,0
2021-06-28 10:05:41+02:00,1,1,0
2021-06-28 08:07:05+00:00,1,1,0
2021-06-28 10:20:34+02:00,5,0,5
2021-06-28 10:54:54+02:00,3,2,1
2021-06-28 13:18:40+02:00,1,1,0
2021-06-28 13:18:54+02:00,1,1,0
2021-06-28 11:19:46+00:00,1,1,0
2021-06-28 13:45:48+02:00,1,1,0
2021-06-28 17:05:12+02:00,4,6,-2
2021-06-28 19:28:23+02:00,1,1,0
2021-06-28 19:44:07+02:00,1,1,0
2021-06-28 19:44:15+02:00,2,0,2
2021-06-28 23:42:09+03:00,3,3,0
2021-06-29 06:39:46+02:00,3,3,0
2021-06-29 06:50:47+02:00,28,3,25
2021-06-29 06:50:47+02:00,38,2,36
2021-06-29 06:50:47+02:00,10,6,4
2021-06-29 06:50:47+02:00,2,2,0
2021-06-29 06:50:47+02:00,41,9,32
2021-06-29 06:50:47+02:00,146,137,9
2021-06-29 06:50:47+02:00,55,0,55
2021-06-29 06:50:47+02:00,2,2,0
2021-06-29 06:50:47+02:00,5,5,0
2021-06-29 06:50:47+02:00,79,18,61
2021-06-29 06:50:47+02:00,14,10,4
2021-06-29 06:50:47+02:00,9,8,1
2021-06-29 07:07:34+02:00,18,1,17
2021-06-29 11:24:49+02:00,2,3,-1
2021-06-29 16:49:17+02:00,3,0,3
2021-06-29 20:51:25+02:00,27,12,15
2021-06-29 20:51:29+02:00,9,4,5
2021-06-29 20:51:29+02:00,14,7,7
2021-06-29 20:57:16+02:00,1,0,1
2021-06-30 06:33:40+02:00,50,3,47
2021-06-30 06:55:10+02:00,50,5,45
2021-06-30 07:05:20+02:00,25,7,18
2021-06-30 09:10:50+03:00,24,4,20
2021-06-30 19:48:34+02:00,5,4,1
2021-06-30 19:53:36+02:00,3,2,1
2021-06-30 20:11:11+02:00,3,1,2
2021-06-30 20:21:33+02:00,4,2,2
2021-07-01 03:02:05+00:00,1,1,0
2021-07-01 06:17:49+02:00,1,1,0
2021-07-02 06:45:52+02:00,1,1,0
2021-07-02 20:52:25+02:00,3,0,3
2021-07-03 08:22:21+02:00,6,4,2
2021-07-03 08:38:55+02:00,21,1,20
2021-07-03 08:39:30+02:00,26,4,22
2021-07-03 11:39:14+02:00,69,2,67
2021-07-03 11:47:17+02:00,13,23,-10
2021-07-03 11:49:05+02:00,1,1,0
2021-07-03 16:02:45+03:00,51,5,46
2021-07-03 15:45:00+02:00,1,1,0
2021-07-03 16:00:24+02:00,51,5,46
2021-07-03 23:58:04+07:00,47,13,34
2021-07-04 01:46:51+07:00,3,1,2
2021-07-04 02:20:53+07:00,5,1,4
2021-07-04 02:44:48+07:00,21,7,14
2021-07-04 02:56:05+07:00,3,3,0
2021-07-04 03:08:29+07:00,2,1,1
2021-07-04 10:15:19+02:00,7,3,4
2021-07-04 10:50:10+02:00,0,15,-15
2021-07-04 11:16:33+02:00,17,6,11
2021-07-04 11:40:45+02:00,41,23,18
2021-07-04 13:56:52+02:00,589,180,409
2021-07-04 14:02:11+02:00,3,3,0
2021-07-04 14:38:17+02:00,3,0,3
2021-07-04 15:56:55+02:00,42,1,41
2021-07-04 21:08:46+07:00,1,3,-2
2021-07-04 21:59:59+07:00,4,4,0
2021-07-04 22:04:39+07:00,2,1,1
2021-07-04 19:50:44+02:00,35,2,33
2021-07-04 20:00:44+02:00,78,1,77
2021-07-04 20:46:24+02:00,32,3,29
2021-07-04 21:08:42+02:00,4,4,0
2021-07-05 03:01:11+00:00,1,1,0
2021-07-05 03:01:18+00:00,1,1,0
2021-07-05 03:01:24+00:00,1,1,0
2021-07-05 03:01:28+00:00,1,1,0
2021-07-05 06:28:56+02:00,1,1,0
2021-07-05 06:29:19+02:00,1,1,0
2021-07-05 06:29:39+02:00,1,1,0
2021-07-05 06:29:58+02:00,1,1,0
2021-07-05 04:30:54+00:00,1,1,0
2021-07-05 04:31:00+00:00,1,1,0
2021-07-05 06:56:35+02:00,22,8,14
2021-07-05 07:06:28+02:00,1,1,0
2021-07-05 10:39:22+02:00,12,12,0
2021-07-05 12:50:56+02:00,57,3,54
2021-07-05 19:45:35+02:00,13,13,0
2021-07-05 19:51:14+02:00,5,5,0
2021-07-05 19:56:03+02:00,1,1,0
2021-07-05 20:59:27+02:00,96,2,94
2021-07-06 07:20:05+02:00,20,0,20
2021-07-06 19:36:42+07:00,16,10,6
2021-07-06 19:47:18+07:00,789,234,555
2021-07-06 19:48:28+02:00,19,2,17
2021-07-06 19:48:28+02:00,1,1,0
2021-07-06 19:48:28+02:00,6,4,2
2021-07-06 19:48:28+02:00,43,10,33
2021-07-06 19:48:28+02:00,5,3,2
2021-07-06 19:48:28+02:00,113,9,104
2021-07-06 19:48:28+02:00,24,6,18
2021-07-06 19:48:28+02:00,50,14,36
2021-07-06 19:48:28+02:00,14,9,5
2021-07-06 19:48:28+02:00,56,3,53
2021-07-06 19:48:28+02:00,3,0,3
2021-07-06 19:48:28+02:00,6,3,3
2021-07-06 19:48:28+02:00,53,28,25
2021-07-06 19:48:28+02:00,15,1,14
2021-07-06 19:48:28+02:00,155,132,23
2021-07-06 19:48:28+02:00,69,3,66
2021-07-06 19:48:28+02:00,2,2,0
2021-07-06 19:48:28+02:00,13,15,-2
2021-07-06 19:48:28+02:00,30,1,29
2021-07-06 19:48:28+02:00,1,1,0
2021-07-06 19:48:28+02:00,3,2,1
2021-07-06 19:48:28+02:00,18,17,1
2021-07-06 19:48:28+02:00,33,9,24
2021-07-06 19:48:28+02:00,42,0,42
2021-07-06 20:29:04+02:00,2,0,2
2021-07-06 21:04:52+02:00,36,1,35
2021-07-06 22:47:39+02:00,9,4,5
2021-07-07 06:46:51+00:00,110,1,109
2021-07-07 09:46:05+02:00,8,1,7
2021-07-07 07:54:17+00:00,18,0,18
2021-07-07 08:11:13+00:00,2,2,0
2021-07-07 11:28:35+02:00,9,5,4
2021-07-07 11:48:26+02:00,25,0,25
2021-07-07 12:06:55+02:00,25,1,24
2021-07-07 21:24:44+07:00,3,3,0
2021-07-07 22:10:22+07:00,2,1,1
2021-07-07 20:05:56+02:00,13,4,9
2021-07-07 20:22:04+02:00,74,18,56
2021-07-07 20:29:52+02:00,1,1,0
2021-07-07 20:29:55+02:00,4,2,2
2021-07-07 20:43:37+02:00,17,7,10
2021-07-07 21:06:23+02:00,109,4,105
2021-07-08 07:02:40+02:00,4,4,0
2021-07-08 07:07:56+02:00,1,0,1
2021-07-08 07:22:37+02:00,234,4,230
2021-07-08 13:42:52+07:00,2,2,0
2021-07-08 19:25:32+07:00,13,4,9
2021-07-08 20:04:47+02:00,8,3,5
2021-07-08 20:29:06+02:00,2,2,0
2021-07-09 07:06:14+02:00,17,7,10
2021-07-09 07:20:43+02:00,1,0,1
2021-07-09 20:46:38+02:00,6,5,1
2021-07-10 10:01:15+02:00,0,1,-1
2021-07-10 10:02:05+02:00,1,1,0
2021-07-10 10:21:25+02:00,26,3,23
2021-07-10 10:59:00+02:00,3,5,-2
2021-07-10 11:20:21+02:00,23,19,4
2021-07-11 11:13:27+02:00,11,19,-8
2021-07-11 12:38:58+03:00,136,19,117
2021-07-11 14:11:41+02:00,37,5,32
2021-07-11 19:45:43+02:00,169,20,149
2021-07-11 21:01:12+02:00,4,0,4
2021-07-12 03:01:29+00:00,1,1,0
2021-07-12 03:01:34+00:00,1,1,0
2021-07-12 03:01:38+00:00,1,1,0
2021-07-12 06:38:01+02:00,1,1,0
2021-07-12 06:40:10+02:00,1,1,0
2021-07-12 06:52:59+02:00,19,0,19
2021-07-12 06:54:06+02:00,30,3,27
2021-07-12 06:54:06+02:00,18,9,9
2021-07-12 06:54:06+02:00,14,6,8
2021-07-12 07:11:56+02:00,17,1,16
2021-07-12 12:02:10+00:00,15,0,15
2021-07-12 12:08:01+00:00,4,4,0
2021-07-12 12:27:59+00:00,1,1,0
2021-07-12 12:28:34+00:00,16,1,15
2021-07-12 12:31:13+00:00,4,4,0
2021-07-12 15:10:36+02:00,1,1,0
2021-07-12 13:22:36+00:00,4,5,-1
2021-07-12 13:24:38+00:00,0,0,0
2021-07-12 20:48:41+02:00,34,5,29
2021-07-12 23:05:35-06:00,5,0,5
2021-07-13 20:40:06+02:00,1,1,0
2021-07-13 19:39:23-06:00,56,51,5
2021-07-14 06:45:48+02:00,78,18,60
2021-07-14 06:50:14+02:00,2,2,0
2021-07-14 20:51:42+02:00,2,0,2
2021-07-14 20:55:11+02:00,34,8,26
2021-07-14 21:03:57+02:00,8,3,5
2021-07-14 21:10:25+02:00,25,0,25
2021-07-14 19:20:12-06:00,33,6,27
2021-07-14 19:25:51-06:00,10,30,-20
2021-07-14 20:01:43-06:00,2,0,2
2021-07-15 01:03:32-06:00,2,15,-13
2021-07-15 12:13:47+02:00,37,41,-4
2021-07-15 19:48:16+02:00,14,43,-29
2021-07-15 20:12:44+02:00,12,6,6
2021-07-16 02:03:25-06:00,10,2,8
2021-07-16 02:05:08-06:00,131,104,27
2021-07-16 02:08:44-06:00,0,0,0
2021-07-16 12:08:37+02:00,64,51,13
2021-07-16 19:19:28+02:00,73,9,64
2021-07-16 19:57:49+02:00,12,9,3
2021-07-17 09:21:03+03:00,2,1,1
2021-07-17 08:44:22+02:00,2,1,1
2021-07-17 22:51:20-06:00,77,105,-28
2021-07-18 00:00:18-06:00,5,2,3
2021-07-18 10:25:24+02:00,118,19,99
2021-07-18 10:25:24+02:00,4,6,-2
2021-07-18 10:48:55+02:00,595,34,561
2021-07-18 11:06:14+02:00,1,1,0
2021-07-18 11:06:41+02:00,21,17,4
2021-07-18 19:33:25+02:00,1,1,0
2021-07-19 00:25:24+03:00,17,6,11
2021-07-19 00:47:51+03:00,5,3,2
2021-07-19 03:00:56+00:00,1,1,0
2021-07-19 03:01:00+00:00,1,1,0
2021-07-19 03:01:04+00:00,1,1,0
2021-07-19 03:01:10+00:00,1,1,0
2021-07-19 03:01:13+00:00,1,1,0
2021-07-19 03:01:19+00:00,1,1,0
2021-07-19 06:40:35+02:00,1,1,0
2021-07-19 06:40:54+02:00,1,1,0
2021-07-19 04:41:25+00:00,1,1,0
2021-07-19 06:44:32+02:00,1,1,0
2021-07-19 06:46:21+02:00,1,1,0
2021-07-19 06:46:36+02:00,1,1,0
2021-07-19 04:47:28+00:00,1,1,0
2021-07-19 07:01:48+02:00,1,1,0
2021-07-19 08:06:23+02:00,1,1,0
2021-07-19 19:36:24+02:00,6,3,3
2021-07-19 11:37:52-06:00,10,10,0
2021-07-19 20:08:34+02:00,7,4,3
2021-07-20 04:58:20+07:00,25,10,15
2021-07-20 05:04:25+07:00,3,3,0
2021-07-19 16:25:36-06:00,15,12,3
2021-07-20 06:54:47+02:00,80,105,-25
2021-07-20 07:04:08+02:00,15,12,3
2021-07-20 16:14:48+07:00,19,13,6
2021-07-20 16:22:04+07:00,22,22,0
2021-07-20 16:39:20+07:00,26,0,26
2021-07-20 19:08:14+07:00,148,142,6
2021-07-20 19:19:46+07:00,2488,636,1852
2021-07-20 20:23:47+07:00,4,0,4
2021-07-20 20:40:32+07:00,9,2,7
2021-07-20 23:25:00+07:00,238,218,20
2021-07-20 23:40:32+07:00,24,26,-2
2021-07-20 23:56:03+07:00,36,10,26
2021-07-21 00:48:03+07:00,0,0,0
2021-07-21 00:09:09+03:00,2,2,0
2021-07-21 00:09:35+03:00,110,129,-19
2021-07-21 20:05:35+07:00,47,47,0
2021-07-21 20:19:56+07:00,2,2,0
2021-07-22 01:53:15+07:00,115,94,21
2021-07-22 02:00:51+07:00,3,1,2
2021-07-22 02:11:54+07:00,1,1,0
2021-07-22 02:23:34+07:00,6,1,5
2021-07-22 02:34:20+07:00,2,2,0
2021-07-22 13:09:05+07:00,3,0,3
2021-07-22 14:16:50+02:00,39,39,0
2021-07-23 01:16:10+07:00,1,1,0
2021-07-23 01:16:24+07:00,1,1,0
2021-07-22 20:21:04+02:00,2,2,0
2021-07-23 01:25:15+07:00,8,3,5
2021-07-23 09:31:51+07:00,3,0,3
2021-07-23 11:42:43+07:00,236,229,7
2021-07-23 18:30:25+07:00,5,5,0
2021-07-23 18:34:18+07:00,69,69,0
2021-07-23 18:39:18+07:00,30,30,0
2021-07-23 18:41:29+07:00,23,23,0
2021-07-23 20:43:27+07:00,1,1,0
2021-07-23 21:06:38+07:00,0,1,-1
2021-07-23 21:20:32+07:00,0,0,0
2021-07-23 16:32:30-04:00,2,2,0
2021-07-24 17:14:54-06:00,6,3,3
2021-07-25 07:24:55+00:00,26,139,-113
2021-07-25 02:37:56-05:00,1766,423,1343
2021-07-25 15:54:49+02:00,5,2,3
2021-07-25 16:13:04-06:00,4,7,-3
2021-07-26 03:00:57+00:00,1,1,0
2021-07-26 03:01:05+00:00,1,1,0
2021-07-26 03:01:16+00:00,1,1,0
2021-07-26 03:01:20+00:00,1,1,0
2021-07-26 03:01:25+00:00,1,1,0
2021-07-26 18:12:36+02:00,4,4,0
2021-07-26 18:16:46+02:00,1,1,0
2021-07-26 18:17:50+02:00,1,1,0
2021-07-26 23:09:46-06:00,101,43,58
2021-07-26 23:09:46-06:00,25,11,14
2021-07-26 23:09:46-06:00,60,47,13
2021-07-26 23:09:46-06:00,26,21,5
2021-07-26 23:09:46-06:00,197,39,158
2021-07-26 23:09:46-06:00,50,24,26
2021-07-26 23:09:46-06:00,805,134,671
2021-07-26 23:09:46-06:00,134,37,97
2021-07-26 23:09:46-06:00,3,3,0
2021-07-26 23:09:46-06:00,48,34,14
2021-07-26 23:09:46-06:00,1012,705,307
2021-07-26 23:09:46-06:00,25,12,13
2021-07-26 23:09:46-06:00,19,20,-1
2021-07-26 23:09:46-06:00,55,52,3
2021-07-26 23:09:46-06:00,67,59,8
2021-07-26 23:09:46-06:00,855,137,718
2021-07-26 23:09:46-06:00,59,50,9
2021-07-26 23:09:46-06:00,777,876,-99
2021-07-26 23:09:46-06:00,8,13,-5
2021-07-26 23:09:46-06:00,2,0,2
2021-07-26 23:09:46-06:00,0,19,-19
2021-07-26 23:09:46-06:00,28,31,-3
2021-07-26 23:09:46-06:00,1,8,-7
2021-07-26 23:09:46-06:00,91,48,43
2021-07-26 23:09:46-06:00,36,36,0
2021-07-26 23:09:46-06:00,46,6,40
2021-07-26 23:09:46-06:00,8,4,4
2021-07-26 23:09:46-06:00,1,1,0
2021-07-26 23:09:46-06:00,4,1,3
2021-07-26 23:09:46-06:00,3,0,3
2021-07-26 23:09:46-06:00,6,6,0
2021-07-26 23:09:47-06:00,5,7,-2
2021-07-26 23:09:47-06:00,2,19,-17
2021-07-26 23:09:47-06:00,16,22,-6
2021-07-26 23:09:47-06:00,135,115,20
2021-07-26 23:09:47-06:00,23,7,16
2021-07-26 23:09:47-06:00,62,37,25
2021-07-26 23:09:47-06:00,208,212,-4
2021-07-26 23:09:47-06:00,169,80,89
2021-07-26 23:09:47-06:00,2,1,1
2021-07-26 23:09:47-06:00,3,2,1
2021-07-26 23:09:47-06:00,1,1,0
2021-07-26 23:09:47-06:00,18,0,18
2021-07-26 23:09:47-06:00,967,1696,-729
2021-07-26 23:09:47-06:00,47,47,0
2021-07-26 23:09:47-06:00,65,21,44
2021-07-27 07:38:42+02:00,1,1,0
2021-07-27 05:39:35+00:00,1,1,0
2021-07-27 08:37:37+02:00,1,1,0
2021-07-27 19:24:24+02:00,1,1,0
2021-07-27 19:26:50+02:00,5,2,3
2021-07-27 19:27:11+02:00,1,1,0
2021-07-27 20:01:41+02:00,39,39,0
2021-07-28 12:25:55-06:00,101,43,58
2021-07-28 12:25:55-06:00,25,11,14
2021-07-28 12:25:55-06:00,60,47,13
2021-07-28 12:25:55-06:00,26,21,5
2021-07-28 12:25:55-06:00,197,39,158
2021-07-28 12:25:55-06:00,50,24,26
2021-07-28 12:25:55-06:00,805,134,671
2021-07-28 12:25:55-06:00,134,37,97
2021-07-28 12:25:55-06:00,3,3,0
2021-07-28 12:25:55-06:00,48,34,14
2021-07-28 12:25:55-06:00,1012,705,307
2021-07-28 12:25:55-06:00,25,12,13
2021-07-28 12:25:55-06:00,19,20,-1
2021-07-28 12:25:55-06:00,55,52,3
2021-07-28 12:25:55-06:00,67,59,8
2021-07-28 12:25:55-06:00,855,137,718
2021-07-28 12:25:55-06:00,59,50,9
2021-07-28 12:25:55-06:00,777,876,-99
2021-07-28 12:25:55-06:00,8,13,-5
2021-07-28 12:25:55-06:00,2,0,2
2021-07-28 12:25:55-06:00,0,19,-19
2021-07-28 12:25:55-06:00,28,31,-3
2021-07-28 12:25:55-06:00,1,8,-7
2021-07-28 12:25:55-06:00,91,48,43
2021-07-28 12:25:55-06:00,36,36,0
2021-07-28 12:25:55-06:00,46,6,40
2021-07-28 12:25:55-06:00,8,4,4
2021-07-28 12:25:55-06:00,1,1,0
2021-07-28 12:25:55-06:00,4,1,3
2021-07-28 12:25:55-06:00,3,0,3
2021-07-28 12:25:55-06:00,6,6,0
2021-07-28 12:25:55-06:00,5,7,-2
2021-07-28 12:25:55-06:00,2,19,-17
2021-07-28 12:25:55-06:00,16,22,-6
2021-07-28 12:25:55-06:00,135,115,20
2021-07-28 12:25:55-06:00,23,7,16
2021-07-28 12:25:55-06:00,62,37,25
2021-07-28 12:25:56-06:00,208,212,-4
2021-07-28 12:25:56-06:00,169,80,89
2021-07-28 12:25:56-06:00,2,1,1
2021-07-28 12:25:56-06:00,3,2,1
2021-07-28 12:25:56-06:00,1,1,0
2021-07-28 12:25:56-06:00,18,0,18
2021-07-28 12:25:56-06:00,967,1696,-729
2021-07-28 12:25:56-06:00,47,47,0
2021-07-28 12:25:56-06:00,65,21,44
2021-07-28 14:55:06-06:00,200,143,57
2021-07-29 06:56:37+02:00,5,4,1
2021-07-29 07:13:42+02:00,5,4,1
2021-07-29 19:48:36+02:00,20,77,-57
2021-07-29 19:49:04+02:00,1,1,0
2021-07-29 19:49:19+02:00,1,1,0
2021-07-29 20:35:10+02:00,2923,1045,1878
2021-07-29 20:43:40+02:00,21,8,13
2021-07-30 07:01:26+02:00,21,17,4
2021-07-30 07:14:35+02:00,0,7,-7
2021-07-30 08:23:11+02:00,261,115,146
2021-07-30 21:02:55+02:00,1,1,0
2021-07-30 21:04:04+02:00,1,7,-6
2021-07-30 21:23:09+02:00,9,8,1
2021-07-31 00:12:53-06:00,25,62,-37
2021-07-31 00:20:25-06:00,38,23,15
2021-07-31 08:44:09+02:00,7,0,7
2021-07-31 08:45:04+02:00,3,4,-1
2021-07-31 01:05:37-06:00,29,2,27
2021-07-31 01:19:11-06:00,15,1,14
2021-07-31 01:22:48-06:00,0,14,-14
2021-07-31 10:00:24+02:00,2,2,0
2021-07-31 16:36:28+02:00,8,102,-94
2021-07-31 19:26:56+02:00,131,15,116
2021-07-31 20:44:49-06:00,389,161,228
2021-08-01 10:31:35+02:00,1,1,0
2021-08-01 03:01:47-06:00,41,110,-69
2021-08-01 13:36:40+02:00,320,161,159
2021-08-01 19:17:52+02:00,2,0,2
2021-08-02 02:49:49+00:00,11,9,2
2021-08-02 03:01:13+00:00,1,1,0
2021-08-02 03:01:19+00:00,1,1,0
2021-08-02 03:01:25+00:00,1,1,0
2021-08-02 03:01:30+00:00,1,1,0
2021-08-02 03:01:35+00:00,1,1,0
2021-08-02 03:01:38+00:00,1,1,0
2021-08-02 06:29:09+02:00,1,1,0
2021-08-02 06:29:42+02:00,1,1,0
2021-08-02 06:29:57+02:00,1,1,0
2021-08-02 06:30:14+02:00,1,1,0
2021-08-02 06:31:22+02:00,1,1,0
2021-08-02 07:15:09+02:00,16,3,13
2021-08-02 08:03:44+02:00,1,1,0
2021-08-02 08:06:36+02:00,38,9,29
2021-08-02 08:31:33+02:00,1,1,0
2021-08-02 20:11:09+02:00,200,143,57
2021-08-02 20:30:46+02:00,26,7,19
2021-08-02 20:48:23+02:00,131,15,116
2021-08-02 21:12:10+02:00,6,5,1
2021-08-02 21:17:56+02:00,11,10,1
2021-08-03 07:21:11+02:00,2,1,1
2021-08-02 23:58:44-06:00,830,590,240
2021-08-03 00:23:21-06:00,1,1,0
2021-08-03 10:25:59+02:00,1,1,0
2021-08-03 15:57:23-04:00,222,1,221
2021-08-03 15:57:23-04:00,5,74,-69
2021-08-03 15:57:23-04:00,13,28,-15
2021-08-03 16:02:10-04:00,22,35,-13
2021-08-03 16:19:29-04:00,5,16,-11
2021-08-03 16:25:18-04:00,7,6,1
2021-08-03 16:35:16-04:00,0,2,-2
2021-08-03 16:39:35-04:00,1,2,-1
2021-08-03 16:54:28-04:00,15,23,-8
2021-08-03 17:03:27-04:00,2,2,0
2021-08-03 17:09:52-04:00,0,30,-30
2021-08-04 06:46:21+02:00,44,3,41
2021-08-04 06:49:53+02:00,0,27,-27
2021-08-04 06:50:14+02:00,3,0,3
2021-08-04 06:50:14+02:00,37,8,29
2021-08-04 06:50:14+02:00,10,7,3
2021-08-04 06:57:36+02:00,1571,194,1377
2021-08-04 07:17:29+02:00,2,0,2
2021-08-04 07:17:35+02:00,89,1,88
2021-08-04 19:43:16+02:00,101,68,33
2021-08-04 20:01:28+02:00,23,3,20
2021-08-04 20:21:56+02:00,3,3,0
2021-08-04 20:52:56+02:00,61,21,40
2021-08-04 18:32:39-04:00,9,0,9
2021-08-04 18:47:14-04:00,0,23,-23
2021-08-04 18:54:17-04:00,17,0,17
2021-08-04 19:09:55-04:00,5,2,3
2021-08-04 23:09:40-04:00,9,1,8
2021-08-05 20:33:15+07:00,1,1,0
2021-08-05 19:27:00+02:00,1,1,0
2021-08-05 19:27:38+02:00,2,2,0
2021-08-05 17:57:45-04:00,64,0,64
2021-08-05 18:00:31-04:00,1,1,0
2021-08-05 18:16:16-04:00,16,6,10
2021-08-05 18:21:31-04:00,46,32,14
2021-08-05 23:29:26-06:00,37,0,37
2021-08-06 01:23:55-06:00,12,0,12
2021-08-06 01:37:34-06:00,1,0,1
2021-08-06 16:35:39-06:00,104,104,0
2021-08-06 18:12:53-06:00,106,106,0
2021-08-06 19:30:31-06:00,50,0,50
2021-08-07 09:29:58+02:00,104,104,0
2021-08-07 09:42:05+02:00,316,98,218
2021-08-07 09:42:25+02:00,422,204,218
2021-08-07 01:43:56-06:00,316,98,218
2021-08-07 16:01:20+02:00,5,1,4
2021-08-07 16:15:42+02:00,1,0,1
2021-08-07 18:47:03-06:00,0,23,-23
2021-08-07 20:08:52-06:00,1,0,1
2021-08-08 01:36:59-06:00,0,3,-3
2021-08-08 09:48:11+02:00,25,0,25
2021-08-08 09:50:50+02:00,4,3,1
2021-08-08 10:06:35+02:00,174,176,-2
2021-08-08 10:22:45+02:00,250,398,-148
2021-08-08 10:57:20+02:00,1,0,1
2021-08-08 11:02:54+02:00,8,20,-12
2021-08-08 12:42:52+02:00,400,562,-162
2021-08-08 17:04:24-06:00,23,18,5
2021-08-08 17:09:17-06:00,148,123,25
2021-08-09 03:01:19+00:00,1,1,0
2021-08-09 03:01:25+00:00,1,1,0
2021-08-09 03:01:27+00:00,1,1,0
2021-08-09 06:16:05+02:00,1,1,0
2021-08-09 06:16:35+02:00,1,1,0
2021-08-09 06:20:28+02:00,1,1,0
2021-08-09 06:37:14+02:00,23,18,5
2021-08-09 04:47:41+00:00,1,1,0
2021-08-09 07:04:18+02:00,7,37,-30
2021-08-09 07:10:46+02:00,1,1,0
2021-08-08 23:24:03-06:00,196,6,190
2021-08-08 23:24:03-06:00,13,3,10
2021-08-08 23:24:03-06:00,85,58,27
2021-08-08 23:24:03-06:00,4,173,-169
2021-08-08 23:24:03-06:00,9,1,8
2021-08-09 05:24:31+00:00,1,1,0
2021-08-08 23:24:38-06:00,36,8,28
2021-08-09 00:00:50-06:00,69,31,38
2021-08-09 00:24:25-06:00,22,17,5
2021-08-09 10:43:35+02:00,1,1,0
2021-08-09 11:18:18+02:00,5,0,5
2021-08-09 11:35:27+02:00,27,55,-28
2021-08-09 11:58:08+02:00,157,122,35
2021-08-09 14:21:59+02:00,1,1,0
2021-08-09 14:43:35+02:00,1,1,0
2021-08-09 14:53:18+02:00,34,33,1
2021-08-09 14:54:47+02:00,17,5,12
2021-08-09 15:08:14+02:00,2,2,0
2021-08-09 15:25:12+02:00,17,5,12
2021-08-09 15:42:17+02:00,4,4,0
2021-08-09 19:38:56+02:00,14,9,5
2021-08-10 09:14:29+02:00,7,7,0
2021-08-10 10:04:23+02:00,7,7,0
2021-08-10 10:12:57+02:00,78,36,42
2021-08-10 19:54:02+02:00,78,36,42
2021-08-11 14:35:16+08:00,1,1,0
2021-08-11 01:46:41-06:00,157,122,35
2021-08-11 12:11:29+02:00,26,10,16
2021-08-11 12:38:44+02:00,1,1,0
2021-08-11 15:21:23+03:00,5,7,-2
2021-08-12 06:36:33+02:00,5,7,-2
2021-08-12 06:53:55+02:00,1,1,0
2021-08-12 06:54:55+02:00,26,10,16
2021-08-12 05:02:56+00:00,6,1,5
2021-08-12 14:47:01-04:00,32,4,28
2021-08-12 15:13:14-04:00,21,8,13
2021-08-12 15:30:49-04:00,31,3,28
2021-08-13 11:06:15-04:00,7,5,2
2021-08-13 11:12:33-04:00,3,0,3
2021-08-13 17:14:38+02:00,1,1,0
2021-08-14 08:46:19+02:00,2,4,-2
2021-08-14 08:47:14+02:00,7,0,7
2021-08-14 09:05:03+02:00,18,11,7
2021-08-14 09:13:30+02:00,1024,902,122
2021-08-14 16:02:31+02:00,3,3,0
2021-08-14 16:04:23+02:00,58,5,53
2021-08-14 16:33:01+02:00,32,20,12
2021-08-14 17:06:28+02:00,109,1,108
2021-08-15 14:52:24+02:00,89,4,85
2021-08-15 15:14:57+02:00,8,6,2
2021-08-15 17:06:16+02:00,1,1,0
2021-08-15 19:28:36+02:00,2,1,1
2021-08-15 20:01:54+02:00,1,1,0
2021-08-16 03:01:06+00:00,1,1,0
2021-08-16 03:01:10+00:00,1,1,0
2021-08-16 03:01:16+00:00,1,1,0
2021-08-16 03:01:18+00:00,1,1,0
2021-08-16 03:01:21+00:00,1,1,0
2021-08-16 03:01:34+00:00,1,1,0
2021-08-16 06:11:17+02:00,1,1,0
2021-08-16 06:13:07+02:00,1,1,0
2021-08-16 06:14:07+02:00,1,1,0
2021-08-16 06:22:01+02:00,1,1,0
2021-08-16 04:28:42+00:00,1,1,0
2021-08-16 06:31:01+02:00,1,1,0
2021-08-16 06:45:23+02:00,4,0,4
2021-08-16 06:47:53+02:00,6,2,4
2021-08-16 06:49:53+02:00,1,1,0
2021-08-16 07:09:05+02:00,10,1,9
2021-08-16 07:26:58+02:00,1,0,1
2021-08-16 19:16:24+07:00,15,15,0
2021-08-16 20:02:25+02:00,1,1,0
2021-08-16 20:17:28+02:00,1,1,0
2021-08-16 21:15:12+02:00,16,16,0
2021-08-16 15:18:57-04:00,27,4,23
2021-08-16 15:33:05-04:00,3,2,1
2021-08-16 23:09:30-04:00,3,0,3
2021-08-16 23:26:08-04:00,4,1,3
2021-08-16 23:26:29-04:00,58,37,21
2021-08-17 06:44:36+02:00,10,3,7
2021-08-17 06:44:36+02:00,7,2,5
2021-08-17 06:54:10+02:00,5,2,3
2021-08-17 07:10:22+02:00,5,2,3
2021-08-17 20:50:52+02:00,49,30,19
2021-08-17 21:07:45+02:00,49,30,19
2021-08-18 06:25:30+02:00,1,1,0
2021-08-18 06:25:52+02:00,5,5,0
2021-08-18 05:07:37-04:00,7,7,0
2021-08-18 05:10:29-04:00,2,2,0
2021-08-18 05:22:45-04:00,1,0,1
2021-08-18 19:55:11+02:00,1,1,0
2021-08-18 20:24:19+02:00,6,10,-4
2021-08-18 20:52:11+02:00,1,1,0
2021-08-18 20:59:40+02:00,272,3,269
2021-08-18 13:22:54-06:00,175,134,41
2021-08-18 13:23:04-06:00,28,26,2
2021-08-18 16:52:20-06:00,862,152,710
2021-08-18 16:52:34-06:00,448,770,-322
2021-08-18 16:52:34-06:00,0,16,-16
2021-08-18 16:52:34-06:00,16,0,16
2021-08-19 06:44:41+02:00,1,1,0
2021-08-20 06:30:27+02:00,6,1,5
2021-08-20 06:51:04+02:00,24,0,24
2021-08-20 14:52:56+00:00,24,19,5
2021-08-20 19:29:33+02:00,2,2,0
2021-08-20 18:23:21-06:00,245,23,222
2021-08-20 18:50:02-06:00,0,3,-3
2021-08-21 07:12:04+02:00,24,19,5
2021-08-21 01:13:51-06:00,61,28,33
2021-08-21 16:26:04-06:00,10,35,-25
2021-08-21 17:06:04-06:00,5,13,-8
2021-08-21 21:10:03-06:00,35,32,3
2021-08-22 13:56:57+02:00,191,156,35
2021-08-22 14:37:45+02:00,3,1,2
2021-08-22 20:14:36+03:00,1,1,0
2021-08-22 19:29:16+02:00,1,1,0
2021-08-22 19:40:43+02:00,2,1,1
2021-08-22 20:58:22-06:00,2,2,0
2021-08-22 20:59:33-06:00,191,156,35
2021-08-23 03:01:26+00:00,1,1,0
2021-08-23 03:01:28+00:00,1,1,0
2021-08-23 03:01:33+00:00,1,1,0
2021-08-23 03:01:42+00:00,1,1,0
2021-08-22 21:37:20-06:00,33,29,4
2021-08-22 21:47:02-06:00,3,82,-79
2021-08-23 06:39:43+02:00,1,1,0
2021-08-23 06:41:47+02:00,1,1,0
2021-08-23 07:07:50+02:00,1,1,0
2021-08-22 23:28:03-06:00,41,12,29
2021-08-22 23:36:36-06:00,2,3,-1
2021-08-22 23:55:34-06:00,2,1,1
2021-08-23 00:15:35-06:00,0,3,-3
2021-08-23 00:17:20-06:00,379,24,355
2021-08-23 00:18:15-06:00,2,104,-102
2021-08-23 00:24:49-06:00,291,100,191
2021-08-23 00:25:08-06:00,1,2,-1
2021-08-23 19:26:44+02:00,1,1,0
2021-08-23 21:12:46+02:00,13,5,8
2021-08-23 21:13:47+02:00,3,3,0
2021-08-23 21:16:26+02:00,50,21,29
2021-08-23 21:35:28+02:00,18,12,6
2021-08-24 06:25:06+02:00,1074,809,265
2021-08-24 06:28:16+02:00,1076,811,265
2021-08-24 06:52:28+02:00,44,27,17
2021-08-24 06:56:06+02:00,7,7,0
2021-08-24 20:02:40+02:00,42,22,20
2021-08-24 20:07:39+02:00,7,6,1
2021-08-24 20:24:51+02:00,89,33,56
2021-08-24 20:30:42+02:00,9,8,1
2021-08-24 20:40:35+02:00,18,18,0
2021-08-24 20:47:54+02:00,5,8,-3
2021-08-24 20:51:59+02:00,54,54,0
2021-08-24 20:53:21+02:00,54,54,0
2021-08-24 20:53:45+02:00,54,54,0
2021-08-24 21:03:13+02:00,30,6,24
2021-08-25 06:49:06+02:00,39,40,-1
2021-08-25 07:03:48+02:00,5,2,3
2021-08-25 07:13:59+02:00,26,1,25
2021-08-25 19:54:26+02:00,33,14,19
2021-08-25 19:57:10+02:00,1,1,0
2021-08-25 20:01:00+02:00,2,2,0
2021-08-25 20:04:10+02:00,2,1,1
2021-08-25 20:28:55+02:00,15,3,12
2021-08-25 20:31:40+02:00,79,22,57
2021-08-25 20:34:52+02:00,79,22,57
2021-08-25 21:05:55+02:00,24,23,1
2021-08-26 06:48:26+02:00,28,28,0
2021-08-26 06:53:42+02:00,43,41,2
2021-08-26 07:00:15+02:00,3,16,-13
2021-08-26 07:04:33+02:00,13,13,0
2021-08-26 07:13:18+02:00,0,13,-13
2021-08-26 07:14:49+02:00,2,2,0
2021-08-26 07:20:05+02:00,14,14,0
2021-08-26 07:25:53+02:00,107,110,-3
2021-08-26 19:38:41+02:00,10,10,0
2021-08-26 19:39:57+02:00,1,1,0
2021-08-26 20:14:38+02:00,146,175,-29
2021-08-27 07:09:59+02:00,1,1,0
2021-08-27 07:10:13+02:00,1,1,0
2021-08-27 19:54:53+02:00,10,7,3
2021-08-27 20:18:03+02:00,10,7,3
2021-08-27 20:18:37+02:00,10,7,3
2021-08-28 10:38:48+02:00,1,1,0
2021-08-28 10:43:49+02:00,1,1,0
2021-08-28 11:45:59+02:00,2892,1907,985
2021-08-28 21:57:54+08:00,1,1,0
2021-08-28 16:20:26+02:00,1,1,0
2021-08-28 18:51:43+02:00,3,3,0
2021-08-28 20:09:24+02:00,3,3,0
2021-08-29 08:24:31+02:00,1,1,0
2021-08-29 09:18:46+02:00,16,2,14
2021-08-29 09:42:17+02:00,16,2,14
2021-08-29 16:34:01+08:00,2,0,2
2021-08-30 01:02:48+08:00,8,2,6
2021-08-29 20:00:59+02:00,29,0,29
2021-08-30 03:01:05+00:00,1,1,0
2021-08-30 03:01:09+00:00,1,1,0
2021-08-30 03:01:14+00:00,1,1,0
2021-08-30 03:01:19+00:00,1,1,0
2021-08-30 03:01:24+00:00,1,1,0
2021-08-30 06:32:33+02:00,1,1,0
2021-08-30 06:32:58+02:00,1,1,0
2021-08-30 06:33:39+02:00,1,1,0
2021-08-30 06:34:03+02:00,1,1,0
2021-08-30 06:42:01+02:00,1,1,0
2021-08-30 20:00:52+02:00,1,1,0
2021-08-30 20:33:21+02:00,8,2,6
2021-08-31 10:36:09+05:18,1,1,0
2021-08-31 07:18:57+02:00,2,0,2
2021-08-31 16:58:01+02:00,1,1,0
2021-08-31 19:58:08+02:00,33,4,29
2021-08-31 20:16:42+02:00,855,439,416
2021-09-01 03:01:49+00:00,1,1,0
2021-09-01 07:06:28+02:00,2,0,2
2021-09-01 13:40:54+02:00,1,1,0
2021-09-01 19:48:12+02:00,295,8,287
2021-09-02 07:03:14+02:00,562,275,287
2021-09-01 23:40:32-06:00,3,0,3
2021-09-02 21:02:45+02:00,15,1,14
2021-09-03 08:48:53+02:00,13,3,10
2021-09-03 08:57:53+02:00,26,0,26
2021-09-03 08:59:43+02:00,4,47,-43
2021-09-03 09:18:15+02:00,1,12,-11
2021-09-03 09:23:26+02:00,9,2,7
2021-09-03 16:19:27+02:00,5,2,3
2021-09-03 16:37:36+02:00,2,14,-12
2021-09-03 19:46:58+02:00,56,64,-8
2021-09-03 22:05:40+02:00,15,1,14
2021-09-03 23:52:40+02:00,6,3,3
2021-09-03 18:11:39-06:00,19,2,17
2021-09-03 19:00:04-06:00,111,4,107
2021-09-03 19:25:16-06:00,29,105,-76
2021-09-03 19:56:13-06:00,33,5,28
2021-09-03 19:56:53-06:00,7,1,6
2021-09-03 20:29:46-06:00,232,1,231
2021-09-03 20:30:19-06:00,7,7,0
2021-09-03 20:30:52-06:00,64,0,64
2021-09-04 08:15:19+02:00,7,16,-9
2021-09-04 08:22:11+02:00,15,1,14
2021-09-04 19:54:34+02:00,566,276,290
2021-09-04 20:23:51+02:00,77,41,36
2021-09-04 16:20:07-06:00,221,35,186
2021-09-04 16:20:25-06:00,73,22,51
2021-09-04 16:31:09-06:00,30,146,-116
2021-09-04 16:33:06-06:00,30,54,-24
2021-09-04 16:40:53-06:00,86,5,81
2021-09-04 19:16:17-06:00,25,10,15
2021-09-04 19:47:04-06:00,35,2,33
2021-09-04 19:58:42-06:00,1,1,0
2021-09-04 20:15:36-06:00,1757,1148,609
2021-09-04 22:02:08-06:00,133,23,110
2021-09-05 08:36:22+02:00,1,1,0
2021-09-05 08:59:18+02:00,2,2,0
2021-09-05 09:14:44+02:00,2,2,0
2021-09-05 09:16:19+02:00,4,2,2
2021-09-05 10:01:07+02:00,2,2,0
2021-09-05 15:23:27+02:00,4,3,1
2021-09-05 15:34:57+02:00,5,0,5
2021-09-05 15:40:21+02:00,3,3,0
2021-09-05 22:41:58+09:00,2,2,0
2021-09-05 19:53:39+02:00,2,2,0
2021-09-06 03:01:10+00:00,1,1,0
2021-09-06 03:01:19+00:00,1,1,0
2021-09-06 03:01:23+00:00,1,1,0
2021-09-06 03:01:28+00:00,1,1,0
2021-09-05 22:27:14-06:00,103,310,-207
2021-09-06 06:43:08+02:00,1,1,0
2021-09-06 06:43:25+02:00,1,1,0
2021-09-06 06:43:47+02:00,1,1,0
2021-09-06 06:44:16+02:00,1,1,0
2021-09-06 17:53:44+02:00,1,1,0
2021-09-06 19:22:38+02:00,1,1,0
2021-09-06 19:55:04+02:00,5,2,3
2021-09-06 19:55:04+02:00,1,1,0
2021-09-06 15:47:24-06:00,160,101,59
2021-09-07 06:51:31+02:00,1,1,0
2021-09-07 07:14:40+02:00,15,6,9
2021-09-07 12:12:39+05:18,5,4,1
2021-09-07 12:16:23+05:18,5,4,1
2021-09-07 12:16:38+05:18,0,0,0
2021-09-07 19:32:32+02:00,20,9,11
2021-09-07 20:27:49+02:00,35,2,33
2021-09-07 21:53:38-06:00,53,0,53
2021-09-07 21:55:00-06:00,121,100,21
2021-09-07 22:12:49-06:00,173,99,74
2021-09-07 22:13:20-06:00,173,99,74
2021-09-08 00:00:53-06:00,1131,210,921
2021-09-08 00:19:21-06:00,7,6,1
2021-09-08 00:20:40-06:00,10,0,10
2021-09-08 00:24:32-06:00,24,0,24
2021-09-08 00:45:55-06:00,19,19,0
2021-09-08 00:49:04-06:00,5,5,0
2021-09-08 00:53:09-06:00,30,30,0
2021-09-08 01:12:08-06:00,48,32,16
2021-09-08 01:14:16-06:00,6,6,0
2021-09-08 01:18:53-06:00,5,3,2
2021-09-08 01:20:52-06:00,7,7,0
2021-09-08 01:27:08-06:00,3,3,0
2021-09-08 01:40:22-06:00,22,22,0
2021-09-08 01:48:22-06:00,8,8,0
2021-09-08 01:53:42-06:00,1,1,0
2021-09-08 02:03:24-06:00,7,7,0
2021-09-08 02:03:40-06:00,6,6,0
2021-09-08 02:04:20-06:00,30,30,0
2021-09-08 02:04:31-06:00,5,5,0
2021-09-08 02:06:01-06:00,18,18,0
2021-09-08 02:09:36-06:00,24,24,0
2021-09-08 02:16:25-06:00,2,2,0
2021-09-08 03:04:01-06:00,8,7,1
2021-09-08 03:09:39-06:00,58,39,19
2021-09-08 13:44:42-06:00,24,11,13
2021-09-08 13:44:59-06:00,1,1,0
2021-09-08 13:46:52-06:00,97,67,30
2021-09-08 14:15:25-06:00,24,2,22
2021-09-08 14:54:48-06:00,20,16,4
2021-09-08 19:31:04-06:00,58,3,55
2021-09-08 19:31:27-06:00,0,74,-74
2021-09-08 19:34:54-06:00,11,8,3
2021-09-09 07:40:39+02:00,90,90,0
2021-09-09 01:19:34-06:00,78,25,53
2021-09-09 01:43:55-06:00,134,24,110
2021-09-09 01:45:57-06:00,2,76,-74
2021-09-09 02:10:12-06:00,15,15,0
2021-09-09 02:17:41-06:00,0,45,-45
2021-09-09 13:14:48-06:00,6,6,0
2021-09-09 21:18:54+02:00,8,0,8
2021-09-09 13:19:43-06:00,0,1,-1
2021-09-09 13:56:46-06:00,254,225,29
2021-09-09 22:41:37+02:00,254,225,29
2021-09-09 15:47:48-06:00,196,6,190
2021-09-09 15:47:48-06:00,11,1,10
2021-09-09 15:47:49-06:00,85,58,27
2021-09-09 15:47:49-06:00,4,173,-169
2021-09-09 15:47:49-06:00,9,1,8
2021-09-09 15:47:49-06:00,36,8,28
2021-09-09 15:47:49-06:00,245,23,222
2021-09-09 15:47:49-06:00,0,3,-3
2021-09-09 15:47:49-06:00,61,28,33
2021-09-09 15:47:49-06:00,10,35,-25
2021-09-09 15:47:49-06:00,35,32,3
2021-09-09 15:47:49-06:00,2,2,0
2021-09-09 15:47:49-06:00,41,12,29
2021-09-09 15:47:49-06:00,2,3,-1
2021-09-09 15:47:49-06:00,3,0,3
2021-09-09 15:47:49-06:00,19,2,17
2021-09-09 15:47:49-06:00,111,4,107
2021-09-09 15:47:49-06:00,29,105,-76
2021-09-09 15:47:49-06:00,33,5,28
2021-09-09 15:47:49-06:00,7,1,6
2021-09-09 15:47:49-06:00,232,1,231
2021-09-09 15:47:49-06:00,7,7,0
2021-09-09 15:47:49-06:00,64,0,64
2021-09-09 15:47:49-06:00,25,10,15
2021-09-09 15:47:49-06:00,35,2,33
2021-09-09 15:47:49-06:00,1,1,0
2021-09-09 15:47:49-06:00,133,23,110
2021-09-09 15:47:49-06:00,103,310,-207
2021-09-09 15:47:49-06:00,0,88,-88
2021-09-09 15:47:49-06:00,3,6,-3
2021-09-09 15:47:49-06:00,105,57,48
2021-09-09 15:47:49-06:00,4,1,3
2021-09-09 23:58:10-06:00,3,0,3
2021-09-10 02:09:27-06:00,1,5,-4
2021-09-10 02:51:34-06:00,0,0,0
2021-09-10 02:57:17-06:00,39,86,-47
2021-09-10 03:05:13-06:00,112,154,-42
2021-09-10 03:25:54-06:00,39,24,15
2021-09-10 10:32:46-06:00,8,8,0
2021-09-10 19:32:20+02:00,4,0,4
2021-09-10 19:36:45+02:00,61,8,53
2021-09-10 19:37:07+02:00,13,12,1
2021-09-10 19:46:38+02:00,1,1,0
2021-09-10 11:47:27-06:00,1669,80,1589
2021-09-10 19:47:56+02:00,26,0,26
2021-09-10 13:39:42-06:00,51,38,13
2021-09-10 16:28:34-06:00,5,12,-7
2021-09-10 23:16:12-06:00,255,228,27
2021-09-10 23:39:31-06:00,62,2,60
2021-09-10 23:42:16-06:00,6,0,6
2021-09-10 23:59:45-06:00,51,38,13
2021-09-11 00:03:01-06:00,2,1518,-1516
2021-09-11 08:08:23+02:00,68,45,23
2021-09-11 08:18:32+02:00,2,2,0
2021-09-11 08:33:43+02:00,40,13,27
2021-09-12 00:03:02-06:00,12,3,9
2021-09-12 08:04:22+02:00,27,1,26
2021-09-12 08:18:13+02:00,7,317,-310
2021-09-12 08:18:13+02:00,25,557,-532
2021-09-12 08:18:13+02:00,63,237,-174
2021-09-12 08:18:17+02:00,55,527,-472
2021-09-12 08:18:17+02:00,14,78,-64
2021-09-12 08:18:17+02:00,4,4,0
2021-09-12 01:31:15-06:00,5,24,-19
2021-09-12 01:51:09-06:00,20,10,10
2021-09-12 02:02:10-06:00,7,6,1
2021-09-12 02:09:31-06:00,26,4,22
2021-09-12 02:42:13-06:00,40,18,22
2021-09-12 03:09:51-06:00,64,10,54
2021-09-12 03:15:32-06:00,142,43,99
2021-09-13 03:01:14+00:00,1,1,0
2021-09-13 03:01:24+00:00,1,1,0
2021-09-13 06:30:37+02:00,1,1,0
2021-09-13 06:31:00+02:00,1,1,0
2021-09-13 04:31:52+00:00,1,1,0
2021-09-12 23:39:08-06:00,9,3,6
2021-09-12 23:41:34-06:00,68,45,23
2021-09-13 00:00:22-06:00,28,24,4
2021-09-13 00:14:22-06:00,11,3,8
2021-09-13 19:32:51+02:00,53,0,53
2021-09-13 19:33:28+02:00,3,3,0
2021-09-13 20:27:32+02:00,45,44,1
2021-09-13 20:43:10+02:00,46,45,1
2021-09-13 14:02:23-06:00,180,69,111
2021-09-13 14:14:54-06:00,179,68,111
2021-09-14 06:30:18+02:00,7,2,5
2021-09-14 06:45:26+02:00,54,31,23
2021-09-14 07:07:20+02:00,15,4,11
2021-09-14 19:20:58+02:00,163,1715,-1552
2021-09-14 20:24:44+02:00,3,1,2
2021-09-14 17:18:57-06:00,445,205,240
2021-09-14 18:26:46-06:00,166,1730,-1564
2021-09-14 18:27:51-06:00,166,1730,-1564
2021-09-14 18:32:08-06:00,343,1805,-1462
2021-09-15 06:34:33+05:18,665,2066,-1401
2021-09-14 21:10:38-06:00,179,127,52
2021-09-15 06:33:36+02:00,122,30,92
2021-09-15 19:56:12+02:00,2,1,1
2021-09-15 20:20:31+02:00,3,3,0
2021-09-15 21:04:25+02:00,1,1,0
2021-09-15 21:36:53+02:00,54,4,50
2021-09-15 18:29:17-06:00,243,502,-259
2021-09-15 21:55:19-06:00,22,21,1
2021-09-15 22:28:10-06:00,673,2067,-1394
2021-09-16 07:13:25+02:00,14,4,10
2021-09-15 23:51:21-06:00,40,8,32
2021-09-16 03:23:45-06:00,7,10,-3
2021-09-16 03:50:01-06:00,2,195,-193
2021-09-16 14:48:02+03:00,40,3,37
2021-09-16 16:25:02-06:00,7,10,-3
2021-09-16 16:28:23-06:00,21,21,0
2021-09-17 07:03:45+02:00,220,482,-262
2021-09-16 23:05:13-06:00,1468,127,1341
2021-09-16 23:23:36-06:00,71,50,21
2021-09-16 23:27:44-06:00,220,482,-262
2021-09-16 23:32:23-06:00,216,500,-284
2021-09-16 23:32:44-06:00,6,0,6
2021-09-16 23:47:44-06:00,24,9,15
2021-09-16 23:49:43-06:00,220,483,-263
2021-09-17 00:10:53-06:00,17,5,12
2021-09-17 00:41:00-06:00,1284,75,1209
2021-09-17 01:15:21-06:00,16,13,3
2021-09-17 10:32:47+02:00,65,5,60
2021-09-17 11:16:37+02:00,191,38,153
2021-09-17 13:45:44+03:00,7,32,-25
2021-09-17 18:23:13+03:00,1,1,0
2021-09-17 11:42:33-04:00,2,1,1
2021-09-17 11:51:55-04:00,1,1,0
2021-09-17 11:57:36-04:00,1,2,-1
2021-09-17 18:03:54+02:00,1,1,0
2021-09-17 19:14:47+02:00,2,3,-1
2021-09-17 19:33:35+02:00,1070,2858,-1788
2021-09-17 19:54:35+02:00,1,1,0
2021-09-17 14:10:37-04:00,1,1,0
2021-09-17 14:23:26-04:00,2,1,1
2021-09-17 14:39:15-04:00,1,2,-1
2021-09-17 22:05:57+03:00,0,1,-1
2021-09-17 16:45:02-06:00,94,45,49
2021-09-18 08:08:18+02:00,3,2,1
2021-09-18 08:30:44+02:00,17,3,14
2021-09-18 09:10:25+02:00,7,7,0
2021-09-18 09:10:37+02:00,27,1,26
2021-09-18 09:23:53+02:00,10,10,0
2021-09-18 09:24:14+02:00,57,6,51
2021-09-18 10:48:18+03:00,60,1,59
2021-09-18 10:48:18+03:00,413,15,398
2021-09-18 10:48:18+03:00,72,34,38
2021-09-18 10:48:53+03:00,47,33,14
2021-09-18 10:48:53+03:00,10,8,2
2021-09-18 10:48:53+03:00,27,53,-26
2021-09-18 10:48:53+03:00,3,5,-2
2021-09-18 10:48:53+03:00,152,149,3
2021-09-18 10:48:53+03:00,25,14,11
2021-09-18 10:48:53+03:00,25,2,23
2021-09-18 02:53:34-06:00,65,179,-114
2021-09-18 03:01:08-06:00,10,37,-27
2021-09-18 03:20:00-06:00,15,45,-30
2021-09-18 03:49:15-06:00,4,2,2
2021-09-18 15:27:58+03:00,2,3,-1
2021-09-18 15:44:21+03:00,2,2,0
2021-09-18 15:30:20+02:00,539,20,519
2021-09-18 15:30:33+02:00,0,3,-3
2021-09-18 19:19:53-06:00,26,67,-41
2021-09-18 19:46:46-06:00,35,69,-34
2021-09-19 11:14:33+05:18,411,520,-109
2021-09-19 11:23:29+05:18,4,3,1
2021-09-19 11:30:29+05:18,1,1,0
2021-09-19 09:05:17+02:00,8,6,2
2021-09-19 01:16:22-06:00,1,1,0
2021-09-19 01:57:30-06:00,191,38,153
2021-09-19 02:23:05-06:00,10,26,-16
2021-09-19 02:26:59-06:00,1,1,0
2021-09-19 02:33:28-06:00,38,1217,-1179
2021-09-19 03:05:58-06:00,10,9,1
2021-09-19 13:00:38+02:00,2367,164,2203
2021-09-19 13:17:34+02:00,54,16,38
2021-09-19 13:29:09+02:00,7,12,-5
2021-09-19 13:40:13+02:00,152,398,-246
2021-09-19 19:25:36+02:00,28,23,5
2021-09-19 19:41:19+02:00,16,15,1
2021-09-19 15:35:54-06:00,800,446,354
2021-09-19 16:44:02-06:00,2,2,0
2021-09-19 17:02:09-06:00,3358,665,2693
2021-09-19 17:44:12-06:00,3175,616,2559
2021-09-19 19:06:43-06:00,2705,1037,1668
2021-09-19 20:24:22-06:00,155,116,39
2021-09-19 20:33:08-06:00,1,1,0
2021-09-20 14:22:24+02:00,14,0,14
2021-09-20 19:12:59+02:00,34,2,32
2021-09-20 19:23:40+02:00,26,4,22
2021-09-20 19:50:56+02:00,27,5,22
2021-09-20 20:16:58+02:00,12,0,12
2021-09-21 06:59:05+02:00,0,0,0
2021-09-20 23:12:17-06:00,2,1,1
2021-09-21 07:12:46+02:00,169,10,159
2021-09-21 10:13:19+02:00,1,1,0
2021-09-21 14:54:31+02:00,14,0,14
2021-09-21 15:12:35+02:00,4,0,4
2021-09-21 07:56:16-06:00,85,136,-51
2021-09-21 19:33:33+02:00,30,30,0
2021-09-21 12:16:10-06:00,0,8,-8
2021-09-21 20:24:08+02:00,127,132,-5
2021-09-21 23:20:40+02:00,2,2,0
2021-09-21 15:52:12-06:00,5,4,1
2021-09-21 16:40:24-06:00,42,80,-38
2021-09-21 20:04:23-05:00,52,0,52
2021-09-21 20:25:17-05:00,1,1,0
2021-09-22 09:18:17-05:00,4,6,-2
2021-09-22 09:21:43-05:00,1,1,0
2021-09-22 10:32:30-06:00,13,12,1
2021-09-22 10:48:13-06:00,1,1,0
2021-09-22 11:28:42-06:00,5,6,-1
2021-09-22 20:14:52+02:00,83,20,63
2021-09-22 20:36:03+02:00,18,3,15
2021-09-22 20:42:31+02:00,53,53,0
2021-09-22 20:52:55+02:00,15,13,2
2021-09-22 16:11:27-06:00,7,1,6
2021-09-23 07:17:26+02:00,137,43,94
2021-09-23 07:25:11+02:00,30,27,3
2021-09-23 10:28:15+02:00,1,1,0
2021-09-23 20:16:58+02:00,32,0,32
2021-09-23 20:17:35+02:00,2,2,0
2021-09-23 21:31:33-05:00,22,10,12
2021-09-23 21:37:28-05:00,4,1,3
2021-09-23 21:46:07-05:00,0,0,0
2021-09-23 21:48:08-05:00,16,11,5
2021-09-24 05:05:55+00:00,1,1,0
2021-09-24 05:06:01+00:00,1,1,0
2021-09-24 05:06:16+00:00,1,1,0
2021-09-24 05:06:20+00:00,1,1,0
2021-09-24 05:06:24+00:00,1,1,0
2021-09-24 07:12:38+02:00,1,0,1
2021-09-24 08:42:26+02:00,1,1,0
2021-09-24 09:30:33+02:00,1,1,0
2021-09-24 07:31:20+00:00,1,1,0
2021-09-24 09:45:30+02:00,1,1,0
2021-09-24 10:19:03+02:00,1,1,0
2021-09-24 13:19:00+02:00,1,1,0
2021-09-24 19:24:33+02:00,1,1,0
2021-09-24 19:26:59+02:00,1,1,0
2021-09-24 19:32:30+02:00,1,0,1
2021-09-24 20:17:38+02:00,9,10,-1
2021-09-25 15:48:42+01:00,15,1,14
2021-09-25 16:28:36-05:00,79,0,79
2021-09-25 16:34:41-05:00,1,1,0
2021-09-25 16:40:02-05:00,2,1,1
2021-09-26 08:37:44+02:00,10,8,2
2021-09-26 02:57:02-05:00,180,52,128
2021-09-26 15:07:48+02:00,38,33,5
2021-09-26 15:22:37+02:00,20,25,-5
2021-09-26 15:39:34+02:00,6,13,-7
2021-09-26 19:07:47+02:00,82,174,-92
2021-09-26 19:33:22+02:00,20,11,9
2021-09-26 19:35:54+02:00,12,9,3
2021-09-26 15:37:09-05:00,120,207,-87
2021-09-27 03:01:18+00:00,1,1,0
2021-09-27 03:01:27+00:00,1,1,0
2021-09-27 06:31:29+02:00,1,1,0
2021-09-27 04:32:26+00:00,1,1,0
2021-09-27 07:02:18+02:00,1,1,0
2021-09-27 07:07:49+02:00,2,2,0
2021-09-27 07:12:40+02:00,2,0,2
2021-09-27 12:20:02+02:00,1,1,0
2021-09-27 17:52:00+02:00,3,3,0
2021-09-27 11:35:34-05:00,8,6,2
2021-09-27 11:41:38-05:00,10,13,-3
2021-09-27 11:47:03-05:00,5,10,-5
2021-09-27 19:16:00+02:00,1321,442,879
2021-09-27 12:16:57-05:00,1,0,1
2021-09-27 19:17:19+02:00,2,1,1
2021-09-27 20:52:19+02:00,3,3,0
2021-09-27 17:32:49-05:00,3,1,2
2021-09-27 17:33:29-05:00,2,0,2
2021-09-28 07:02:24+02:00,0,0,0
2021-09-28 07:03:26+02:00,1,1,0
2021-09-27 23:26:20-06:00,529,301,228
2021-09-27 23:34:09-06:00,1321,441,880
2021-09-28 10:16:36-05:00,3,3,0
2021-09-28 19:21:42+02:00,2178,2709,-531
2021-09-29 10:15:05+03:00,26,12,14
2021-09-29 16:20:18+02:00,26,12,14
2021-09-29 16:50:05+02:00,56,3,53
2021-09-29 19:21:54+02:00,2,2,0
2021-09-29 19:39:29+02:00,24,14,10
2021-09-29 20:00:14+02:00,62,8,54
2021-09-29 22:16:44-06:00,34,32,2
2021-09-29 22:18:15-06:00,1,1,0
2021-09-29 22:27:21-06:00,32,34,-2
2021-09-29 22:32:02-06:00,2,2,0
2021-09-30 06:42:42+02:00,10,0,10
2021-09-29 22:59:09-06:00,133,116,17
2021-09-29 23:11:01-06:00,36,3,33
2021-09-30 07:24:16+02:00,6,6,0
2021-09-30 00:44:26-07:00,5,0,5
2021-09-30 00:46:56-07:00,2,1,1
2021-09-30 00:53:46-07:00,3,0,3
2021-09-30 01:11:02-07:00,42,6,36
2021-09-30 20:18:56-06:00,3,1,2
2021-10-01 06:38:42+02:00,136,19,117
2021-10-01 13:49:16+01:00,1,1,0
2021-10-01 19:25:22+02:00,1,1,0
2021-10-01 19:26:51+02:00,1,1,0
2021-10-01 21:21:59-06:00,1,1,0
2021-10-02 01:44:30-06:00,699,287,412
2021-10-02 01:44:30-06:00,91,197,-106
2021-10-02 01:44:30-06:00,34,23,11
2021-10-02 01:44:30-06:00,56,33,23
2021-10-02 01:44:30-06:00,3,3,0
2021-10-02 01:44:30-06:00,6,6,0
2021-10-02 01:44:30-06:00,3,8,-5
2021-10-02 01:44:30-06:00,0,8,-8
2021-10-02 01:44:30-06:00,13,13,0
2021-10-02 01:44:30-06:00,5,5,0
2021-10-02 01:44:30-06:00,413,397,16
2021-10-02 01:44:30-06:00,51,47,4
2021-10-02 01:44:30-06:00,77,1,76
2021-10-02 01:44:30-06:00,6,4,2
2021-10-02 01:44:30-06:00,1,1,0
2021-10-02 01:44:30-06:00,12,10,2
2021-10-02 01:44:30-06:00,91,62,29
2021-10-02 01:44:30-06:00,2,2,0
2021-10-02 03:15:12-06:00,509,306,203
2021-10-02 03:36:32-06:00,508,305,203
2021-10-02 03:52:00-06:00,5,1,4
2021-10-02 04:06:22-06:00,6,7,-1
2021-10-02 13:01:33+02:00,6,8,-2
2021-10-02 13:17:10+02:00,0,26,-26
2021-10-02 14:30:24+02:00,23,82,-59
2021-10-02 14:44:46+02:00,23,82,-59
2021-10-02 15:23:48+02:00,16,8,8
2021-10-02 15:37:01+02:00,6,6,0
2021-10-02 20:26:52-06:00,1483,1015,468
2021-10-02 20:32:51-06:00,0,4,-4
2021-10-02 20:33:46-06:00,1,3,-2
2021-10-02 20:37:05-06:00,3,3,0
2021-10-02 20:43:32-06:00,3,3,0
2021-10-02 20:51:50-06:00,11,18,-7
2021-10-03 09:22:50+02:00,32,32,0
2021-10-03 09:32:53+02:00,1,0,1
2021-10-03 09:41:08+02:00,1361,939,422
2021-10-03 09:49:55+02:00,2,1,1
2021-10-03 09:49:55+02:00,1,1,0
2021-10-03 01:52:58-06:00,172,195,-23
2021-10-03 02:12:25-06:00,1394,1024,370
2021-10-03 02:14:52-06:00,1,0,1
2021-10-03 02:15:54-06:00,1886,1312,574
2021-10-03 02:26:41-06:00,76,121,-45
2021-10-03 04:44:39-06:00,5,5,0
2021-10-03 14:14:16+02:00,36,0,36
2021-10-03 17:41:01-06:00,75,60,15
2021-10-04 03:01:04+00:00,1,1,0
2021-10-04 03:01:11+00:00,1,1,0
2021-10-04 03:01:14+00:00,1,1,0
2021-10-04 03:01:17+00:00,1,1,0
2021-10-04 03:01:22+00:00,1,1,0
2021-10-04 03:01:29+00:00,1,1,0
2021-10-04 06:34:31+02:00,1,1,0
2021-10-04 06:34:58+02:00,1,1,0
2021-10-04 06:35:34+02:00,1,1,0
2021-10-04 04:36:11+00:00,1,1,0
2021-10-04 06:39:43+02:00,1,1,0
2021-10-04 04:40:24+00:00,1,1,0
2021-10-04 06:59:08+02:00,1,4,-3
2021-10-04 07:02:20+02:00,1,1,0
2021-10-03 23:13:34-06:00,10,3,7
2021-10-04 07:17:44+02:00,1,1,0
2021-10-04 07:21:20+02:00,1,1,0
2021-10-03 23:22:51-06:00,13,14,-1
2021-10-04 18:49:57+03:00,3,0,3
2021-10-04 19:11:35+02:00,3,5,-2
2021-10-04 19:29:28+02:00,1,1,0
2021-10-04 20:14:22+02:00,65,70,-5
2021-10-04 20:22:41+02:00,2,8,-6
2021-10-05 00:10:39+01:00,10,5,5
2021-10-05 01:42:46-06:00,13,6,7
2021-10-05 02:13:29-06:00,5,0,5
2021-10-05 02:16:17-06:00,20,1,19
2021-10-05 03:15:28-06:00,41,13,28
2021-10-05 21:33:15+02:00,34,0,34
2021-10-06 07:08:28+02:00,22,24,-2
2021-10-06 13:12:27+05:18,42,0,42
2021-10-06 13:34:05+05:18,5,4,1
2021-10-06 19:36:41+02:00,11,3,8
2021-10-06 19:36:51+02:00,10,0,10
2021-10-06 20:09:08+02:00,26,25,1
2021-10-06 20:14:59+02:00,2,1,1
2021-10-07 07:52:40+05:18,28,26,2
2021-10-07 07:55:07+05:18,2,2,0
2021-10-07 06:51:29+02:00,9,2,7
2021-10-07 07:12:45+02:00,15,11,4
2021-10-07 07:15:09+02:00,2,1,1
2021-10-07 04:20:53-06:00,32,30,2
2021-10-07 05:03:38-06:00,23,19,4
2021-10-07 12:04:42+01:00,1,1,0
2021-10-07 19:00:09+05:18,1,3,-2
2021-10-08 14:36:52+02:00,25,37,-12
2021-10-08 20:22:07+02:00,36,24,12
2021-10-09 06:24:23+05:18,1,3,-2
2021-10-09 08:39:32+02:00,4,2,2
2021-10-09 10:26:40+02:00,56,11,45
2021-10-09 10:37:33+02:00,12,3,9
2021-10-09 10:49:39+02:00,10,3,7
2021-10-09 15:17:21+02:00,38,1,37
2021-10-09 15:29:24+02:00,148,47,101
2021-10-09 15:35:39+02:00,11,33,-22
2021-10-09 15:49:34+02:00,12,0,12
2021-10-09 10:52:07-06:00,13,2,11
2021-10-09 11:27:26-06:00,10,26,-16
2021-10-09 12:27:40-06:00,47,2,45
2021-10-09 13:09:11-06:00,7,4,3
2021-10-09 13:14:41-06:00,6,2,4
2021-10-09 14:12:17-06:00,24,24,0
2021-10-09 14:39:11-06:00,27,12,15
2021-10-09 14:57:10-06:00,12,5,7
2021-10-09 15:14:33-06:00,30,12,18
2021-10-09 15:50:18-06:00,7,3,4
2021-10-09 16:20:25-06:00,2,1,1
2021-10-09 16:32:22-06:00,12,3,9
2021-10-09 17:35:57-06:00,35,26,9
2021-10-10 02:55:04-06:00,7,48,-41
2021-10-11 03:01:22+00:00,1,1,0
2021-10-11 03:01:31+00:00,1,1,0
2021-10-11 03:01:39+00:00,1,1,0
2021-10-11 07:04:35+02:00,1,1,0
2021-10-11 05:05:14+00:00,1,1,0
2021-10-11 05:05:23+00:00,1,1,0
2021-10-11 05:05:30+00:00,1,1,0
2021-10-11 07:13:07+02:00,1,1,0
2021-10-11 05:14:08+00:00,2,2,0
2021-10-11 05:14:19+00:00,1,1,0
2021-10-11 07:17:20+02:00,1,1,0
2021-10-11 05:18:24+00:00,1,1,0
2021-10-11 08:13:32+02:00,1,1,0
2021-10-11 08:14:24+02:00,1,1,0
2021-10-11 08:14:59+02:00,1,1,0
2021-10-11 06:15:03+00:00,1,1,0
2021-10-11 06:15:32+00:00,2,2,0
2021-10-11 01:31:21-06:00,7,4,3
2021-10-11 09:39:24+02:00,1,1,0
2021-10-11 09:40:27+02:00,1,1,0
2021-10-11 07:41:16+00:00,1,1,0
2021-10-11 10:05:53+02:00,1,1,0
2021-10-11 10:06:18+02:00,1,1,0
2021-10-11 04:14:59-06:00,11,11,0
2021-10-11 05:56:27-06:00,4,1,3
2021-10-11 07:03:14-06:00,175,38,137
2021-10-11 07:48:31-06:00,52,49,3
2021-10-11 08:52:11-06:00,32,38,-6
2021-10-11 20:00:53+02:00,1,2,-1
2021-10-11 20:28:23+02:00,5,4,1
2021-10-11 20:34:40+02:00,2,3,-1
2021-10-11 20:36:08+02:00,2,1,1
2021-10-12 06:44:07+02:00,41,10,31
2021-10-12 07:16:34+02:00,41,10,31
2021-10-12 10:49:07+03:00,1,1,0
2021-10-12 02:24:35-06:00,2,6,-4
2021-10-12 19:06:23+02:00,1,1,0
2021-10-12 19:10:38+02:00,2,1,1
2021-10-12 20:04:29+02:00,2,2,0
2021-10-12 20:41:48+02:00,4,1,3
2021-10-13 00:02:28+03:00,1673,18,1655
2021-10-13 00:09:30+03:00,1,0,1
2021-10-13 01:22:53+03:00,14,10,4
2021-10-13 01:34:29+03:00,2,0,2
2021-10-13 02:01:26+03:00,4009,3863,146
2021-10-13 02:07:23+03:00,1,204,-203
2021-10-13 02:07:45+03:00,1,1,0
2021-10-13 02:14:07+03:00,1,1,0
2021-10-13 02:20:30+03:00,1,204,-203
2021-10-12 20:28:46-06:00,5,0,5
2021-10-12 20:29:10-06:00,6,2,4
2021-10-12 20:34:19-06:00,1,1,0
2021-10-13 07:04:21+02:00,3,2,1
2021-10-13 19:04:14+02:00,575,155,420
2021-10-13 19:54:35+02:00,33,57,-24
2021-10-13 19:57:42+02:00,6,1,5
2021-10-14 01:03:15+03:00,8,2,6
2021-10-14 01:13:28+03:00,200,1205,-1005
2021-10-14 01:15:43+03:00,4,0,4
2021-10-14 01:18:16+03:00,1,1,0
2021-10-14 01:34:30+03:00,12,2,10
2021-10-13 17:56:40-06:00,329,162,167
2021-10-13 19:02:57-06:00,909,320,589
2021-10-14 07:06:51+02:00,8,2,6
2021-10-14 08:07:07+02:00,43,11,32
2021-10-14 03:52:29-06:00,12,9,3
2021-10-14 04:05:50-06:00,5,5,0
2021-10-14 04:45:48-06:00,35,11,24
2021-10-14 05:10:28-06:00,10,11,-1
2021-10-14 05:28:08-06:00,15,10,5
2021-10-14 19:36:34+02:00,17,5,12
2021-10-14 19:57:36+02:00,20,5,15
2021-10-15 10:11:25+02:00,7,2,5
2021-10-15 10:31:32+02:00,7,2,5
2021-10-16 16:47:28+02:00,9,2,7
2021-10-16 16:48:19+02:00,2,0,2
2021-10-16 16:48:35+02:00,2,1,1
2021-10-16 17:57:51+02:00,5,1,4
2021-10-16 19:30:40+02:00,5,1,4
2021-10-16 19:31:12+02:00,1,1,0
2021-10-17 00:24:00+03:00,65,0,65
2021-10-17 00:14:09+02:00,2,2,0
2021-10-17 08:37:34+02:00,2,2,0
2021-10-17 09:00:10+02:00,8,8,0
2021-10-17 09:46:39+02:00,5,11,-6
2021-10-17 09:54:38+02:00,13,10,3
2021-10-17 10:30:06+02:00,5,10,-5
2021-10-17 10:39:53+02:00,4,4,0
2021-10-17 10:40:08+02:00,94,28,66
2021-10-17 10:41:03+02:00,94,28,66
2021-10-17 11:08:54+02:00,53,48,5
2021-10-17 11:23:58+02:00,6,4,2
2021-10-17 15:01:28+02:00,6,11,-5
2021-10-17 16:09:56+02:00,138,66,72
2021-10-17 16:10:15+02:00,1,1,0
2021-10-17 16:29:31+02:00,17012,9497,7515
2021-10-17 16:49:39+02:00,10,8,2
2021-10-17 16:50:41+02:00,139,67,72
2021-10-17 17:00:25+02:00,3,19,-16
2021-10-17 19:24:09+02:00,14,6,8
2021-10-18 03:01:07+00:00,1,1,0
2021-10-18 03:01:10+00:00,1,1,0
2021-10-18 03:01:14+00:00,1,1,0
2021-10-18 03:01:17+00:00,1,1,0
2021-10-18 03:01:19+00:00,1,1,0
2021-10-18 03:01:28+00:00,1,1,0
2021-10-18 07:18:06+02:00,1,1,0
2021-10-18 07:18:30+02:00,1,1,0
2021-10-18 05:18:42+00:00,2,2,0
2021-10-18 05:18:47+00:00,1,1,0
2021-10-18 07:18:58+02:00,1,1,0
2021-10-18 05:19:03+00:00,1,1,0
2021-10-18 07:39:54+02:00,1,1,0
2021-10-18 07:40:20+02:00,1,1,0
2021-10-18 08:15:01+02:00,1,1,0
2021-10-18 06:15:52+00:00,1,1,0
2021-10-18 06:16:09+00:00,3,3,0
2021-10-18 00:28:32-06:00,5,10,-5
2021-10-18 08:37:56+02:00,1,1,0
2021-10-18 06:38:42+00:00,1,1,0
2021-10-18 08:40:55+02:00,1,1,0
2021-10-18 08:46:39+02:00,1,1,0
2021-10-18 06:47:32+00:00,1,1,0
2021-10-18 08:57:52+02:00,1,1,0
2021-10-18 06:58:47+00:00,1,1,0
2021-10-18 01:01:29-06:00,17,38,-21
2021-10-18 09:05:06+02:00,1,1,0
2021-10-18 07:06:05+00:00,1,1,0
2021-10-18 01:08:12-06:00,0,4,-4
2021-10-18 01:21:41-06:00,20,16,4
2021-10-18 09:29:59+02:00,1,1,0
2021-10-18 09:30:25+02:00,1,1,0
2021-10-18 09:51:15+02:00,1,1,0
2021-10-18 09:51:45+02:00,1,1,0
2021-10-18 16:04:24+02:00,0,2,-2
2021-10-18 19:16:56+02:00,0,3,-3
2021-10-18 23:36:47+03:00,1,1,0
2021-10-18 23:38:45+03:00,1,1,0
2021-10-18 23:49:59+03:00,1,1,0
2021-10-18 23:56:41+03:00,207,222,-15
2021-10-19 00:00:15+03:00,273,135,138
2021-10-19 11:43:12+02:00,65,0,65
2021-10-19 17:03:45+05:18,17,5,12
2021-10-19 19:12:35+02:00,1,3,-2
2021-10-19 19:48:56+02:00,11,16,-5
2021-10-20 01:26:15+03:00,36,61,-25
2021-10-20 07:46:15+02:00,1,1,0
2021-10-20 05:33:09-06:00,27,0,27
2021-10-20 15:41:26+02:00,27,0,27
2021-10-20 15:48:07+02:00,1389,756,633
2021-10-20 08:11:53-06:00,258,126,132
2021-10-20 08:36:48-06:00,45,133,-88
2021-10-20 16:53:24+02:00,52,52,0
2021-10-20 17:58:50+03:00,6,15,-9
2021-10-20 19:21:38+02:00,34,22,12
2021-10-20 19:39:37+02:00,2,2,0
2021-10-20 20:01:31+02:00,1,5,-4
2021-10-21 06:58:40+02:00,45,27,18
2021-10-21 07:11:39+02:00,36,4,32
2021-10-21 07:45:15+02:00,8,5,3
2021-10-21 10:57:23+02:00,33,4,29
2021-10-21 13:56:30+02:00,166,15,151
2021-10-21 17:25:38+03:00,81,46,35
2021-10-21 17:46:39+02:00,244,35,209
2021-10-22 06:37:56-06:00,6,8,-2
2021-10-22 19:30:58+02:00,42,132,-90
2021-10-22 11:45:27-06:00,166,15,151
2021-10-22 11:52:05-06:00,36,3,33
2021-10-22 11:52:05-06:00,3,2,1
2021-10-23 12:26:07+02:00,2,2,0
2021-10-23 19:29:18+02:00,2,2,0
2021-10-23 14:10:09-06:00,2,2,0
2021-10-23 21:33:37-06:00,241,4,237
2021-10-23 21:58:17-06:00,7,33,-26
2021-10-23 21:58:57-06:00,8,32,-24
2021-10-23 21:59:03-06:00,14,90,-76
2021-10-23 21:59:41-06:00,63,1,62
2021-10-23 21:59:47-06:00,95,45,50
2021-10-23 21:59:47-06:00,3,0,3
2021-10-23 22:16:51-06:00,27,51,-24
2021-10-24 08:45:24+02:00,39,5,34
2021-10-24 08:55:10+02:00,2415,1388,1027
2021-10-24 09:01:13+02:00,31,6,25
2021-10-24 09:15:05+02:00,9,6,3
2021-10-24 15:18:29+02:00,7,7,0
2021-10-24 18:14:24+02:00,11,7,4
2021-10-24 19:27:24+02:00,11,7,4
2021-10-24 23:15:05+02:00,11,9,2
2021-10-25 03:01:05+00:00,1,1,0
2021-10-25 03:01:10+00:00,1,1,0
2021-10-25 03:01:29+00:00,1,1,0
2021-10-25 03:01:33+00:00,1,1,0
2021-10-25 06:38:15+02:00,1,1,0
2021-10-25 06:38:33+02:00,1,1,0
2021-10-25 06:39:01+02:00,1,1,0
2021-10-25 06:39:25+02:00,1,1,0
2021-10-25 04:40:24+00:00,1,1,0
2021-10-25 04:40:30+00:00,1,1,0
2021-10-25 06:46:02+02:00,2,2,0
2021-10-25 07:07:50+02:00,1,1,0
2021-10-25 07:19:55+02:00,2,1,1
2021-10-25 07:20:06+02:00,1,1,0
2021-10-25 00:45:10-05:00,1,1,0
2021-10-25 03:19:49-06:00,17,33,-16
2021-10-25 03:20:41-06:00,14,6,8
2021-10-25 19:49:07+02:00,11,9,2
2021-10-25 23:43:22+03:00,272,77,195
2021-10-26 00:04:40+02:00,727,5,722
2021-10-26 00:29:11+02:00,6,8,-2
2021-10-26 00:31:17+02:00,2,2,0
2021-10-26 00:34:01+02:00,8,10,-2
2021-10-25 22:00:09-06:00,39,5,34
2021-10-27 01:29:19+03:00,242,12,230
2021-10-27 01:35:47+03:00,3,6,-3
2021-10-27 06:33:49+02:00,13,9,4
2021-10-27 12:40:26+02:00,0,89,-89
2021-10-27 12:41:49+02:00,0,506,-506
2021-10-27 12:42:18+02:00,0,1438,-1438
2021-10-27 12:43:00+02:00,0,591,-591
2021-10-27 15:52:10+02:00,44,33,11
2021-10-27 15:58:41+02:00,7,18,-11
2021-10-27 16:03:05+02:00,0,680,-680
2021-10-27 17:14:26+02:00,1,1,0
2021-10-27 19:32:37+02:00,1,1,0
2021-10-27 19:58:29+02:00,128,126,2
2021-10-27 21:04:08+02:00,0,2,-2
2021-10-28 06:20:33+02:00,1,1,0
2021-10-28 06:21:40+02:00,1,1,0
2021-10-28 07:51:32+02:00,14,0,14
2021-10-28 07:59:28+02:00,5,4,1
2021-10-28 15:16:07+02:00,19,7,12
2021-10-28 07:19:46-06:00,0,3,-3
2021-10-28 07:20:45-06:00,2,1,1
2021-10-28 07:22:47-06:00,1,1,0
2021-10-28 07:26:36-06:00,1,1,0
2021-10-28 21:39:42+03:00,124,243,-119
2021-10-28 20:49:51+02:00,2584,1544,1040
2021-10-28 23:29:26+02:00,9,8,1
2021-10-29 00:03:20+02:00,1,1,0
2021-10-29 06:53:40+02:00,2,87,-85
2021-10-29 07:05:02+02:00,5,8,-3
2021-10-29 09:20:44+02:00,101,14,87
2021-10-29 19:37:02-06:00,2,10,-8
2021-10-29 20:07:24-06:00,31,39,-8
2021-10-30 09:51:09+02:00,36,3,33
2021-10-30 10:15:21+02:00,77,4,73
2021-10-30 10:26:05+02:00,10811,6927,3884
2021-10-30 10:28:12+02:00,4,10,-6
2021-10-30 10:50:40+02:00,36,42,-6
2021-10-30 10:53:18+02:00,10,12,-2
2021-10-30 16:07:10+02:00,30,30,0
2021-10-30 16:13:04+02:00,25,19,6
2021-10-30 16:14:13+02:00,3,1,2
2021-10-30 16:36:46+02:00,56,48,8
2021-10-30 16:40:03+02:00,49,9,40
2021-10-30 16:53:48+02:00,16,3,13
2021-10-30 19:43:42+02:00,34,17,17
2021-10-30 19:45:19+02:00,367,179,188
2021-10-31 00:53:36-06:00,3,4,-1
2021-10-31 01:24:02-06:00,1,14,-13
2021-10-31 10:13:11+01:00,24,24,0
2021-10-31 10:49:56+01:00,35,38,-3
2021-10-31 10:53:30+01:00,17,4,13
2021-11-01 03:01:03+00:00,1,1,0
2021-11-01 03:01:10+00:00,1,1,0
2021-11-01 03:01:14+00:00,1,1,0
2021-11-01 03:01:23+00:00,1,1,0
2021-10-31 22:24:27-06:00,154,15,139
2021-11-01 07:53:39+01:00,1,1,0
2021-11-01 07:54:53+01:00,1,1,0
2021-11-01 07:55:09+01:00,1,1,0
2021-11-01 01:04:42-06:00,68,58,10
2021-11-01 01:09:11-06:00,20,4,16
2021-11-01 01:09:57-06:00,108,27,81
2021-11-01 01:13:37-06:00,3,4,-1
2021-11-01 08:26:10+01:00,1,1,0
2021-11-01 09:43:49+01:00,132,13,119
2021-11-01 02:51:59-06:00,203,41,162
2021-11-01 11:07:06+01:00,22,5,17
2021-11-01 06:28:03-06:00,135,134,1
2021-11-01 06:34:22-06:00,5,5,0
2021-11-01 06:40:20-06:00,9,0,9
2021-11-01 13:44:26+01:00,9,2,7
2021-11-01 13:54:12+01:00,12,0,12
2021-11-01 07:52:40-06:00,27,8,19
2021-11-01 20:04:52+01:00,3,0,3
2021-11-01 20:12:34+01:00,1,0,1
2021-11-01 23:07:16+01:00,2,2,0
2021-11-02 19:49:53+01:00,19,0,19
2021-11-02 20:08:56+01:00,6,1,5
2021-11-02 20:26:38+01:00,19,19,0
2021-11-03 07:12:42+01:00,14,1,13
2021-11-03 15:04:45+01:00,2,2,0
2021-11-03 17:06:01+01:00,1,1,0
2021-11-03 19:19:27+01:00,4,2,2
2021-11-03 19:20:39+01:00,2,2,0
2021-11-03 19:27:17+01:00,14,1,13
2021-11-03 19:43:36+01:00,649,270,379
2021-11-03 22:52:37-06:00,134,41,93
2021-11-04 06:22:31+01:00,17,0,17
2021-11-04 07:13:06+01:00,854,72,782
2021-11-04 00:44:58-06:00,1,1,0
2021-11-04 07:26:17-06:00,1,1,0
2021-11-04 15:23:48+01:00,31,39,-8
2021-11-04 10:25:13-04:00,1,1,0
2021-11-04 16:56:21+01:00,1,1,0
2021-11-04 20:03:19+01:00,51,6,45
2021-11-04 23:02:13+01:00,409,6,403
2021-11-05 01:56:16-06:00,97,1,96
2021-11-05 01:56:16-06:00,7,3,4
2021-11-05 01:56:16-06:00,66,65,1
2021-11-05 01:56:16-06:00,4,5,-1
2021-11-05 01:56:16-06:00,13,11,2
2021-11-05 01:56:35-06:00,45,30,15
2021-11-05 01:59:36-06:00,13,46,-33
2021-11-05 01:59:54-06:00,0,18,-18
2021-11-05 18:49:10+01:00,11,10,1
2021-11-05 19:27:54+01:00,16,2,14
2021-11-05 19:44:02+01:00,9,0,9
2021-11-05 19:47:13+01:00,5,4,1
2021-11-05 20:24:40+01:00,70,26,44
2021-11-05 20:44:01+01:00,34,2,32
2021-11-05 21:07:19+01:00,409,6,403
2021-11-05 21:07:28+01:00,70,26,44
2021-11-05 21:07:29+01:00,34,2,32
2021-11-05 22:33:06+01:00,18,55,-37
2021-11-05 22:37:42+01:00,0,0,0
2021-11-05 22:51:35+01:00,1,0,1
2021-11-05 22:52:04+01:00,0,4,-4
2021-11-06 10:23:46+02:00,3,12,-9
2021-11-06 11:48:49+01:00,20,2,18
2021-11-06 05:42:41-06:00,5,1,4
2021-11-06 05:56:58-06:00,4,2,2
2021-11-06 13:09:15+01:00,2,2,0
2021-11-06 13:10:22+01:00,3,1,2
2021-11-06 13:10:41+01:00,21,5,16
2021-11-06 13:14:15+01:00,1,1,0
2021-11-06 15:24:52+01:00,1202,197,1005
2021-11-06 15:29:05+01:00,1,1,0
2021-11-06 15:42:32+01:00,83,17,66
2021-11-06 15:43:34+01:00,452,11,441
2021-11-06 16:20:06+01:00,39,5,34
2021-11-06 16:20:18+01:00,32,2,30
2021-11-06 17:39:21-06:00,52,17,35
2021-11-06 20:48:03-06:00,29,26,3
2021-11-06 21:03:18-06:00,2,2,0
2021-11-06 21:45:35-06:00,33,32,1
2021-11-06 22:05:38-06:00,17,10,7
2021-11-06 22:31:38-06:00,21,5,16
2021-11-06 22:43:02-06:00,28,1,27
2021-11-06 22:46:00-06:00,1651,392,1259
2021-11-07 08:30:47+01:00,28,1,27
2021-11-07 10:43:00+01:00,34,0,34
2021-11-07 10:43:00+01:00,40,31,9
2021-11-07 10:43:00+01:00,67,41,26
2021-11-07 10:43:00+01:00,5,11,-6
2021-11-07 10:43:00+01:00,45,20,25
2021-11-07 10:43:00+01:00,6,5,1
2021-11-07 10:52:20+01:00,10,3,7
2021-11-07 10:55:11+01:00,11,11,0
2021-11-07 11:07:16+01:00,8,7,1
2021-11-07 11:08:30+01:00,3,3,0
2021-11-07 11:31:59+01:00,47,22,25
2021-11-07 13:10:40+01:00,41,13,28
2021-11-07 15:36:43+01:00,8,4,4
2021-11-07 15:41:04+01:00,2,1,1
2021-11-08 03:01:06+00:00,1,1,0
2021-11-08 03:01:14+00:00,1,1,0
2021-11-08 03:01:19+00:00,1,1,0
2021-11-08 03:01:25+00:00,1,1,0
2021-11-08 03:01:32+00:00,1,1,0
2021-11-08 03:01:38+00:00,1,1,0
2021-11-08 06:22:51+01:00,1,1,0
2021-11-08 06:23:18+01:00,1,1,0
2021-11-08 06:23:35+01:00,1,1,0
2021-11-08 06:23:51+01:00,1,1,0
2021-11-08 06:24:23+01:00,1,1,0
2021-11-08 06:24:50+01:00,1,1,0
2021-11-08 05:29:09+00:00,1,1,0
2021-11-08 08:07:40+01:00,1,1,0
2021-11-08 08:09:33+01:00,3,2,1
2021-11-08 01:58:09-06:00,55,34,21
2021-11-08 01:58:23-06:00,44,16,28
2021-11-08 01:58:23-06:00,10,10,0
2021-11-08 01:58:23-06:00,4,0,4
2021-11-08 11:29:10+01:00,1,1,0
2021-11-08 04:44:57-06:00,28,1,27
2021-11-08 19:30:40+01:00,94,36,58
2021-11-08 19:32:13+01:00,11,10,1
2021-11-08 19:59:29+01:00,4,0,4
2021-11-08 20:14:32+01:00,2,0,2
2021-11-09 01:00:57-06:00,61,61,0
2021-11-09 01:17:29-06:00,6,6,0
2021-11-09 07:48:25+00:00,11,0,11
2021-11-09 10:40:01+00:00,10,12,-2
2021-11-09 12:27:38+00:00,1,1,0
2021-11-09 14:18:16+01:00,1,1,0
2021-11-09 15:16:51+01:00,2,0,2
2021-11-09 19:22:29+01:00,54,54,0
2021-11-09 19:34:57+01:00,42,42,0
2021-11-09 19:40:42+01:00,16,20,-4
2021-11-09 19:52:05+01:00,2,0,2
2021-11-09 14:45:10-06:00,41,41,0
2021-11-09 14:45:50-06:00,16,20,-4
2021-11-10 06:38:24+01:00,7,7,0
2021-11-10 06:57:22+01:00,13,3,10
2021-11-10 00:59:53-06:00,23,21,2
2021-11-10 01:19:51-06:00,26,3,23
2021-11-10 15:22:50+01:00,23,21,2
2021-11-10 16:51:31+01:00,1,1,0
2021-11-10 19:16:37+01:00,0,3,-3
2021-11-10 19:43:36+01:00,73,5,68
2021-11-11 12:06:18+01:00,7,10,-3
2021-11-11 12:58:38+01:00,28,25,3
2021-11-11 15:06:16+01:00,24,24,0
2021-11-11 16:12:23+01:00,11,11,0
2021-11-11 16:34:40+01:00,1,0,1
2021-11-11 19:30:55+01:00,63,60,3
2021-11-11 20:07:56+01:00,2,1,1
2021-11-11 20:34:52+01:00,4,5,-1
2021-11-11 17:49:32-06:00,4,4,0
2021-11-11 18:33:46-06:00,3,3,0
2021-11-11 19:10:56-06:00,13,6,7
2021-11-12 07:26:59+01:00,40,12,28
2021-11-12 08:06:29+01:00,23,20,3
2021-11-12 16:18:04-05:00,82,23,59
2021-11-12 21:49:07-05:00,65,48,17
2021-11-13 08:46:06+01:00,50,38,12
2021-11-13 09:03:58+01:00,14,14,0
2021-11-13 09:13:32+01:00,46,26,20
2021-11-13 04:45:23-06:00,93,213,-120
2021-11-13 11:48:31+01:00,44,1,43
2021-11-13 06:21:17-06:00,3,3,0
2021-11-13 08:49:02-05:00,13,15,-2
2021-11-13 10:23:47-05:00,59,93,-34
2021-11-13 14:52:59-05:00,16,21,-5
2021-11-13 15:46:00-05:00,15,39,-24
2021-11-13 16:23:58-06:00,17,62,-45
2021-11-13 16:23:59-06:00,6,3,3
2021-11-13 16:32:43-06:00,7,1,6
2021-11-13 19:22:43-06:00,14,14,0
2021-11-13 19:28:58-06:00,20,20,0
2021-11-13 19:36:49-06:00,5,5,0
2021-11-13 19:45:41-06:00,26,21,5
2021-11-13 19:56:29-06:00,12,5,7
2021-11-14 13:26:32+08:00,73,61,12
2021-11-14 09:02:25+01:00,2,2,0
2021-11-14 09:19:21+01:00,26,19,7
2021-11-14 09:27:33+01:00,74,62,12
2021-11-14 09:31:38+01:00,10,3,7
2021-11-14 09:37:58+01:00,78,60,18
2021-11-14 09:50:04+01:00,5,5,0
2021-11-14 16:51:03+08:00,2,0,2
2021-11-14 09:52:06+01:00,29,65,-36
2021-11-14 16:52:38+08:00,37,27,10
2021-11-14 10:11:02+01:00,10,3,7
2021-11-14 10:12:19+01:00,2,1,1
2021-11-14 03:15:22-06:00,104,128,-24
2021-11-14 10:20:04+01:00,11,5,6
2021-11-14 17:37:31+08:00,13,12,1
2021-11-14 13:37:09+01:00,9,3,6
2021-11-14 21:04:24+08:00,16,11,5
2021-11-14 21:21:59+08:00,31,67,-36
2021-11-14 19:22:12+01:00,51,41,10
2021-11-14 19:49:05+01:00,795,43,752
2021-11-14 19:53:08+01:00,23,20,3
2021-11-14 19:55:56+01:00,3,14,-11
2021-11-14 20:48:55-06:00,787,43,744
2021-11-15 03:01:00+00:00,1,1,0
2021-11-15 03:01:04+00:00,1,1,0
2021-11-14 21:01:08-06:00,7,2,5
2021-11-15 03:01:22+00:00,1,1,0
2021-11-15 03:01:27+00:00,1,1,0
2021-11-15 03:01:30+00:00,1,1,0
2021-11-15 03:01:42+00:00,1,1,0
2021-11-15 03:01:45+00:00,1,1,0
2021-11-15 06:25:55+01:00,1,1,0
2021-11-15 06:26:13+01:00,1,1,0
2021-11-15 06:26:31+01:00,1,1,0
2021-11-15 06:26:50+01:00,1,1,0
2021-11-15 06:27:20+01:00,1,1,0
2021-11-15 06:27:39+01:00,1,1,0
2021-11-15 05:27:49+00:00,1,1,0
2021-11-15 05:27:50+00:00,1,1,0
2021-11-15 06:28:00+01:00,1,1,0
2021-11-15 07:01:15+01:00,1,1,0
2021-11-15 07:01:36+01:00,1,1,0
2021-11-15 07:10:58+01:00,1,23,-22
2021-11-15 23:30:54+08:00,843,84,759
2021-11-15 19:12:36+01:00,966,244,722
2021-11-15 19:57:36+01:00,39,3,36
2021-11-16 06:40:29+01:00,2,2,0
2021-11-16 14:03:33+08:00,82,60,22
2021-11-16 07:04:56+01:00,2,0,2
2021-11-16 14:29:40+08:00,59,58,1
2021-11-16 19:46:27+01:00,218,84,134
2021-11-17 06:58:07+01:00,119,63,56
2021-11-17 19:36:38+01:00,2,2,0
2021-11-18 13:16:17+03:18,1,1,0
2021-11-18 11:58:36+01:00,1,1,0
2021-11-18 19:58:44+01:00,7,11,-4
2021-11-18 20:20:01+01:00,1115,366,749
2021-11-18 20:34:59+01:00,19,2,17
2021-11-18 20:42:43+01:00,72,47,25
2021-11-18 20:55:45+01:00,14,4,10
2021-11-19 07:11:19+01:00,4,1,3
2021-11-19 19:23:48+01:00,18,4,14
2021-11-19 19:34:59+01:00,16,5,11
2021-11-20 01:06:10-06:00,1,1,0
2021-11-20 11:31:36+01:00,1,1,0
2021-11-20 11:35:48+01:00,4,0,4
2021-11-20 11:39:21+01:00,12,7,5
2021-11-20 11:39:24+01:00,119,98,21
2021-11-20 11:39:24+01:00,18,7,11
2021-11-20 11:44:56+01:00,568,570,-2
2021-11-20 11:48:11+01:00,2,8,-6
2021-11-20 16:15:03+01:00,8,6,2
2021-11-20 16:26:07+00:00,17,3,14
2021-11-20 20:09:37+01:00,54,34,20
2021-11-21 09:13:53+01:00,620,584,36
2021-11-21 09:24:20+01:00,20,11,9
2021-11-21 09:55:10+01:00,117,76,41
2021-11-21 10:05:56+01:00,13,17,-4
2021-11-21 10:20:09+01:00,10,8,2
2021-11-21 10:28:40+01:00,8,2,6
2021-11-21 10:36:39+01:00,1,2,-1
2021-11-21 19:29:08+01:00,1,1,0
2021-11-21 19:30:27+01:00,145,59,86
2021-11-21 19:31:59+01:00,147,62,85
2021-11-21 17:48:14-06:00,82,29,53
2021-11-21 17:48:14-06:00,247,125,122
2021-11-21 17:48:14-06:00,14,25,-11
2021-11-21 17:48:14-06:00,1,1,0
2021-11-21 17:48:14-06:00,3,2,1
2021-11-21 17:48:14-06:00,22,10,12
2021-11-21 17:48:14-06:00,108,0,108
2021-11-21 17:48:14-06:00,114,2,112
2021-11-21 17:48:14-06:00,19,7,12
2021-11-21 17:48:14-06:00,11,14,-3
2021-11-21 17:48:14-06:00,31,17,14
2021-11-21 17:48:14-06:00,63,43,20
2021-11-21 17:48:14-06:00,496,254,242
2021-11-22 03:01:36+00:00,1,1,0
2021-11-22 03:01:48+00:00,1,1,0
2021-11-22 03:01:52+00:00,1,1,0
2021-11-22 03:01:56+00:00,1,1,0
2021-11-22 06:44:03+01:00,1,1,0
2021-11-22 06:45:09+01:00,1,1,0
2021-11-22 06:46:29+01:00,1,1,0
2021-11-22 06:46:52+01:00,1,1,0
2021-11-22 05:47:48+00:00,1,1,0
2021-11-22 06:51:06+01:00,2,2,0
2021-11-22 07:13:22+01:00,4,3,1
2021-11-22 07:15:53+01:00,3,3,0
2021-11-22 09:27:45+02:00,22,21,1
2021-11-22 19:08:06+01:00,1,2,-1
2021-11-22 19:14:35+01:00,22,21,1
2021-11-22 19:28:45+01:00,1,2,-1
2021-11-22 20:10:26+01:00,1,1,0
2021-11-22 20:17:54+01:00,1,1,0
2021-11-23 07:08:55+01:00,11,1,10
2021-11-23 07:35:26+01:00,45,34,11
2021-11-23 01:50:23-06:00,1,1,0
2021-11-23 11:09:31+01:00,4,11,-7
2021-11-23 11:33:53+01:00,5,12,-7
2021-11-23 14:04:39+01:00,2,2,0
2021-11-23 15:37:40+01:00,2,2,0
2021-11-23 17:43:37+01:00,5,5,0
2021-11-23 19:01:07+01:00,50,46,4
2021-11-23 20:02:07+01:00,3,0,3
2021-11-23 20:07:54+01:00,1,1,0
2021-11-24 20:20:58+01:00,30,17,13
2021-11-25 16:00:10+09:00,2,1,1
2021-11-25 16:03:29+09:00,2,2,0
2021-11-25 16:56:56+09:00,4,2,2
2021-11-25 17:04:04+09:00,3,3,0
2021-11-26 06:23:29+01:00,5,0,5
2021-11-26 06:29:56+01:00,153,105,48
2021-11-26 07:02:50+01:00,3,3,0
2021-11-26 07:48:24+01:00,6,3,3
2021-11-27 09:10:18+01:00,19,16,3
2021-11-27 09:26:14+01:00,4,2,2
2021-11-27 09:39:10+01:00,4,46,-42
2021-11-27 02:44:06-06:00,5,6,-1
2021-11-27 02:44:14-06:00,55,51,4
2021-11-27 09:53:05+01:00,51,13,38
2021-11-27 09:53:34+01:00,1,1,0
2021-11-27 09:53:34+01:00,1,1,0
2021-11-27 09:54:51+01:00,0,0,0
2021-11-27 09:55:00+01:00,1,1,0
2021-11-27 02:55:42-06:00,32,4,28
2021-11-27 03:11:44-06:00,2,2,0
2021-11-27 16:21:23+01:00,9,1,8
2021-11-27 16:28:41+01:00,2,2,0
2021-11-27 16:30:46+01:00,2,2,0
2021-11-27 16:36:59+01:00,15,1,14
2021-11-27 16:46:17+01:00,1,0,1
2021-11-27 17:00:06+01:00,2,2,0
2021-11-27 17:01:18+01:00,45,27,18
2021-11-27 17:01:56+01:00,3127,1119,2008
2021-11-27 18:26:30+01:00,4,2,2
2021-11-27 19:31:39+01:00,10,1,9
2021-11-27 19:41:36+01:00,21,3,18
2021-11-27 19:53:37+01:00,5,1,4
2021-11-28 08:23:02+09:00,1,0,1
2021-11-28 11:42:57+11:00,75,15,60
2021-11-28 08:28:13+01:00,1,0,1
2021-11-28 14:34:46+01:00,19,4,15
2021-11-28 14:37:54+01:00,11,6,5
2021-11-28 15:03:55+01:00,30,3,27
2021-11-28 15:08:02+01:00,5,4,1
2021-11-28 15:25:57+01:00,11,5,6
2021-11-28 15:43:04+01:00,4,1,3
2021-11-28 15:53:13+01:00,12,53,-41
2021-11-28 19:05:02+01:00,0,3,-3
2021-11-28 19:14:58+01:00,1,1,0
2021-11-28 19:39:43+01:00,97,44,53
2021-11-29 10:30:41+11:00,1,1,0
2021-11-29 10:48:35+11:00,2,3,-1
2021-11-29 03:01:20+00:00,1,1,0
2021-11-29 03:01:27+00:00,1,1,0
2021-11-29 03:01:33+00:00,1,1,0
2021-11-29 03:01:36+00:00,1,1,0
2021-11-29 03:01:38+00:00,1,1,0
2021-11-29 03:01:43+00:00,1,1,0
2021-11-29 03:01:45+00:00,1,1,0
2021-11-29 03:01:50+00:00,1,1,0
2021-11-29 14:32:33+09:00,4,1,3
2021-11-29 14:32:37+09:00,212,132,80
2021-11-29 06:58:41+01:00,1,1,0
2021-11-29 06:58:55+01:00,1,1,0
2021-11-29 06:59:14+01:00,1,1,0
2021-11-29 06:59:30+01:00,1,1,0
2021-11-29 06:59:51+01:00,1,1,0
2021-11-29 06:00:32+00:00,1,1,0
2021-11-29 07:08:46+01:00,1,1,0
2021-11-29 07:09:36+01:00,4,1,3
2021-11-29 08:07:30+01:00,1,1,0
2021-11-29 18:17:59+11:00,6,4,2
2021-11-29 19:32:16+01:00,2,1,1
2021-11-29 19:32:45+01:00,1,1,0
2021-11-29 19:50:59+01:00,3,2,1
2021-11-29 19:52:40+01:00,1,4,-3
2021-11-29 19:54:54+01:00,6,3,3
2021-11-29 20:30:06+01:00,81,17,64
2021-11-29 20:35:43+01:00,3,2,1
2021-11-29 20:44:51+01:00,1,1,0
2021-11-30 06:37:35+01:00,28,2,26
2021-11-30 07:10:12+01:00,3,3,0
2021-11-30 07:10:12+01:00,23,20,3
2021-11-30 19:45:20+01:00,11,21,-10
2021-11-30 20:32:34+01:00,1,1,0
2021-11-30 20:42:18+01:00,24,0,24
2021-11-30 20:46:47+01:00,3,3,0
2021-12-01 07:21:36+01:00,382,198,184
2021-12-01 19:49:40+01:00,25,1,24
2021-12-01 19:57:24+01:00,20,18,2
2021-12-01 20:32:23+01:00,9,9,0
2021-12-02 06:39:18+01:00,31,39,-8
2021-12-02 06:53:15+01:00,45,50,-5
2021-12-02 06:55:08+01:00,2,1,1
2021-12-02 07:09:37+01:00,601,351,250
2021-12-02 19:05:06+01:00,4,4,0
2021-12-02 19:17:47+01:00,20,10,10
2021-12-02 20:19:22+01:00,33,63,-30
2021-12-02 20:20:35+01:00,55,74,-19
2021-12-02 20:25:30+01:00,63,92,-29
2021-12-03 07:04:53+01:00,26,6,20
2021-12-03 07:20:43+01:00,45,19,26
2021-12-03 08:09:32+01:00,9,2,7
2021-12-03 12:12:33+01:00,48,19,29
2021-12-03 12:32:12+01:00,53,59,-6
2021-12-03 12:46:18+01:00,26,0,26
2021-12-03 13:04:31+01:00,33,14,19
2021-12-03 14:15:35+01:00,56,55,1
2021-12-03 14:27:04+01:00,7,7,0
2021-12-03 14:43:49+01:00,22,5,17
2021-12-03 14:57:09+01:00,13,5,8
2021-12-03 15:08:00+01:00,11,7,4
2021-12-03 15:20:18+01:00,5,4,1
2021-12-03 15:34:28+01:00,8,6,2
2021-12-03 16:44:05+01:00,15,12,3
2021-12-03 17:37:44+01:00,3857,1538,2319
2021-12-03 17:44:53+01:00,14,6,8
2021-12-04 13:33:38+01:00,1,1,0
2021-12-04 14:14:22+01:00,9,6,3
2021-12-04 14:40:05+01:00,18,9,9
2021-12-04 14:40:15+01:00,1106,899,207
2021-12-04 14:44:03+01:00,15,0,15
2021-12-04 14:49:45+01:00,9,3,6
2021-12-04 14:51:55+01:00,0,1,-1
2021-12-04 15:13:06+01:00,3,3,0
2021-12-04 15:16:15+01:00,33,11,22
2021-12-04 15:16:42+01:00,49,5,44
2021-12-05 09:24:40+01:00,4,0,4
2021-12-05 09:26:44+01:00,2,2,0
2021-12-05 09:41:24+01:00,1,0,1
2021-12-05 10:01:44+01:00,9,3,6
2021-12-05 10:26:00+01:00,26,8,18
2021-12-06 03:01:18+00:00,1,1,0
2021-12-06 03:01:30+00:00,1,1,0
2021-12-06 03:01:35+00:00,1,1,0
2021-12-06 06:22:58+01:00,1,1,0
2021-12-06 07:03:50+01:00,1,1,0
2021-12-06 07:11:15+01:00,18,2,16
2021-12-07 06:31:39+01:00,25,6,19
2021-12-07 06:59:27+01:00,31,27,4
2021-12-07 07:06:28+01:00,25,18,7
2021-12-07 07:11:36+01:00,13,8,5
2021-12-07 07:25:00+01:00,64,55,9
2021-12-07 11:16:11+02:00,190,0,190
2021-12-07 19:50:16+01:00,17,12,5
2021-12-07 19:57:18+01:00,11,12,-1
2021-12-07 20:00:12+01:00,2,2,0
2021-12-07 20:12:44+01:00,4,4,0
2021-12-07 20:21:49+01:00,4,5,-1
2021-12-08 11:32:58+01:00,12,44,-32
2021-12-08 13:17:20+01:00,12,6,6
2021-12-08 14:15:54+01:00,28,22,6
2021-12-08 14:38:09+01:00,115,112,3
2021-12-08 14:48:56+01:00,4,0,4
2021-12-08 15:59:20+01:00,7,13,-6
2021-12-08 16:07:27+01:00,2,2,0
2021-12-08 16:20:26+01:00,10,2,8
2021-12-09 03:01:59+00:00,1,1,0
2021-12-09 06:15:16+01:00,1,1,0
2021-12-09 06:17:56+01:00,1,1,0
2021-12-09 06:18:11+01:00,1,1,0
2021-12-09 06:18:21+01:00,2,2,0
2021-12-09 06:24:54+01:00,1408,450,958
2021-12-09 06:34:07+01:00,97,23,74
2021-12-09 14:33:14+02:00,2,2,0
2021-12-09 14:47:44+02:00,56,74,-18
2021-12-09 19:47:24+02:00,164,0,164
2021-12-09 20:03:41+02:00,131,3,128
2021-12-09 23:21:35+02:00,76,5,71
2021-12-10 06:46:35+01:00,12,7,5
2021-12-10 07:36:25+01:00,8,4,4
2021-12-10 20:42:24+02:00,25,22,3
2021-12-10 19:50:58+01:00,56,37,19
2021-12-10 19:52:02+01:00,0,74,-74
2021-12-10 19:54:49+01:00,2,78,-76
2021-12-10 22:48:00+02:00,4,6,-2
2021-12-10 23:17:12+02:00,2,1,1
2021-12-11 00:28:12+02:00,270,4,266
2021-12-11 09:49:48+01:00,72,67,5
2021-12-11 10:01:55+01:00,7,2,5
2021-12-11 15:26:08+01:00,34,15,19
2021-12-11 15:53:44+01:00,51,1,50
2021-12-11 15:54:09+01:00,8,0,8
2021-12-11 14:55:05+00:00,1,1,0
2021-12-11 14:55:09+00:00,1,1,0
2021-12-11 14:55:13+00:00,1,1,0
2021-12-11 14:55:21+00:00,1,1,0
2021-12-11 14:55:27+00:00,1,1,0
2021-12-11 16:12:24+01:00,40,4,36
2021-12-11 16:12:36+01:00,1,1,0
2021-12-11 15:13:08+00:00,1,1,0
2021-12-11 15:13:10+00:00,1,1,0
2021-12-11 17:14:04+02:00,149,7,142
2021-12-11 17:14:50+02:00,15,2,13
2021-12-11 16:20:09+01:00,11,21,-10
2021-12-11 16:34:28+01:00,1,1,0
2021-12-11 16:34:36+01:00,1,1,0
2021-12-11 16:35:07+01:00,1,1,0
2021-12-11 16:59:42+01:00,1,1,0
2021-12-11 16:59:56+01:00,1,1,0
2021-12-11 16:00:35+00:00,1,1,0
2021-12-11 18:25:05+02:00,36,7,29
2021-12-11 18:26:11+02:00,5,5,0
2021-12-11 17:26:43+01:00,1,1,0
2021-12-11 18:28:05+02:00,1,1,0
2021-12-11 19:45:30+02:00,3,1,2
2021-12-11 19:41:14+01:00,1,1,0
2021-12-11 19:41:30+01:00,5,2,3
2021-12-11 19:46:35+01:00,1,1,0
2021-12-11 19:50:18+01:00,1,1,0
2021-12-11 20:00:01+01:00,34,15,19
2021-12-12 08:31:38+02:00,37,18,19
2021-12-12 08:37:03+02:00,6,1,5
2021-12-12 10:20:08+01:00,5,2,3
2021-12-12 10:21:54+01:00,0,1,-1
2021-12-12 12:32:09+01:00,2,2,0
2021-12-12 13:21:36+01:00,18,17,1
2021-12-13 02:10:13+02:00,18,17,1
2021-12-13 02:27:09+02:00,51,309,-258
2021-12-13 02:30:29+02:00,0,1,-1
2021-12-13 02:46:37+02:00,2,1,1
2021-12-13 03:01:38+00:00,1,1,0
2021-12-13 03:01:44+00:00,1,1,0
2021-12-13 03:01:49+00:00,1,1,0
2021-12-13 06:50:32+01:00,1,1,0
2021-12-13 06:51:05+01:00,1,1,0
2021-12-13 06:51:17+01:00,1,1,0
2021-12-13 11:17:24+02:00,4,1,3
2021-12-13 13:54:01+02:00,1,1,0
2021-12-13 19:05:35+01:00,5,5,0
2021-12-13 19:29:07+01:00,2,2,0
2021-12-13 20:32:13+02:00,1,0,1
2021-12-13 20:44:18+02:00,10,4,6
2021-12-13 19:44:46+01:00,6,6,0
2021-12-14 06:23:40+01:00,34,0,34
2021-12-15 08:32:12+02:00,11,11,0
2021-12-15 19:25:30+01:00,15,13,2
2021-12-15 19:37:35+01:00,18,4,14
2021-12-15 23:17:44+02:00,33,17,16
2021-12-16 07:11:35+01:00,4,3,1
2021-12-16 13:41:18+01:00,98,18,80
2021-12-16 20:02:14+02:00,98,18,80
2021-12-16 20:18:01+01:00,13,0,13
2021-12-16 22:57:56+02:00,40,11,29
2021-12-17 21:59:58+02:00,13,0,13
2021-12-17 22:27:10+02:00,1,1,0
2021-12-17 22:29:41+02:00,1,0,1
2021-12-18 11:00:25+02:00,22,33,-11
2021-12-18 11:01:06+02:00,66,63,3
2021-12-18 11:15:59+02:00,9,7,2
2021-12-18 15:32:02+01:00,19,18,1
2021-12-18 18:55:12+02:00,17,10,7
2021-12-18 18:55:47+02:00,3,3,0
2021-12-18 23:29:55+01:00,1,1,0
2021-12-19 07:54:49+01:00,1,1,0
2021-12-19 10:36:47+02:00,2,1,1
2021-12-19 12:27:17+02:00,153,0,153
2021-12-19 23:24:46+08:00,18,5,13
2021-12-19 16:47:44+01:00,10,5,5
2021-12-19 23:58:58+08:00,8,1,7
2021-12-19 18:25:53+02:00,1,1,0
2021-12-20 03:01:26+00:00,1,1,0
2021-12-20 03:01:34+00:00,1,1,0
2021-12-20 03:01:40+00:00,1,1,0
2021-12-20 03:01:41+00:00,1,1,0
2021-12-20 03:01:47+00:00,1,1,0
2021-12-20 03:01:52+00:00,1,1,0
2021-12-20 06:36:46+01:00,1,1,0
2021-12-20 06:37:23+01:00,1,1,0
2021-12-20 06:37:41+01:00,1,1,0
2021-12-20 06:37:59+01:00,1,1,0
2021-12-20 05:38:03+00:00,1,1,0
2021-12-20 06:38:25+01:00,1,1,0
2021-12-20 06:38:46+01:00,1,1,0
2021-12-20 05:39:04+00:00,1,1,0
2021-12-20 07:15:30+01:00,168,279,-111
2021-12-20 07:16:21+01:00,1,1,0
2021-12-20 09:01:25+01:00,1,1,0
2021-12-20 19:41:33+01:00,3,0,3
2021-12-20 22:05:58+02:00,11,8,3
2021-12-20 22:07:42+02:00,138,49,89
2021-12-20 22:45:46+02:00,4,3,1
2021-12-21 00:11:01+02:00,6,6,0
2021-12-21 09:11:57+01:00,9,6,3
2021-12-21 19:20:09+01:00,5,4,1
2021-12-21 21:07:15+01:00,44,4,40
2021-12-21 22:23:01+02:00,1,1,0
2021-12-22 02:19:11+02:00,20,0,20
2021-12-22 02:24:21+02:00,44,4,40
2021-12-22 02:42:44+02:00,18,10,8
2021-12-22 11:20:03+02:00,3,1,2
2021-12-22 11:43:48+02:00,1,1,0
2021-12-22 11:49:43+02:00,1,0,1
2021-12-23 11:57:53+02:00,4,2,2
2021-12-23 12:41:37+02:00,3,0,3
2021-12-23 16:25:27+02:00,1,0,1
2021-12-23 16:40:47+02:00,1,1,0
2021-12-23 17:39:43+02:00,5,1,4
2021-12-23 17:01:44+01:00,1,2,-1
2021-12-23 18:49:11+02:00,0,3,-3
2021-12-23 20:33:13+01:00,6,3,3
2021-12-23 20:38:07+01:00,0,55,-55
2021-12-23 21:27:30+01:00,31,47,-16
2021-12-23 21:50:49+01:00,31,47,-16
2021-12-24 12:38:43+02:00,118,201,-83
2021-12-24 12:39:09+02:00,38,107,-69
2021-12-24 19:02:39+02:00,8,1,7
2021-12-25 12:24:12+09:00,1,0,1
2021-12-25 10:35:08+02:00,5,5,0
2021-12-25 10:39:27+02:00,8,0,8
2021-12-25 10:43:25+02:00,0,8,-8
2021-12-25 10:11:15+01:00,8,0,8
2021-12-25 10:30:59+01:00,1,5,-4
2021-12-25 13:47:28+01:00,4,1,3
2021-12-25 14:03:44+01:00,1,1,0
2021-12-25 14:28:22+01:00,90,2,88
2021-12-25 21:06:26+02:00,97,2,95
2021-12-25 22:32:22+01:00,27,2,25
2021-12-26 09:06:26+01:00,37,7,30
2021-12-26 09:49:14+01:00,44,25,19
2021-12-26 15:29:10+01:00,10,8,2
2021-12-26 15:34:37+01:00,4,3,1
2021-12-26 20:01:48+02:00,0,5,-5
2021-12-26 20:02:20+02:00,0,1,-1
2021-12-26 20:03:10+02:00,11,4,7
2021-12-26 20:09:18+02:00,0,2,-2
2021-12-26 21:09:25+01:00,25,60,-35
2021-12-27 03:53:41+00:00,1,1,0
2021-12-27 03:53:47+00:00,1,1,0
2021-12-27 03:53:54+00:00,1,1,0
2021-12-27 03:53:58+00:00,1,1,0
2021-12-27 03:54:03+00:00,1,1,0
2021-12-27 03:54:06+00:00,1,1,0
2021-12-27 03:54:13+00:00,1,1,0
2021-12-27 08:43:36+01:00,1,1,0
2021-12-27 08:43:54+01:00,1,1,0
2021-12-27 08:44:11+01:00,1,1,0
2021-12-27 08:45:01+01:00,1,1,0
2021-12-27 09:42:40+01:00,1,1,0
2021-12-27 09:44:48+01:00,1,1,0
2021-12-27 08:45:22+00:00,1,1,0
2021-12-27 10:03:06+01:00,1,1,0
2021-12-27 16:07:43+01:00,14,10,4
2021-12-27 17:12:26+02:00,7,7,0
2021-12-27 16:39:31+01:00,2,4,-2
2021-12-27 16:39:47+01:00,9,10,-1
2021-12-27 16:47:34+01:00,6,6,0
2021-12-27 16:48:48+01:00,1,1,0
2021-12-27 17:14:59+01:00,24,18,6
2021-12-27 17:15:30+01:00,5,1,4
2021-12-27 19:41:33+02:00,96,107,-11
2021-12-27 19:41:47+02:00,1,1,0
2021-12-27 19:48:18+02:00,0,2,-2
2021-12-27 19:56:45+02:00,2,1,1
2021-12-27 11:16:38-07:00,5,5,0
2021-12-27 11:26:49-07:00,2,2,0
2021-12-27 19:30:17+01:00,5,5,0
2021-12-27 11:46:05-07:00,2,0,2
2021-12-27 12:48:42-07:00,1,5,-4
2021-12-27 13:29:25-07:00,1,1,0
2021-12-27 16:51:02-07:00,10,2,8
2021-12-27 16:51:47-07:00,3,2,1
2021-12-28 09:04:14+01:00,2,2,0
2021-12-28 11:35:17-07:00,5,1,4
2021-12-28 19:37:13+01:00,14,5,9
2021-12-28 11:43:42-07:00,1,0,1
2021-12-29 14:51:57+02:00,2,2,0
2021-12-29 21:24:12+08:00,303,109,194
2021-12-29 21:30:31+08:00,3,4,-1
2021-12-29 21:48:50+08:00,7,6,1
2021-12-29 21:51:56+08:00,4,4,0
2021-12-29 16:17:56+01:00,1,1,0
2021-12-29 16:18:14+01:00,1,1,0
2021-12-29 17:00:19+01:00,914,479,435
2021-12-29 17:05:53+01:00,13,6,7
2021-12-29 17:33:21+01:00,87,34,53
2021-12-29 17:36:47+01:00,0,1,-1
2021-12-29 19:08:38+01:00,9,7,2
2021-12-30 10:14:45+01:00,14,1,13
2021-12-30 10:19:06+01:00,1,0,1
2021-12-30 11:10:38+01:00,6,5,1
2021-12-30 11:10:51+01:00,2,3,-1
2021-12-30 20:05:17+08:00,1,1,0
2021-12-30 16:25:57+01:00,3,2,1
2021-12-30 16:33:01+01:00,8,22,-14
2021-12-30 17:18:46+01:00,118,121,-3
2021-12-30 17:32:36+01:00,32,20,12
2021-12-30 17:34:45+01:00,6,6,0
2021-12-30 19:17:58+01:00,340,117,223
2021-12-30 19:51:49+01:00,4,4,0
2021-12-30 20:00:58+01:00,9,13,-4
2021-12-31 10:23:52+01:00,17,29,-12
2021-12-31 10:32:19+01:00,9,13,-4
2021-12-31 12:10:01+02:00,14,5,9
2021-12-31 11:24:56+01:00,4,1,3
2021-12-31 11:36:52+01:00,14,5,9
2021-12-31 12:54:15+01:00,3,2,1
2021-12-31 06:00:56-06:00,3,3,0
2021-12-31 06:11:43-06:00,0,1,-1
2021-12-31 06:20:00-06:00,3,1,2
2021-12-31 06:26:13-06:00,0,2,-2
2021-12-31 07:30:01-06:00,6,10,-4
2021-12-31 16:49:47+01:00,0,6,-6
2021-12-31 17:02:14+01:00,12,23,-11
2021-12-31 17:27:42+01:00,1,1,0
2021-12-31 17:27:42+01:00,10,6,4
2021-12-31 17:35:08+01:00,1,0,1
2022-01-01 10:04:27+01:00,12,7,5
2022-01-01 10:37:43+01:00,1,1,0
2022-01-01 10:37:58+01:00,6,6,0
2022-01-01 10:43:45+01:00,1,1,0
2022-01-01 13:51:13+01:00,11,9,2
2022-01-01 14:07:21+01:00,11,9,2
2022-01-01 14:11:51+01:00,39,8,31
2022-01-01 14:39:58+01:00,42,8,34
2022-01-01 14:40:20+01:00,31,6,25
2022-01-01 16:55:08+01:00,9,3,6
2022-01-01 19:16:49+01:00,594,315,279
2022-01-01 19:27:42+01:00,111,15,96
2022-01-01 13:49:09-06:00,19,1,18
2022-01-01 13:49:09-06:00,13,60,-47
2022-01-01 13:49:09-06:00,15,10,5
2022-01-01 13:49:09-06:00,47,5,42
2022-01-01 13:49:09-06:00,12,10,2
2022-01-01 13:50:43-06:00,156,17,139
2022-01-01 13:50:49-06:00,15,9,6
2022-01-01 13:50:50-06:00,441,71,370
2022-01-01 13:50:50-06:00,8,9,-1
2022-01-01 13:52:01-06:00,39,51,-12
2022-01-01 13:52:06-06:00,0,1,-1
2022-01-01 13:52:06-06:00,18,2,16
2022-01-01 13:52:06-06:00,2,2,0
2022-01-01 13:52:06-06:00,36,4,32
2022-01-01 13:52:06-06:00,26,14,12
2022-01-01 13:52:06-06:00,3,0,3
2022-01-01 13:52:06-06:00,0,1,-1
2022-01-01 13:53:26-06:00,0,40,-40
2022-01-01 14:03:26-06:00,0,36,-36
2022-01-01 14:08:10-06:00,22,22,0
2022-01-01 14:10:24-06:00,17,18,-1
2022-01-01 15:39:16-06:00,2,77,-75
2022-01-02 13:11:29+01:00,4,8,-4
2022-01-02 13:17:49+01:00,3,1,2
2022-01-02 14:43:07+01:00,19,18,1
2022-01-02 19:38:03+01:00,1,1,0
2022-01-02 20:20:56+01:00,65,4,61
2022-01-02 22:21:41+01:00,300,134,166
2022-01-02 22:25:40+01:00,3,1,2
2022-01-03 03:01:28+00:00,1,1,0
2022-01-03 03:01:37+00:00,1,1,0
2022-01-03 03:01:47+00:00,1,1,0
2022-01-03 03:01:51+00:00,1,1,0
2022-01-02 21:46:06-06:00,1,5,-4
2022-01-03 07:05:19+01:00,1,1,0
2022-01-03 07:05:46+01:00,1,1,0
2022-01-03 07:06:09+01:00,1,1,0
2022-01-03 06:06:26+00:00,1,1,0
2022-01-03 07:07:05+01:00,1,1,0
2022-01-03 06:07:58+00:00,1,1,0
2022-01-03 07:30:04+01:00,1,1,0
2022-01-03 06:30:53+00:00,1,1,0
2022-01-03 06:32:27+00:00,2,2,0
2022-01-03 09:20:56+01:00,1,1,0
2022-01-03 11:41:33+02:00,6,6,0
2022-01-03 17:41:55+01:00,0,1,-1
2022-01-03 17:55:05+01:00,1,2,-1
2022-01-03 17:58:53+01:00,5,5,0
2022-01-03 18:12:45+01:00,4,10,-6
2022-01-03 19:08:59+01:00,6,6,0
2022-01-03 20:18:43+01:00,13,3,10
2022-01-03 21:55:19+01:00,459,37,422
2022-01-04 13:44:03+08:00,1035,523,512
2022-01-04 00:17:42-06:00,472,40,432
2022-01-04 15:37:15+01:00,1,0,1
2022-01-04 17:06:40+01:00,17,64,-47
2022-01-04 17:06:40+01:00,18,4,14
2022-01-04 17:06:40+01:00,2,2,0
2022-01-04 17:06:40+01:00,16,27,-11
2022-01-04 17:07:31+01:00,29,17,12
2022-01-04 17:07:31+01:00,15,14,1
2022-01-04 17:43:39+01:00,41,33,8
2022-01-04 19:17:08+01:00,10,7,3
2022-01-04 19:54:50+01:00,2,2,0
2022-01-04 22:47:33-06:00,179,127,52
2022-01-05 00:57:36-06:00,9,2,7
2022-01-05 20:16:48+01:00,12,19,-7
2022-01-05 20:26:24+01:00,9,9,0
2022-01-05 20:29:40+01:00,13,39,-26
2022-01-05 20:37:26+01:00,6,2,4
2022-01-05 20:40:59+01:00,1,7,-6
2022-01-06 08:22:15+01:00,3,1,2
2022-01-06 08:48:30+01:00,2,1,1
2022-01-06 09:15:30+01:00,1,1,0
2022-01-06 09:29:08+01:00,1,1,0
2022-01-06 09:56:05+01:00,117,132,-15
2022-01-06 10:09:41+01:00,0,1,-1
2022-01-06 10:22:28+01:00,3,9,-6
2022-01-06 10:44:25+01:00,2,1,1
2022-01-06 11:16:26+01:00,2,3,-1
2022-01-06 13:40:12+01:00,1,1,0
2022-01-06 13:49:27+01:00,9,3,6
2022-01-06 13:51:15+01:00,3,2,1
2022-01-06 13:53:27+01:00,13,11,2
2022-01-06 05:31:23-08:00,1,1,0
2022-01-06 15:59:59+01:00,1,1,0
2022-01-06 16:25:19+01:00,13,11,2
2022-01-06 19:07:43+01:00,13,6,7
2022-01-06 19:07:47+01:00,1,0,1
2022-01-06 19:07:47+01:00,19,9,10
2022-01-06 19:28:04+01:00,11,11,0
2022-01-06 19:49:25+01:00,11,33,-22
2022-01-07 07:55:11+01:00,2,2,0
2022-01-07 08:04:01+01:00,0,2,-2
2022-01-07 08:36:26+01:00,22,46,-24
2022-01-07 09:07:16+01:00,33,15,18
2022-01-07 09:27:07+01:00,10,9,1
2022-01-07 09:27:07+01:00,7,7,0
2022-01-07 09:30:50+01:00,5,0,5
2022-01-07 09:43:57+01:00,16,15,1
2022-01-07 10:13:16+01:00,212,217,-5
2022-01-07 12:07:49+02:00,2,5,-3
2022-01-07 17:17:35+01:00,9,2,7
2022-01-07 17:25:09+01:00,2,5,-3
2022-01-07 17:34:47+01:00,6,1,5
2022-01-07 20:00:20+01:00,2,3,-1
2022-01-08 03:09:47-06:00,4,7,-3
2022-01-08 10:34:23+01:00,4,7,-3
2022-01-08 10:44:07+01:00,3,0,3
2022-01-08 10:45:15+01:00,13,9,4
2022-01-08 14:57:15+02:00,284,329,-45
2022-01-08 15:06:05+02:00,4,0,4
2022-01-08 14:39:09+01:00,9,8,1
2022-01-08 14:46:07+01:00,10,2,8
2022-01-08 14:54:39+01:00,8,2,6
2022-01-08 17:18:37+02:00,18,0,18
2022-01-08 17:20:02+02:00,69,29,40
2022-01-08 17:21:32+02:00,0,1,-1
2022-01-08 17:41:59+02:00,1,0,1
2022-01-08 17:42:17+02:00,8,2,6
2022-01-08 21:30:42+02:00,4,2,2
2022-01-09 14:09:57+05:18,4,4,0
2022-01-09 17:06:19+01:00,4,4,0
2022-01-10 03:01:38+00:00,1,1,0
2022-01-10 03:01:43+00:00,1,1,0
2022-01-10 03:01:52+00:00,1,1,0
2022-01-10 03:01:56+00:00,1,1,0
2022-01-10 03:01:59+00:00,1,1,0
2022-01-10 03:02:11+00:00,1,1,0
2022-01-10 06:37:57+01:00,1,1,0
2022-01-10 06:38:13+01:00,1,1,0
2022-01-10 06:38:35+01:00,1,1,0
2022-01-10 05:38:50+00:00,2,2,0
2022-01-10 06:39:37+01:00,1,1,0
2022-01-10 05:39:59+00:00,1,1,0
2022-01-10 06:40:15+01:00,1,1,0
2022-01-10 08:26:22+01:00,1,1,0
2022-01-10 08:27:02+01:00,1,1,0
2022-01-10 07:27:35+00:00,1,1,0
2022-01-10 07:27:43+00:00,1,1,0
2022-01-10 07:28:13+00:00,1,1,0
2022-01-10 10:25:46+01:00,1,1,0
2022-01-10 10:26:07+01:00,1,1,0
2022-01-10 10:26:22+01:00,1,1,0
2022-01-10 09:27:22+00:00,1,1,0
2022-01-10 09:27:39+00:00,1,1,0
2022-01-10 11:16:46+01:00,1,1,0
2022-01-10 11:16:56+01:00,1,1,0
2022-01-10 11:17:19+01:00,1,1,0
2022-01-10 10:18:55+00:00,1,1,0
2022-01-10 10:19:41+00:00,1,1,0
2022-01-10 13:22:40+01:00,1,1,0
2022-01-10 20:15:27+02:00,18,18,0
2022-01-10 20:16:11+02:00,2,2,0
2022-01-10 20:30:32+02:00,4,2,2
2022-01-10 20:30:40+02:00,1,0,1
2022-01-10 20:43:57+02:00,1,1,0
2022-01-11 07:16:49+01:00,5,5,0
2022-01-11 08:05:34+01:00,6,6,0
2022-01-11 10:49:32+02:00,6,6,0
2022-01-11 11:43:32+02:00,1,0,1
2022-01-11 11:48:51+02:00,6,6,0
2022-01-11 12:05:57+02:00,3,1,2
2022-01-11 15:02:21+01:00,1,1,0
2022-01-12 05:02:42+02:00,5,2,3
2022-01-12 05:09:52+02:00,5,4,1
2022-01-12 06:06:23+02:00,6,3,3
2022-01-12 06:09:06+02:00,2,2,0
2022-01-12 09:21:52+02:00,1,0,1
2022-01-12 09:22:06+02:00,1,1,0
2022-01-12 09:11:42+01:00,1,1,0
2022-01-13 01:48:38+00:00,1,1,0
2022-01-13 06:51:52+01:00,1,1,0
2022-01-13 10:04:39+02:00,2,2,0
2022-01-13 09:24:13+01:00,2,1,1
2022-01-13 17:18:07+01:00,4,3,1
2022-01-13 20:16:45+02:00,7,7,0
2022-01-13 20:24:21+02:00,1,2,-1
2022-01-13 20:31:03+02:00,12,9,3
2022-01-13 20:33:40+02:00,1,1,0
2022-01-13 20:44:03+02:00,0,1,-1
2022-01-14 17:09:10+02:00,2,1,1
2022-01-14 20:02:35+02:00,60,6,54
2022-01-14 20:02:47+02:00,2,1,1
2022-01-14 20:25:29+02:00,3,3,0
2022-01-14 20:46:16+02:00,5,6,-1
2022-01-14 21:05:05+02:00,1,1,0
2022-01-15 04:30:30+01:00,45,36,9
2022-01-15 15:11:13+01:00,12,14,-2
2022-01-15 15:24:42+01:00,1269,119,1150
2022-01-15 15:25:16+01:00,6,0,6
2022-01-15 17:30:40+02:00,177,14,163
2022-01-15 17:30:40+02:00,85,0,85
2022-01-15 17:30:40+02:00,3,5,-2
2022-01-15 17:30:40+02:00,2,1,1
2022-01-15 17:31:16+02:00,1,1,0
2022-01-15 17:36:42+01:00,2,5,-3
2022-01-16 00:19:21+01:00,5,3,2
2022-01-16 10:00:13+09:00,2,1,1
2022-01-16 08:04:39+01:00,7,0,7
2022-01-16 19:10:32+09:00,1,2,-1
2022-01-16 13:17:12+01:00,15,6,9
2022-01-16 13:39:50+01:00,7,2,5
2022-01-16 14:49:29+01:00,5,6,-1
2022-01-16 15:37:00+01:00,18,4,14
2022-01-16 18:01:05+01:00,5,0,5
2022-01-16 19:09:37+01:00,267,15,252
2022-01-16 19:11:20+01:00,14,2,12
2022-01-17 10:57:10+09:00,4,2,2
2022-01-17 10:59:16+09:00,328,29,299
2022-01-17 03:01:53+00:00,1,1,0
2022-01-17 03:01:57+00:00,1,1,0
2022-01-17 03:02:02+00:00,1,1,0
2022-01-17 03:02:14+00:00,1,1,0
2022-01-17 03:02:17+00:00,1,1,0
2022-01-17 03:02:21+00:00,1,1,0
2022-01-17 03:02:28+00:00,1,1,0
2022-01-17 06:27:21+01:00,1,1,0
2022-01-17 06:27:39+01:00,1,1,0
2022-01-17 05:27:54+00:00,1,1,0
2022-01-17 06:28:15+01:00,1,1,0
2022-01-17 05:28:33+00:00,1,1,0
2022-01-17 06:30:27+01:00,1,1,0
2022-01-17 06:31:46+01:00,1,1,0
2022-01-17 05:32:38+00:00,1,1,0
2022-01-17 06:40:26+01:00,1,1,0
2022-01-17 08:04:59+01:00,1,1,0
2022-01-17 08:05:20+01:00,1,1,0
2022-01-17 07:06:07+00:00,1,1,0
2022-01-17 08:08:52+01:00,1,1,0
2022-01-17 08:10:05+01:00,1,1,0
2022-01-17 07:10:59+00:00,1,1,0
2022-01-17 16:37:06+09:00,2,2,0
2022-01-17 08:41:35+01:00,1,1,0
2022-01-17 13:23:37+02:00,1,3,-2
2022-01-17 13:17:01+01:00,1,3,-2
2022-01-17 19:01:49+01:00,1,1,0
2022-01-17 19:06:26+01:00,17,15,2
2022-01-17 19:20:42+01:00,66,66,0
2022-01-17 19:20:47+01:00,2,0,2
2022-01-17 20:00:35+01:00,1,1,0
2022-01-17 20:02:59+01:00,3,0,3
2022-01-17 20:32:27+01:00,2,0,2
2022-01-18 13:53:03+05:18,1,1,0
2022-01-18 09:55:02+01:00,1,1,0
2022-01-18 16:49:58+01:00,45,36,9
2022-01-18 16:52:34+01:00,3,2,1
2022-01-19 01:07:41+00:00,6,3,3
2022-01-19 01:31:14+00:00,0,3,-3
2022-01-19 01:37:47+00:00,1,1,0
2022-01-19 01:50:15+00:00,64,1,63
2022-01-19 02:00:14+00:00,1,0,1
2022-01-19 06:57:44+01:00,81,77,4
2022-01-19 16:14:21+09:00,10,3,7
2022-01-19 16:50:13+09:00,7,3,4
2022-01-19 11:44:35+02:00,117,42,75
2022-01-19 21:58:24+09:00,12,2,10
2022-01-19 22:16:42+09:00,8,12,-4
2022-01-19 20:08:09+01:00,3,1,2
2022-01-19 20:19:17+01:00,7,5,2
2022-01-19 21:01:24+01:00,124,45,79
2022-01-20 09:07:59+09:00,1,1,0
2022-01-20 10:03:26+09:00,20,2,18
2022-01-20 10:34:35+09:00,1,1,0
2022-01-20 11:40:29+09:00,2,4,-2
2022-01-20 06:35:18+01:00,6,1,5
2022-01-20 06:51:48+01:00,27,16,11
2022-01-20 07:11:48+01:00,14,1,13
2022-01-20 11:37:54+00:00,167,59,108
2022-01-20 17:15:05+00:00,1,0,1
2022-01-20 17:17:58+00:00,1,0,1
2022-01-20 18:37:17+00:00,4,4,0
2022-01-20 18:44:09+00:00,4,4,0
2022-01-20 21:00:33+00:00,6,5,1
2022-01-21 00:35:22+00:00,7,4,3
2022-01-21 06:51:44+01:00,9,7,2
2022-01-21 07:04:25+01:00,7,1,6
2022-01-21 07:49:21+01:00,17,4,13
2022-01-21 17:11:36+09:00,193,70,123
2022-01-21 08:27:54+00:00,2,1,1
2022-01-21 15:24:26+01:00,12,1,11
2022-01-21 16:49:08+01:00,23,21,2
2022-01-21 16:49:08+01:00,24,0,24
2022-01-21 17:19:39+01:00,20,14,6
2022-01-21 19:31:11+01:00,9,4,5
2022-01-22 07:11:59+01:00,19,5,14
2022-01-22 06:54:49+00:00,87,3,84
2022-01-22 06:54:57+00:00,194,67,127
2022-01-22 08:09:08+01:00,11,0,11
2022-01-22 08:10:09+01:00,3,1,2
2022-01-22 10:33:52+01:00,19,5,14
2022-01-22 21:25:16+09:00,45,7,38
2022-01-22 13:26:02+01:00,18,8,10
2022-01-22 15:01:27+01:00,7,65,-58
2022-01-22 14:03:12+00:00,1,0,1
2022-01-22 14:06:45+00:00,1,0,1
2022-01-22 15:59:10+01:00,28,26,2
2022-01-22 16:17:47+01:00,1,0,1
2022-01-22 16:31:59+01:00,1,1,0
2022-01-22 15:39:39+00:00,68,4,64
2022-01-22 15:40:57+00:00,89,27,62
2022-01-22 17:56:01+01:00,1883,249,1634
2022-01-22 18:01:02+01:00,15,4,11
2022-01-22 18:01:56+01:00,4,4,0
2022-01-22 19:44:20+01:00,35,9,26
2022-01-22 19:44:20+01:00,26,33,-7
2022-01-22 19:44:20+01:00,37,5,32
2022-01-22 19:45:43+01:00,43,7,36
2022-01-22 19:45:46+01:00,7,7,0
2022-01-22 19:45:46+01:00,24,19,5
2022-01-22 19:45:46+01:00,8,5,3
2022-01-22 19:46:10+01:00,32,12,20
2022-01-22 19:46:11+01:00,11,8,3
2022-01-22 19:46:11+01:00,2,1,1
2022-01-22 19:46:11+01:00,109,2,107
2022-01-23 03:54:58+00:00,6,2,4
2022-01-23 08:10:35+01:00,19,12,7
2022-01-23 11:33:06+00:00,11,9,2
2022-01-23 17:44:16+02:00,37,9,28
2022-01-23 17:56:41+02:00,3,2,1
2022-01-23 17:00:00+01:00,2,2,0
2022-01-23 18:09:57+02:00,2,2,0
2022-01-23 17:28:10+01:00,46,37,9
2022-01-23 17:42:18+01:00,2,0,2
2022-01-23 17:42:51+01:00,39,10,29
2022-01-23 18:59:09+01:00,7,8,-1
2022-01-23 19:07:37+01:00,31,2,29
2022-01-23 19:20:31+01:00,9,9,0
2022-01-23 20:52:35+02:00,3,0,3
2022-01-23 20:58:25+02:00,8,8,0
2022-01-23 21:58:46+02:00,59,7,52
2022-01-24 01:35:42+00:00,1,1,0
2022-01-24 03:01:03+00:00,1,1,0
2022-01-24 03:01:07+00:00,1,1,0
2022-01-24 03:01:12+00:00,1,1,0
2022-01-24 03:01:22+00:00,1,1,0
2022-01-24 03:01:24+00:00,1,1,0
2022-01-24 03:01:30+00:00,1,1,0
2022-01-24 03:01:33+00:00,1,1,0
2022-01-24 06:22:24+01:00,1,1,0
2022-01-24 06:22:58+01:00,1,1,0
2022-01-24 06:52:57+01:00,1,1,0
2022-01-24 06:53:39+01:00,1,1,0
2022-01-24 06:59:21+01:00,8,5,3
2022-01-24 08:01:00+02:00,4,4,0
2022-01-24 07:02:01+01:00,31,18,13
2022-01-24 07:02:02+01:00,64,2,62
2022-01-24 07:02:02+01:00,1,1,0
2022-01-24 07:11:22+01:00,1,0,1
2022-01-24 08:00:46+01:00,1,1,0
2022-01-24 08:02:01+01:00,1,1,0
2022-01-24 09:28:40+01:00,94,19,75
2022-01-24 13:52:53+02:00,96,21,75
2022-01-24 13:56:52+02:00,1,1,0
2022-01-24 14:09:23+02:00,2,2,0
2022-01-24 15:27:03+02:00,2,2,0
2022-01-24 19:07:37+01:00,2,1,1
2022-01-24 19:12:28+01:00,7,7,0
2022-01-24 21:46:33+00:00,203,85,118
2022-01-25 10:30:03+09:00,255,99,156
2022-01-25 10:30:18+09:00,222,93,129
2022-01-25 06:30:03+01:00,6,1,5
2022-01-25 06:43:03+01:00,2,1,1
2022-01-25 06:43:36+01:00,21,24,-3
2022-01-25 05:44:03+00:00,1,1,0
2022-01-25 06:44:20+01:00,16,12,4
2022-01-25 11:43:40+00:00,27,6,21
2022-01-25 13:18:54+01:00,1,1,0
2022-01-25 12:29:55+00:00,4,4,0
2022-01-25 19:11:05+01:00,35,20,15
2022-01-25 19:37:22+01:00,27,6,21
2022-01-25 20:01:14+01:00,21,24,-3
2022-01-26 06:53:00+01:00,18,14,4
2022-01-26 07:10:38+01:00,14,10,4
2022-01-26 06:56:39+00:00,5,0,5
2022-01-26 07:06:52+00:00,59,33,26
2022-01-26 07:07:00+00:00,255,99,156
2022-01-26 16:09:11+09:00,49,30,19
2022-01-26 19:07:44+01:00,9,4,5
2022-01-26 19:11:01+01:00,23,21,2
2022-01-26 19:24:01+01:00,19,14,5
2022-01-26 19:49:15+01:00,1,0,1
2022-01-26 19:53:46+01:00,24,10,14
2022-01-26 20:07:58+01:00,32,4,28
2022-01-26 20:17:00+01:00,37,29,8
2022-01-27 06:31:45+01:00,18,15,3
2022-01-27 07:04:06+01:00,6,5,1
2022-01-27 07:36:38+01:00,6,0,6
2022-01-27 07:38:11+01:00,38,21,17
2022-01-27 16:57:50+01:00,23,22,1
2022-01-27 17:01:28+01:00,313,83,230
2022-01-27 18:59:23+01:00,42,0,42
2022-01-27 20:13:51+01:00,85,21,64
2022-01-27 22:21:16+01:00,3,0,3
2022-01-28 06:57:13+09:00,91,21,70
2022-01-28 09:16:56+09:00,1,1,0
2022-01-28 09:31:36+09:00,1,1,0
2022-01-28 06:59:08+01:00,1,1,0
2022-01-28 06:59:37+01:00,6,6,0
2022-01-28 07:20:47+01:00,15,9,6
2022-01-28 07:25:10+01:00,7,3,4
2022-01-28 08:08:00+01:00,15,9,6
2022-01-28 10:26:31+01:00,3,0,3
2022-01-28 10:33:35+01:00,14,8,6
2022-01-28 11:17:16+01:00,3,0,3
2022-01-28 11:17:27+01:00,0,0,0
2022-01-28 12:35:44+01:00,6,0,6
2022-01-28 15:52:12+01:00,14,16,-2
2022-01-28 17:07:34+01:00,2,2,0
2022-01-28 19:17:46+01:00,56,35,21
2022-01-28 19:21:42+01:00,1,1,0
2022-01-29 14:19:30+01:00,347,135,212
2022-01-29 14:29:09+01:00,8,2,6
2022-01-29 14:31:58+01:00,7,4,3
2022-01-29 23:20:41+09:00,27,9,18
2022-01-29 19:59:54+01:00,11,11,0
2022-01-29 20:16:58+01:00,2,1,1
2022-01-30 07:36:14+01:00,190,103,87
2022-01-30 21:19:05+09:00,3,6,-3
2022-01-30 14:08:42+01:00,2,2,0
2022-01-30 14:11:20+01:00,3,6,-3
2022-01-30 15:33:52+01:00,69,45,24
2022-01-31 03:01:18+00:00,1,1,0
2022-01-31 03:01:22+00:00,1,1,0
2022-01-31 03:01:25+00:00,1,1,0
2022-01-31 03:01:27+00:00,1,1,0
2022-01-31 03:01:31+00:00,1,1,0
2022-01-31 03:01:34+00:00,1,1,0
2022-01-31 03:01:42+00:00,1,1,0
2022-01-31 03:01:46+00:00,1,1,0
2022-01-31 06:54:52+01:00,1,1,0
2022-01-31 06:55:13+01:00,1,1,0
2022-01-31 06:55:43+01:00,1,1,0
2022-01-31 06:56:08+01:00,1,1,0
2022-01-31 06:58:58+01:00,1,1,0
2022-01-31 07:00:12+01:00,1,1,0
2022-01-31 07:00:28+01:00,1,1,0
2022-01-31 07:00:42+01:00,1,1,0
2022-01-31 02:40:10-06:00,5,16,-11
2022-01-31 03:01:44-06:00,155,15,140
2022-01-31 03:02:17-06:00,16,29,-13
2022-01-31 04:12:37-06:00,2,4,-2
2022-01-31 15:42:45+01:00,2,4,-2
2022-01-31 19:01:59+01:00,176,60,116
2022-01-31 12:06:04-06:00,0,1,-1
2022-01-31 19:09:07+01:00,0,1,-1
2022-01-31 12:15:54-06:00,246,8,238
2022-01-31 12:15:54-06:00,115,96,19
2022-01-31 12:15:54-06:00,140,22,118
2022-01-31 12:15:54-06:00,12,11,1
2022-01-31 12:15:54-06:00,11,12,-1
2022-01-31 12:15:54-06:00,22,140,-118
2022-01-31 12:15:54-06:00,67,1,66
2022-01-31 12:15:54-06:00,38,44,-6
2022-01-31 12:15:54-06:00,83,72,11
2022-01-31 12:15:54-06:00,8,1,7
2022-01-31 12:15:54-06:00,12,8,4
2022-01-31 12:15:54-06:00,13,3,10
2022-01-31 12:15:54-06:00,4,3,1
2022-01-31 12:15:54-06:00,20,0,20
2022-01-31 12:15:54-06:00,104,45,59
2022-01-31 12:15:54-06:00,228,57,171
2022-01-31 12:15:54-06:00,68,67,1
2022-01-31 12:15:54-06:00,3,3,0
2022-01-31 12:15:54-06:00,5,7,-2
2022-01-31 12:15:54-06:00,236,65,171
2022-01-31 12:15:54-06:00,13,11,2
2022-01-31 12:15:54-06:00,10,1,9
2022-01-31 12:15:54-06:00,52,1,51
2022-01-31 12:15:54-06:00,73,65,8
2022-01-31 12:16:38-06:00,67,24,43
2022-01-31 12:16:43-06:00,182,214,-32
2022-01-31 12:16:43-06:00,55,52,3
2022-01-31 12:16:43-06:00,0,1,-1
2022-01-31 12:16:43-06:00,57,31,26
2022-01-31 12:16:43-06:00,34,3,31
2022-01-31 12:16:43-06:00,87,74,13
2022-01-31 12:16:43-06:00,18,18,0
2022-01-31 12:16:43-06:00,2,3,-1
2022-01-31 12:16:43-06:00,2,5,-3
2022-01-31 12:16:43-06:00,4,1,3
2022-01-31 12:16:43-06:00,358,527,-169
2022-01-31 12:16:43-06:00,16,15,1
2022-01-31 12:16:43-06:00,8,8,0
2022-01-31 12:17:07-06:00,1,2,-1
2022-01-31 12:17:07-06:00,31,41,-10
2022-01-31 12:17:07-06:00,20,57,-37
2022-01-31 12:17:07-06:00,62,135,-73
2022-01-31 12:17:07-06:00,1,1,0
2022-01-31 12:17:07-06:00,5,13,-8
2022-01-31 12:17:07-06:00,79,191,-112
2022-01-31 12:18:25-06:00,138,122,16
2022-01-31 12:18:30-06:00,2,3,-1
2022-01-31 12:18:30-06:00,7,6,1
2022-01-31 12:21:12-06:00,42,34,8
2022-01-31 12:21:12-06:00,6,4,2
2022-01-31 12:49:18-06:00,12,7,5
2022-01-31 20:04:19+01:00,1,1,0
2022-01-31 20:09:25+01:00,3,1,2
2022-01-31 13:18:31-06:00,0,10,-10
2022-01-31 13:21:27-06:00,4,3,1
2022-01-31 20:22:12+01:00,1,1,0
2022-01-31 20:23:02+01:00,15,12,3
2022-01-31 20:26:57+01:00,54,39,15
2022-01-31 13:44:57-06:00,8,8,0
2022-01-31 14:00:52-06:00,29,30,-1
2022-01-31 14:01:06-06:00,6,3,3
2022-01-31 14:22:01-06:00,63,44,19
2022-02-01 01:06:57+00:00,176,71,105
2022-02-01 01:07:15+00:00,176,71,105
2022-02-01 06:15:57+01:00,1,1,0
2022-02-01 06:36:46+01:00,729,205,524
2022-02-01 06:37:13+01:00,1,7,-6
2022-02-01 07:08:43+01:00,19,4,15
2022-02-01 18:50:22+01:00,1,1,0
2022-02-01 19:11:51+01:00,4,3,1
2022-02-01 13:05:40-06:00,147,147,0
2022-02-01 20:45:06+01:00,15,12,3
2022-02-02 06:41:42+01:00,7,6,1
2022-02-02 06:50:54+01:00,5,1,4
2022-02-02 07:04:29+01:00,153,152,1
2022-02-02 00:08:50-06:00,1,1,0
2022-02-02 00:08:50-06:00,48,9,39
2022-02-02 00:09:53-06:00,1,1,0
2022-02-02 00:09:58-06:00,3,3,0
2022-02-02 00:28:57-06:00,30,6,24
2022-02-02 07:46:17+01:00,80,17,63
2022-02-02 12:20:05+01:00,5,3,2
2022-02-02 14:46:44+01:00,25,6,19
2022-02-02 12:42:13-06:00,2,0,2
2022-02-02 19:46:33+01:00,1,1,0
2022-02-02 19:46:48+01:00,1,1,0
2022-02-02 19:52:10+01:00,49,3,46
2022-02-02 19:53:45+01:00,66,8,58
2022-02-03 12:29:04+01:00,2755,769,1986
2022-02-03 19:11:35+01:00,36,29,7
2022-02-03 19:41:45+01:00,53,10,43
2022-02-03 19:47:03+01:00,13,13,0
2022-02-03 17:48:08-06:00,52,27,25
2022-02-03 17:48:33-06:00,2,1,1
2022-02-03 17:48:33-06:00,2,1,1
2022-02-03 17:48:33-06:00,6,2,4
2022-02-03 17:48:33-06:00,0,1,-1
2022-02-03 17:48:33-06:00,1,1,0
2022-02-03 17:48:33-06:00,120,4,116
2022-02-03 17:48:34-06:00,2,2,0
2022-02-03 17:48:34-06:00,53,49,4
2022-02-03 17:48:34-06:00,1,1,0
2022-02-03 17:48:34-06:00,2,1,1
2022-02-03 17:48:34-06:00,49,53,-4
2022-02-03 17:48:34-06:00,0,1,-1
2022-02-03 20:33:03-06:00,161,0,161
2022-02-03 20:33:03-06:00,25,88,-63
2022-02-03 20:33:03-06:00,95,27,68
2022-02-03 20:33:03-06:00,2,7,-5
2022-02-03 20:33:03-06:00,86,90,-4
2022-02-03 20:33:04-06:00,48,56,-8
2022-02-03 20:33:04-06:00,47,15,32
2022-02-03 20:33:16-06:00,7,14,-7
2022-02-03 20:33:16-06:00,49,35,14
2022-02-03 20:33:16-06:00,25,5,20
2022-02-03 20:33:16-06:00,2,2,0
2022-02-03 20:33:16-06:00,12,3,9
2022-02-03 20:33:16-06:00,2,0,2
2022-02-03 20:33:16-06:00,40,18,22
2022-02-03 20:39:47-06:00,1,2,-1
2022-02-04 07:20:18+01:00,188,41,147
2022-02-04 07:20:27+01:00,3,4,-1
2022-02-04 04:41:41-06:00,0,1,-1
2022-02-04 04:41:54-06:00,3,4,-1
2022-02-04 04:42:38-06:00,187,40,147
2022-02-04 04:54:16-06:00,1,0,1
2022-02-04 12:47:13+01:00,28,9,19
2022-02-04 12:47:13+01:00,5,22,-17
2022-02-04 13:14:55+01:00,2,4,-2
2022-02-04 16:31:03+01:00,11,11,0
2022-02-04 14:26:15-06:00,22,26,-4
2022-02-04 17:55:49-06:00,55,0,55
2022-02-05 08:18:05-06:00,2,2,0
2022-02-05 16:22:45+01:00,170,8,162
2022-02-05 16:28:21+01:00,34,6,28
2022-02-05 16:28:21+01:00,13,6,7
2022-02-05 16:28:21+01:00,25,4,21
2022-02-05 16:28:21+01:00,88,70,18
2022-02-05 16:28:21+01:00,3,3,0
2022-02-05 16:28:21+01:00,2,2,0
2022-02-05 16:28:21+01:00,11,4,7
2022-02-05 16:28:21+01:00,6,2,4
2022-02-05 16:28:46+01:00,9,11,-2
2022-02-05 16:28:47+01:00,6,3,3
2022-02-05 16:28:47+01:00,27,14,13
2022-02-05 16:28:47+01:00,29,13,16
2022-02-05 16:28:47+01:00,32,4,28
2022-02-05 16:28:47+01:00,10,3,7
2022-02-05 16:28:47+01:00,19,13,6
2022-02-05 16:28:47+01:00,3,3,0
2022-02-05 16:28:47+01:00,48,0,48
2022-02-05 16:28:47+01:00,37,1,36
2022-02-05 16:35:05+01:00,1,1,0
2022-02-05 17:14:33+01:00,58,3,55
2022-02-05 17:36:19+00:00,23,15,8
2022-02-05 22:19:42+01:00,1,1,0
2022-02-06 00:17:48+00:00,3,3,0
2022-02-05 18:29:48-06:00,0,1,-1
2022-02-06 01:07:30+00:00,3,1,2
2022-02-06 02:21:16+00:00,1,0,1
2022-02-06 02:31:14+00:00,4,1,3
2022-02-06 02:49:02+00:00,19,18,1
2022-02-06 03:04:23+00:00,1,3,-2
2022-02-06 03:16:56+00:00,8,8,0
2022-02-06 07:44:29+01:00,321,86,235
2022-02-06 07:47:10+01:00,4,4,0
2022-02-06 07:08:27+00:00,5,4,1
2022-02-06 10:33:49+00:00,18,40,-22
2022-02-06 13:15:03+01:00,5,5,0
2022-02-06 13:19:00+01:00,2,1,1
2022-02-06 13:37:31+01:00,9,2,7
2022-02-06 14:06:46+01:00,33,0,33
2022-02-06 14:20:09+01:00,12,2,10
2022-02-06 14:33:31+01:00,4,3,1
2022-02-06 14:38:20+01:00,3,0,3
2022-02-06 14:39:02+01:00,99,87,12
2022-02-06 15:40:54+01:00,34,3,31
2022-02-06 16:02:18+01:00,61,1,60
2022-02-06 16:03:14+01:00,12,10,2
2022-02-06 16:19:11+01:00,33,4,29
2022-02-06 16:26:00+01:00,28,0,28
2022-02-06 16:28:01+01:00,3,3,0
2022-02-06 15:32:59+00:00,4,1,3
2022-02-06 17:08:37+01:00,59,27,32
2022-02-06 21:09:40+01:00,4,3,1
2022-02-07 01:40:05+00:00,26,26,0
2022-02-07 01:52:59+00:00,4,4,0
2022-02-07 03:01:13+00:00,1,1,0
2022-02-07 03:01:18+00:00,1,1,0
2022-02-07 03:01:27+00:00,1,1,0
2022-02-07 03:01:29+00:00,1,1,0
2022-02-07 03:01:31+00:00,1,1,0
2022-02-07 03:01:43+00:00,1,1,0
2022-02-07 03:01:48+00:00,1,1,0
2022-02-07 06:22:27+01:00,4,4,0
2022-02-07 06:27:10+01:00,1,1,0
2022-02-07 06:27:28+01:00,1,1,0
2022-02-07 06:28:25+01:00,1,1,0
2022-02-07 05:28:26+00:00,1,1,0
2022-02-07 06:28:46+01:00,1,1,0
2022-02-07 06:31:16+01:00,1,1,0
2022-02-07 06:32:46+01:00,1,1,0
2022-02-07 07:03:08+01:00,1,1,0
2022-02-07 07:03:19+01:00,1,1,0
2022-02-07 07:20:55+01:00,3,0,3
2022-02-07 07:44:13+01:00,2,1,1
2022-02-07 07:31:35+00:00,3,3,0
2022-02-07 09:22:36+01:00,30,30,0
2022-02-07 02:47:18-06:00,1,2,-1
2022-02-07 14:12:07+01:00,1,2,-1
2022-02-07 15:24:20+01:00,1,2,-1
2022-02-07 18:28:33+01:00,1,1,0
2022-02-07 18:38:28+01:00,1,0,1
2022-02-07 18:49:30+01:00,14,4,10
2022-02-07 19:33:22+01:00,20,0,20
2022-02-07 19:37:35+01:00,35,3,32
2022-02-08 06:47:55+01:00,2,2,0
2022-02-08 07:10:54+01:00,10,7,3
2022-02-08 17:09:29+01:00,4,1,3
2022-02-08 17:09:37+01:00,19,1,18
2022-02-08 19:12:01+01:00,15,8,7
2022-02-08 19:21:27+01:00,2,1,1
2022-02-08 19:45:39+01:00,14,13,1
2022-02-09 06:36:17+01:00,20,4,16
2022-02-09 06:48:26+01:00,4,11,-7
2022-02-09 06:57:46+01:00,10,0,10
2022-02-09 06:57:46+01:00,3,3,0
2022-02-09 06:57:46+01:00,2,2,0
2022-02-09 07:02:44+01:00,4,5,-1
2022-02-09 07:12:35+01:00,368,79,289
2022-02-09 07:20:27+01:00,2,2,0
2022-02-09 07:21:30+01:00,32,3,29
2022-02-09 09:32:53+01:00,1,3,-2
2022-02-10 07:03:19+01:00,6,6,0
2022-02-10 06:59:43-06:00,11,0,11
2022-02-10 09:43:32-06:00,4,2,2
2022-02-10 19:07:04+01:00,11,0,11
2022-02-10 19:40:36+01:00,2,1,1
2022-02-10 19:51:59+01:00,4,2,2
2022-02-11 13:38:33+01:00,6,3,3
2022-02-11 15:31:15+01:00,3,3,0
2022-02-11 17:02:04+01:00,1159,350,809
2022-02-11 19:16:57+01:00,1,0,1
2022-02-11 19:37:35+01:00,12,7,5
2022-02-11 19:37:46+01:00,6,3,3
2022-02-11 19:38:58+01:00,28,15,13
2022-02-11 19:38:59+01:00,14,1,13
2022-02-11 19:38:59+01:00,20,11,9
2022-02-11 19:38:59+01:00,1,4,-3
2022-02-11 19:38:59+01:00,33,15,18
2022-02-11 19:38:59+01:00,1,1,0
2022-02-11 19:38:59+01:00,7,7,0
2022-02-11 20:26:05+01:00,86,36,50
2022-02-11 23:37:31-06:00,2,2,0
2022-02-12 15:21:46+01:00,10,7,3
2022-02-12 15:43:52+01:00,1,1,0
2022-02-12 15:44:42+01:00,2,2,0
2022-02-12 17:06:03+01:00,7,4,3
2022-02-12 20:13:12+01:00,23,82,-59
2022-02-12 16:23:14-06:00,12,13,-1
2022-02-12 23:01:30-06:00,150,128,22
2022-02-12 23:01:39-06:00,148,0,148
2022-02-12 23:01:39-06:00,223,1,222
2022-02-12 23:02:07-06:00,17440,1409,16031
2022-02-12 23:02:14-06:00,145,146,-1
2022-02-12 23:02:14-06:00,72,73,-1
2022-02-12 23:02:14-06:00,452,753,-301
2022-02-12 23:02:14-06:00,3,0,3
2022-02-12 23:02:14-06:00,20,24,-4
2022-02-12 23:02:14-06:00,5,7,-2
2022-02-12 23:02:15-06:00,1,0,1
2022-02-12 23:02:15-06:00,1,0,1
2022-02-12 23:02:15-06:00,62,0,62
2022-02-12 23:02:15-06:00,19,3,16
2022-02-12 23:02:15-06:00,110,32,78
2022-02-12 23:02:15-06:00,11,10,1
2022-02-12 23:02:15-06:00,27,27,0
2022-02-12 23:02:15-06:00,9,5,4
2022-02-12 23:02:15-06:00,5,9,-4
2022-02-12 23:02:15-06:00,10,11,-1
2022-02-12 23:02:15-06:00,5,1,4
2022-02-12 23:02:16-06:00,1,0,1
2022-02-12 23:02:16-06:00,4,7,-3
2022-02-12 23:02:16-06:00,41,8,33
2022-02-12 23:02:16-06:00,1,6,-5
2022-02-12 23:02:16-06:00,139,53,86
2022-02-12 23:02:16-06:00,10,10,0
2022-02-12 23:02:16-06:00,1,10,-9
2022-02-12 23:02:16-06:00,27,148,-121
2022-02-12 23:02:16-06:00,27,0,27
2022-02-12 23:02:16-06:00,14,14,0
2022-02-12 23:02:16-06:00,1,58,-57
2022-02-12 23:08:42-06:00,432,193,239
2022-02-13 12:31:37+01:00,23,82,-59
2022-02-13 12:48:28+01:00,2,2,0
2022-02-13 12:54:49+01:00,2,2,0
2022-02-13 12:56:32+01:00,3,3,0
2022-02-13 13:00:38+01:00,4,0,4
2022-02-13 13:01:23+01:00,0,0,0
2022-02-13 13:05:57+01:00,2,2,0
2022-02-13 14:33:37+01:00,5,1,4
2022-02-13 16:17:41+01:00,16,19,-3
2022-02-13 16:33:06+01:00,21,12,9
2022-02-13 19:14:57+01:00,2,1,1
2022-02-14 03:01:28+00:00,1,1,0
2022-02-14 03:01:31+00:00,1,1,0
2022-02-14 03:01:35+00:00,1,1,0
2022-02-14 03:01:43+00:00,1,1,0
2022-02-14 03:01:46+00:00,1,1,0
2022-02-14 03:01:50+00:00,1,1,0
2022-02-14 03:01:52+00:00,1,1,0
2022-02-14 03:01:56+00:00,1,1,0
2022-02-14 03:02:07+00:00,1,1,0
2022-02-14 06:26:33+01:00,1,1,0
2022-02-14 06:27:09+01:00,1,1,0
2022-02-14 06:27:22+01:00,1,1,0
2022-02-14 06:27:42+01:00,1,1,0
2022-02-14 06:27:59+01:00,1,1,0
2022-02-14 05:28:10+00:00,1,1,0
2022-02-14 06:28:16+01:00,1,1,0
2022-02-14 06:28:29+01:00,1,1,0
2022-02-14 06:28:42+01:00,1,1,0
2022-02-14 07:09:18+01:00,1,1,0
2022-02-14 07:09:45+01:00,1,1,0
2022-02-14 09:02:55-06:00,2,3,-1
2022-02-14 09:33:56-06:00,36,35,1
2022-02-14 09:34:09-06:00,0,1,-1
2022-02-14 09:40:01-06:00,6,6,0
2022-02-14 09:40:53-06:00,12,7,5
2022-02-14 10:00:03-06:00,0,1,-1
2022-02-14 16:41:58+00:00,3,1,2
2022-02-14 19:14:44+01:00,7,7,0
2022-02-14 19:42:15+01:00,2,2,0
2022-02-14 19:44:05+01:00,5,0,5
2022-02-14 20:00:31+01:00,2,2,0
2022-02-14 20:02:38+01:00,17,5,12
2022-02-14 20:21:42+01:00,1,1,0
2022-02-14 16:53:29-06:00,304,134,170
2022-02-14 17:34:59-06:00,13,8,5
2022-02-14 17:36:47-06:00,15,9,6
2022-02-15 06:39:55+01:00,1,1,0
2022-02-15 06:40:30+01:00,1,1,0
2022-02-14 23:53:10-06:00,1,1,0
2022-02-15 06:59:10+01:00,3,3,0
2022-02-15 07:11:07+01:00,9,6,3
2022-02-15 08:04:16+01:00,33,30,3
2022-02-15 18:56:58+01:00,2,2,0
2022-02-15 19:25:32+01:00,4,1,3
2022-02-15 19:30:02+01:00,19,8,11
2022-02-15 20:07:02+01:00,8,5,3
2022-02-15 19:10:49+00:00,1156,412,744
2022-02-15 20:15:03+01:00,1,0,1
2022-02-16 12:19:48+09:00,1,0,1
2022-02-16 06:48:07+01:00,1,0,1
2022-02-16 09:13:49+01:00,19,0,19
2022-02-16 03:36:08-06:00,74,2,72
2022-02-16 03:50:24-06:00,81,45,36
2022-02-16 04:05:27-06:00,3,1,2
2022-02-16 04:37:11-06:00,59,1,58
2022-02-16 04:52:26-06:00,32,26,6
2022-02-16 05:08:11-06:00,1,0,1
2022-02-16 05:26:52-06:00,49,46,3
2022-02-16 05:44:11-06:00,6,5,1
2022-02-16 05:47:41-06:00,3,0,3
2022-02-16 05:47:49-06:00,1,1,0
2022-02-16 13:36:17+01:00,9,9,0
2022-02-16 13:42:39+01:00,19,4,15
2022-02-16 08:05:51-06:00,51,41,10
2022-02-16 08:08:10-06:00,47,39,8
2022-02-16 08:09:43-06:00,1,2,-1
2022-02-16 15:48:57+01:00,39,9,30
2022-02-16 08:51:39-06:00,13,8,5
2022-02-16 09:03:50-06:00,14,10,4
2022-02-16 09:04:43-06:00,1107,1107,0
2022-02-16 09:22:22-06:00,29,5,24
2022-02-16 09:25:27-06:00,3,3,0
2022-02-16 10:06:27-06:00,54,1,53
2022-02-16 10:07:49-06:00,49,16,33
2022-02-16 19:21:04+01:00,40,0,40
2022-02-16 19:24:59+01:00,2,0,2
2022-02-16 21:09:02-06:00,1,1,0
2022-02-17 19:37:24+01:00,2,15,-13
2022-02-17 20:23:33+01:00,18579,1663,16916
2022-02-18 06:38:51+01:00,5,0,5
2022-02-18 06:41:15+01:00,6,3,3
2022-02-18 19:13:56+05:18,2,2,0
2022-02-18 19:20:37+05:18,2,2,0
2022-02-18 19:35:45+05:18,4,4,0
2022-02-19 06:39:19+01:00,6,6,0
2022-02-19 06:39:43+01:00,3,0,3
2022-02-19 06:39:43+01:00,4,4,0
2022-02-19 10:07:32+01:00,30,10,20
2022-02-19 10:50:53+01:00,30,10,20
2022-02-19 16:40:26+01:00,14,6,8
2022-02-19 16:40:30+01:00,12,11,1
2022-02-19 16:43:38+01:00,34,22,12
2022-02-19 16:43:38+01:00,6,4,2
2022-02-19 16:43:38+01:00,62,30,32
2022-02-19 16:43:38+01:00,116,60,56
2022-02-19 16:43:38+01:00,4,4,0
2022-02-19 20:11:23+01:00,7,5,2
2022-02-20 14:24:27+01:00,27,9,18
2022-02-20 14:29:26+01:00,8,4,4
2022-02-20 16:31:44+01:00,4,11,-7
2022-02-20 16:32:04+01:00,11,7,4
2022-02-20 16:47:02+01:00,4,4,0
2022-02-21 03:01:39+00:00,1,1,0
2022-02-21 03:01:45+00:00,1,1,0
2022-02-21 03:01:51+00:00,1,1,0
2022-02-21 03:01:58+00:00,1,1,0
2022-02-21 03:02:06+00:00,1,1,0
2022-02-21 06:27:08+01:00,1,1,0
2022-02-21 06:28:03+01:00,1,1,0
2022-02-21 05:28:52+00:00,1,1,0
2022-02-21 05:28:53+00:00,1,1,0
2022-02-21 06:53:27+01:00,1,1,0
2022-02-21 06:53:41+01:00,1,1,0
2022-02-21 07:26:28+01:00,1,1,0
2022-02-21 08:10:25+01:00,1,1,0
2022-02-21 19:19:12+01:00,15,6,9
2022-02-22 19:31:58+01:00,8,0,8
2022-02-22 19:33:52+01:00,14,0,14
2022-02-22 19:34:59+01:00,15,6,9
2022-02-22 19:39:55+01:00,11,3,8
2022-02-22 20:07:41+01:00,1,7,-6
2022-02-23 06:28:15+01:00,252,202,50
2022-02-23 07:51:33+01:00,1,1,0
2022-02-23 08:47:20+01:00,2,0,2
2022-02-23 10:43:04+01:00,3,2,1
2022-02-23 19:18:04+01:00,3,0,3
2022-02-23 19:56:02+01:00,251,130,121
2022-02-23 20:16:52+01:00,10,6,4
2022-02-23 20:19:52+01:00,17,2,15
2022-02-24 14:22:49+00:00,11,4,7
2022-02-24 19:56:42+01:00,272,135,137
2022-02-24 20:05:56+01:00,34,2,32
2022-02-24 20:05:56+01:00,1,3,-2
2022-02-24 20:05:56+01:00,15,8,7
2022-02-24 20:05:56+01:00,29,38,-9
2022-02-24 20:05:56+01:00,55,10,45
2022-02-24 20:05:56+01:00,4,1,3
2022-02-24 20:05:56+01:00,30,20,10
2022-02-24 20:05:56+01:00,7,0,7
2022-02-24 20:05:56+01:00,39,17,22
2022-02-24 20:05:56+01:00,20,1,19
2022-02-24 20:05:56+01:00,178,35,143
2022-02-24 20:05:56+01:00,4,4,0
2022-02-24 20:05:56+01:00,21,0,21
2022-02-24 20:05:56+01:00,22,1,21
2022-02-25 00:20:53+00:00,2,1,1
2022-02-25 07:40:49+01:00,17,5,12
2022-02-25 11:03:03+01:00,2,2,0
2022-02-25 11:44:40+01:00,3,1,2
2022-02-25 11:58:43+01:00,4,2,2
2022-02-25 12:06:11+01:00,0,0,0
2022-02-25 12:07:09+01:00,1,1,0
2022-02-25 15:07:35+01:00,25,13,12
2022-02-25 15:14:27+01:00,1574,579,995
2022-02-25 15:18:46+01:00,35,2,33
2022-02-25 17:58:57+00:00,487,216,271
2022-02-25 20:47:15+01:00,2,0,2
2022-02-26 08:19:45+01:00,19,11,8
2022-02-26 08:23:13+01:00,11,12,-1
2022-02-26 08:25:42+01:00,66,67,-1
2022-02-26 08:25:42+01:00,20,10,10
2022-02-26 08:25:42+01:00,15,14,1
2022-02-26 08:25:42+01:00,19,0,19
2022-02-26 08:25:42+01:00,5,1,4
2022-02-26 08:25:42+01:00,124,4,120
2022-02-26 08:25:42+01:00,16,12,4
2022-02-26 08:34:23+01:00,2,0,2
2022-02-26 08:35:31+01:00,1,1,0
2022-02-26 08:35:50+01:00,1,1,0
2022-02-26 08:57:42+01:00,58,37,21
2022-02-26 10:31:50+01:00,237,78,159
2022-02-26 10:33:11+01:00,20,0,20
2022-02-26 10:33:11+01:00,3,2,1
2022-02-26 10:33:11+01:00,13,1,12
2022-02-26 10:33:36+01:00,191,2,189
2022-02-26 10:33:37+01:00,10,8,2
2022-02-26 10:33:37+01:00,1,1,0
2022-02-26 10:33:37+01:00,3,3,0
2022-02-26 14:57:13+01:00,9,66,-57
2022-02-26 14:57:17+01:00,5,5,0
2022-02-26 15:20:56+01:00,0,3,-3
2022-02-26 15:24:42+01:00,180,13,167
2022-02-26 15:53:01+01:00,4,1,3
2022-02-26 15:55:28+01:00,373,54,319
2022-02-26 09:05:51-06:00,44,44,0
2022-02-26 09:05:51-06:00,1,1,0
2022-02-26 09:05:51-06:00,12,2,10
2022-02-26 09:05:51-06:00,32,24,8
2022-02-26 09:05:51-06:00,0,71,-71
2022-02-26 09:05:51-06:00,1,1,0
2022-02-26 09:05:51-06:00,124,128,-4
2022-02-26 09:05:51-06:00,1,4,-3
2022-02-26 09:27:38-06:00,1,4,-3
2022-02-26 09:45:15-06:00,1,1,0
2022-02-26 17:08:35+01:00,1,4,-3
2022-02-26 19:55:30+01:00,190,253,-63
2022-02-26 20:13:24+01:00,1,1,0
2022-02-26 13:55:01-06:00,48,2,46
2022-02-26 13:55:37-06:00,5,1,4
2022-02-26 13:55:37-06:00,3,2,1
2022-02-26 13:55:37-06:00,90,29,61
2022-02-26 13:55:37-06:00,3,0,3
2022-02-26 13:55:52-06:00,9,5,4
2022-02-26 14:11:21-06:00,2,1,1
2022-02-27 15:11:09+01:00,0,3,-3
2022-02-27 15:30:58+01:00,98,32,66
2022-02-27 15:44:23+01:00,38,13,25
2022-02-27 15:44:23+01:00,27,23,4
2022-02-27 15:44:23+01:00,80,5,75
2022-02-27 15:44:23+01:00,4,2,2
2022-02-27 15:44:23+01:00,30,25,5
2022-02-27 15:44:23+01:00,1,4,-3
2022-02-27 15:57:44+01:00,7,8,-1
2022-02-27 17:09:29+01:00,1,1,0
2022-02-27 17:16:38+01:00,6,7,-1
2022-02-27 17:37:46+01:00,2,8,-6
2022-02-27 11:59:27-06:00,1,1,0
2022-02-27 12:09:45-06:00,15,8,7
2022-02-27 21:14:28+01:00,10,1,9
2022-02-27 14:28:28-06:00,25,0,25
2022-02-28 03:01:17+00:00,1,1,0
2022-02-28 03:01:20+00:00,1,1,0
2022-02-28 03:01:29+00:00,1,1,0
2022-02-28 03:01:38+00:00,1,1,0
2022-02-28 06:34:34+01:00,1,1,0
2022-02-28 06:50:48+01:00,1,1,0
2022-02-28 06:52:18+01:00,1,1,0
2022-02-28 07:00:52+01:00,12,1,11
2022-02-28 07:08:02+01:00,1,1,0
2022-02-28 19:23:14+01:00,1,0,1
2022-02-28 19:29:42+01:00,163,201,-38
2022-02-28 19:34:10+01:00,3,6,-3
2022-02-28 19:42:26+01:00,7,7,0
2022-02-28 19:47:21+01:00,22,19,3
2022-02-28 19:47:50+01:00,191,74,117
2022-02-28 19:58:44+01:00,28,0,28
2022-02-28 20:05:14+01:00,2,0,2
2022-02-28 20:07:19+01:00,290,107,183
2022-02-28 20:10:23+01:00,13,16,-3
2022-03-01 19:08:04+01:00,1,1,0
2022-03-01 19:23:14+01:00,3,2,1
2022-03-01 19:30:16+01:00,7,1,6
2022-03-01 19:31:36+01:00,518,153,365
2022-03-01 19:32:25+01:00,1,2,-1
2022-03-01 19:41:26+01:00,0,2,-2
2022-03-01 19:46:13+01:00,8,4,4
2022-03-01 17:38:38-06:00,3,0,3
2022-03-02 06:26:00+01:00,1,1,0
2022-03-02 06:39:27+01:00,3,0,3
2022-03-02 07:00:07+01:00,6,6,0
2022-03-02 07:14:36+01:00,11,7,4
2022-03-02 07:23:49+01:00,7,1,6
2022-03-02 01:26:47-06:00,5,5,0
2022-03-02 01:30:52-06:00,0,1,-1
2022-03-02 19:41:14+01:00,1,0,1
2022-03-02 12:46:31-06:00,16,6,10
2022-03-02 19:50:16+01:00,1,0,1
2022-03-02 12:53:24-06:00,7,2,5
2022-03-02 19:58:08+01:00,29,6,23
2022-03-02 19:58:08+01:00,15,26,-11
2022-03-03 01:44:41+00:00,531,169,362
2022-03-02 21:37:53-06:00,4,3,1
2022-03-03 06:34:06+01:00,4,3,1
2022-03-03 06:50:32+01:00,277,190,87
2022-03-03 07:00:10+01:00,8,3,5
2022-03-03 07:06:13+01:00,22,17,5
2022-03-03 07:07:33+01:00,9,18,-9
2022-03-03 07:23:10+01:00,0,1,-1
2022-03-03 19:19:10+01:00,2,2,0
2022-03-03 20:24:06+01:00,6,3,3
2022-03-03 13:51:52-06:00,603,209,394
2022-03-04 06:50:42+01:00,3,1,2
2022-03-04 06:58:21+01:00,0,8,-8
2022-03-04 06:58:34+01:00,39,24,15
2022-03-04 07:07:34+01:00,29,17,12
2022-03-04 07:10:14+01:00,17,13,4
2022-03-04 07:16:06+01:00,0,1,-1
2022-03-04 19:42:33+01:00,9,7,2
2022-03-04 19:48:34+01:00,7,7,0
2022-03-05 13:57:54+01:00,16,9,7
2022-03-05 14:12:14+01:00,5,3,2
2022-03-05 14:15:58+01:00,5,4,1
2022-03-05 14:47:34+01:00,663,235,428
2022-03-05 15:15:45+01:00,5,3,2
2022-03-05 15:53:40+01:00,11,8,3
2022-03-06 14:18:25+01:00,13,5,8
2022-03-06 14:33:04+01:00,18,9,9
2022-03-06 14:47:26+01:00,2,2,0
2022-03-06 15:06:57+01:00,5,3,2
2022-03-06 15:07:04+01:00,20,27,-7
2022-03-06 15:07:07+01:00,38,38,0
2022-03-06 16:03:05+01:00,38,12,26
2022-03-06 16:27:55+01:00,23,26,-3
2022-03-06 16:35:31+01:00,2,2,0
2022-03-07 03:01:09+00:00,1,1,0
2022-03-07 03:01:15+00:00,1,1,0
2022-03-07 03:01:19+00:00,1,1,0
2022-03-07 03:01:23+00:00,1,1,0
2022-03-07 03:01:25+00:00,1,1,0
2022-03-07 03:01:33+00:00,1,1,0
2022-03-07 03:12:15+00:00,7,7,0
2022-03-07 06:23:41+01:00,7,7,0
2022-03-07 05:24:08+00:00,5,5,0
2022-03-07 06:24:14+01:00,5,5,0
2022-03-07 06:24:40+01:00,1,1,0
2022-03-07 06:24:56+01:00,1,1,0
2022-03-07 06:25:07+01:00,1,1,0
2022-03-07 06:25:20+01:00,1,1,0
2022-03-07 07:04:31+01:00,1,1,0
2022-03-07 07:39:16+01:00,23,26,-3
2022-03-07 12:52:15+01:00,1,1,0
2022-03-07 17:16:33+01:00,42,42,0
2022-03-07 19:02:39+01:00,42,42,0
2022-03-07 19:39:15+01:00,2,1,1
2022-03-07 19:55:15+01:00,88,40,48
2022-03-08 12:26:43+08:00,4,2,2
2022-03-08 06:31:05+01:00,88,40,48
2022-03-08 07:10:59+01:00,4,3,1
2022-03-08 15:14:11+08:00,134,85,49
2022-03-08 19:35:30+01:00,29,1,28
2022-03-09 06:37:08+01:00,41,41,0
2022-03-09 06:37:08+01:00,63,32,31
2022-03-09 06:37:08+01:00,5,1,4
2022-03-09 06:37:08+01:00,35,6,29
2022-03-09 06:54:13+01:00,6,2,4
2022-03-09 07:03:37+01:00,7,7,0
2022-03-09 07:04:59+01:00,2,2,0
2022-03-09 07:44:21+01:00,54,55,-1
2022-03-09 00:45:10-06:00,5,5,0
2022-03-09 00:45:50-06:00,15,1,14
2022-03-09 00:59:28-06:00,29,0,29
2022-03-09 01:05:21-06:00,1,0,1
2022-03-09 20:00:06+08:00,88,37,51
2022-03-09 21:55:13+08:00,5,1,4
2022-03-09 22:07:54+08:00,7,7,0
2022-03-09 23:55:57+08:00,10,4,6
2022-03-10 00:34:59+08:00,7,6,1
2022-03-09 17:35:41+01:00,1,0,1
2022-03-09 19:01:38+01:00,6,0,6
2022-03-09 19:02:22+01:00,3,3,0
2022-03-09 15:47:16-06:00,13,8,5
2022-03-09 15:54:17-06:00,4,1,3
2022-03-09 19:31:51-06:00,1,20,-19
2022-03-10 06:47:17+01:00,7,4,3
2022-03-10 06:54:20+01:00,51,20,31
2022-03-10 07:09:48+01:00,0,1,-1
2022-03-11 08:26:28+01:00,36,11,25
2022-03-11 08:28:47+01:00,6,2,4
2022-03-11 22:35:35+08:00,67,28,39
2022-03-11 18:01:30+01:00,33,15,18
2022-03-11 17:36:00+00:00,132,53,79
2022-03-11 17:38:32+00:00,1,1,0
2022-03-11 19:28:15+01:00,1,1,0
2022-03-11 19:29:40+01:00,12,1,11
2022-03-11 19:37:45+01:00,25,5,20
2022-03-12 06:58:22+01:00,11,2,9
2022-03-12 07:00:57+01:00,16,6,10
2022-03-12 08:58:59+01:00,2,3,-1
2022-03-12 09:31:51+01:00,61,12,49
2022-03-12 09:32:16+01:00,198,131,67
2022-03-12 09:38:28+01:00,64,39,25
2022-03-12 09:49:20+01:00,20,1,19
2022-03-12 16:50:27+08:00,259,143,116
2022-03-12 10:05:16+01:00,43,1,42
2022-03-12 10:58:48+01:00,19,7,12
2022-03-12 11:37:56+01:00,74,22,52
2022-03-12 15:53:11+01:00,201,51,150
2022-03-12 19:23:20+01:00,1,0,1
2022-03-12 19:42:40-06:00,1,1,0
2022-03-12 19:50:46-06:00,76,28,48
2022-03-12 20:07:50-06:00,8,13,-5
2022-03-12 20:07:56-06:00,20,1,19
2022-03-12 20:14:23-06:00,17,0,17
2022-03-13 12:13:33+08:00,201,51,150
2022-03-13 12:26:57+08:00,2,2,0
2022-03-13 07:18:48+01:00,2,2,0
2022-03-13 14:41:22+08:00,2,2,0
2022-03-13 14:42:15+01:00,5,4,1
2022-03-13 14:57:32+01:00,2,2,0
2022-03-13 15:06:32+01:00,1,1,0
2022-03-13 15:23:01+01:00,1,1,0
2022-03-13 15:38:12+01:00,88,35,53
2022-03-13 16:16:48+01:00,8,4,4
2022-03-13 16:45:11+01:00,2,0,2
2022-03-13 17:53:52+01:00,5,6,-1
2022-03-14 03:01:00+00:00,1,1,0
2022-03-14 03:01:03+00:00,1,1,0
2022-03-14 03:01:07+00:00,1,1,0
2022-03-14 03:01:14+00:00,1,1,0
2022-03-14 03:01:17+00:00,1,1,0
2022-03-14 03:01:20+00:00,1,1,0
2022-03-14 03:01:30+00:00,1,1,0
2022-03-14 11:26:04+08:00,92,35,57
2022-03-14 11:29:26+08:00,7,7,0
2022-03-14 11:55:36+08:00,1,1,0
2022-03-14 12:09:13+08:00,4,2,2
2022-03-14 06:22:16+01:00,1,1,0
2022-03-14 06:22:43+01:00,1,1,0
2022-03-14 06:23:48+01:00,1,1,0
2022-03-14 06:24:04+01:00,1,1,0
2022-03-14 06:24:22+01:00,1,1,0
2022-03-14 06:24:37+01:00,1,1,0
2022-03-14 05:25:16+00:00,1,1,0
2022-03-14 13:42:52+08:00,7,18,-11
2022-03-14 13:43:42+08:00,0,1,-1
2022-03-14 07:14:01+01:00,1,1,0
2022-03-14 07:14:18+01:00,1,1,0
2022-03-14 07:58:49+01:00,2,2,0
2022-03-14 17:55:42+08:00,12,8,4
2022-03-14 18:38:44+08:00,119,80,39
2022-03-14 18:39:11+08:00,12,12,0
2022-03-14 19:21:58+01:00,11,6,5
2022-03-14 19:29:26+01:00,0,1,-1
2022-03-15 12:04:02+08:00,94,140,-46
2022-03-15 12:23:59+08:00,2,2,0
2022-03-15 06:27:54+01:00,72,7,65
2022-03-15 06:39:07+01:00,7,7,0
2022-03-15 14:03:06+08:00,1,4,-3
2022-03-15 11:29:39+05:18,2,2,0
2022-03-15 21:08:37+01:00,3,16,-13
2022-03-16 07:00:50+01:00,11,11,0
2022-03-16 14:22:08+08:00,0,1,-1
2022-03-16 12:16:24+00:00,25,1,24
2022-03-16 19:25:19+01:00,125,77,48
2022-03-16 20:12:00+01:00,43,42,1
2022-03-16 20:12:09+01:00,26,1,25
2022-03-16 20:12:09+01:00,2,2,0
2022-03-16 20:12:09+01:00,18,0,18
2022-03-16 20:12:09+01:00,37,20,17
2022-03-16 20:12:09+01:00,4,1,3
2022-03-16 20:12:09+01:00,29,2,27
2022-03-16 20:12:09+01:00,16,1,15
2022-03-16 21:28:24+01:00,18,0,18
2022-03-17 06:58:08+01:00,9,7,2
2022-03-17 07:41:08+01:00,7,5,2
2022-03-17 17:06:10+01:00,0,2,-2
2022-03-17 17:20:42+01:00,154,29,125
2022-03-17 20:05:05+01:00,15,14,1
2022-03-17 20:11:56+01:00,23,17,6
2022-03-17 20:15:51+01:00,7,1,6
2022-03-17 20:21:10+01:00,19,0,19
2022-03-18 06:34:35+01:00,1,1,0
2022-03-18 06:38:54+01:00,2,1,1
2022-03-18 06:58:22+01:00,21,7,14
2022-03-18 07:08:16+01:00,107,1,106
2022-03-18 08:18:17+01:00,141,50,91
2022-03-18 10:35:00+01:00,1,1,0
2022-03-18 10:41:38+01:00,9,4,5
2022-03-18 16:44:27+01:00,1,1,0
2022-03-18 16:49:37+01:00,5,3,2
2022-03-18 17:07:12+01:00,49,1,48
2022-03-18 19:26:54+01:00,23,4,19
2022-03-19 13:20:14+01:00,5,4,1
2022-03-19 14:45:35+01:00,2,0,2
2022-03-19 15:43:40+01:00,246,42,204
2022-03-19 15:44:37+01:00,30,0,30
2022-03-19 15:44:37+01:00,44,37,7
2022-03-19 15:45:43+01:00,30,19,11
2022-03-20 08:30:14+01:00,31,9,22
2022-03-20 08:30:14+01:00,7,5,2
2022-03-20 08:30:14+01:00,89,30,59
2022-03-20 08:30:14+01:00,149,7,142
2022-03-20 08:30:14+01:00,13,0,13
2022-03-20 08:30:14+01:00,21,0,21
2022-03-20 08:30:14+01:00,30,1,29
2022-03-20 08:30:14+01:00,16,7,9
2022-03-20 08:30:14+01:00,16,13,3
2022-03-20 08:30:14+01:00,23,13,10
2022-03-20 08:30:14+01:00,4,3,1
2022-03-20 08:30:14+01:00,17,17,0
2022-03-20 08:30:14+01:00,13,13,0
2022-03-20 08:33:53+01:00,33,13,20
2022-03-20 08:38:59+01:00,100,52,48
2022-03-20 09:00:53+01:00,14,23,-9
2022-03-20 09:01:36+01:00,15,34,-19
2022-03-20 09:03:43+01:00,4,0,4
2022-03-20 09:16:34+01:00,1,1,0
2022-03-20 09:33:47+01:00,1,14,-13
2022-03-20 09:33:47+01:00,4,2,2
2022-03-20 09:46:51+01:00,28,18,10
2022-03-20 20:06:32+08:00,4,7,-3
2022-03-20 13:07:06+01:00,46,25,21
2022-03-20 13:12:26+01:00,3,85,-82
2022-03-20 13:21:09+01:00,10,7,3
2022-03-20 15:41:14+00:00,27,2,25
2022-03-20 15:42:53+00:00,203,136,67
2022-03-20 16:02:03+00:00,30,1,29
2022-03-20 16:03:07+00:00,1,1,0
2022-03-20 16:06:41+00:00,8,12,-4
2022-03-20 16:08:38+00:00,4,1,3
2022-03-20 17:12:04+01:00,437,106,331
2022-03-20 16:12:06+00:00,17,14,3
2022-03-20 20:00:30+01:00,21,13,8
2022-03-21 03:01:11+00:00,1,1,0
2022-03-21 03:01:16+00:00,1,1,0
2022-03-21 03:01:23+00:00,1,1,0
2022-03-21 03:01:33+00:00,1,1,0
2022-03-21 03:01:41+00:00,1,1,0
2022-03-21 03:01:45+00:00,1,1,0
2022-03-21 06:29:59+01:00,1,1,0
2022-03-21 05:30:51+00:00,1,1,0
2022-03-21 06:31:51+01:00,1,1,0
2022-03-21 06:32:06+01:00,1,1,0
2022-03-21 06:32:17+01:00,1,1,0
2022-03-21 06:32:47+01:00,1,1,0
2022-03-21 06:34:20+01:00,1,0,1
2022-03-21 06:34:33+01:00,1,1,0
2022-03-21 09:05:17+01:00,1,1,0
2022-03-21 08:06:25+00:00,1,1,0
2022-03-21 08:06:41+00:00,1,1,0
2022-03-21 09:44:28+01:00,1,1,0
2022-03-21 10:25:42+01:00,1,1,0
2022-03-21 10:25:58+01:00,1,1,0
2022-03-21 05:01:18-06:00,4,1,3
2022-03-21 11:36:53+00:00,2,1,1
2022-03-21 21:17:25+08:00,437,106,331
2022-03-21 21:18:32+08:00,21,13,8
2022-03-21 19:07:00+01:00,23,18,5
2022-03-21 19:09:14+01:00,54,112,-58
2022-03-21 19:38:27+01:00,12,13,-1
2022-03-21 19:41:34+01:00,1,1,0
2022-03-21 22:17:39+01:00,2,15,-13
2022-03-22 00:28:11+00:00,2,1,1
2022-03-22 06:43:37+01:00,19,19,0
2022-03-22 06:45:36+01:00,41,41,0
2022-03-22 06:47:20+01:00,2,2,0
2022-03-22 07:00:10+01:00,4,4,0
2022-03-22 07:02:40+01:00,2,1,1
2022-03-22 07:20:21+01:00,25,15,10
2022-03-22 11:01:38+00:00,1,1,0
2022-03-22 19:03:22+01:00,1,8,-7
2022-03-22 19:28:13+01:00,10,14,-4
2022-03-22 20:21:24+01:00,11,11,0
2022-03-22 20:28:38+01:00,127,229,-102
2022-03-23 06:48:00+01:00,1,1,0
2022-03-23 06:48:23+01:00,1,5,-4
2022-03-23 06:49:07+01:00,6,1,5
2022-03-23 06:49:17+01:00,1,5,-4
2022-03-23 06:56:52+01:00,2,2,0
2022-03-23 20:35:55+05:18,15,41,-26
2022-03-23 19:30:02+01:00,0,383,-383
2022-03-23 19:40:34+01:00,1,0,1
2022-03-23 19:40:40+01:00,0,2,-2
2022-03-23 19:41:57+01:00,1,1,0
2022-03-23 19:51:44+01:00,12,2,10
2022-03-23 19:56:29+01:00,3,0,3
2022-03-24 06:50:25+01:00,4,4,0
2022-03-24 08:02:46+01:00,4,4,0
2022-03-24 22:19:36+08:00,259,724,-465
2022-03-24 19:58:53+01:00,6,9,-3
2022-03-25 08:46:27+05:18,10,0,10
2022-03-25 09:07:39+05:18,31,7,24
2022-03-25 06:37:40+01:00,42,14,28
2022-03-25 06:39:57+01:00,22,22,0
2022-03-25 06:46:29+01:00,87,87,0
2022-03-25 06:50:18+01:00,30,28,2
2022-03-25 06:55:37+01:00,226,226,0
2022-03-25 07:03:50+01:00,3,5,-2
2022-03-25 08:02:27+01:00,1,0,1
2022-03-25 08:03:32+01:00,2,5,-3
2022-03-25 13:33:05+05:18,16,16,0
2022-03-25 10:04:18+01:00,12,12,0
2022-03-25 06:56:05-06:00,2,1,1
2022-03-25 07:21:31-06:00,44,1,43
2022-03-25 15:11:45+01:00,26,28,-2
2022-03-25 15:17:46+01:00,2,1,1
2022-03-25 15:36:30+01:00,4,5,-1
2022-03-25 15:36:52+01:00,0,1,-1
2022-03-25 15:38:38+01:00,1,1,0
2022-03-25 15:57:37+01:00,18,10,8
2022-03-25 16:06:03+01:00,6,7,-1
2022-03-25 16:14:18+01:00,5,9,-4
2022-03-25 18:11:02+01:00,28,2,26
2022-03-25 19:18:01+01:00,73,3,70
2022-03-25 19:25:43+01:00,1,2,-1
2022-03-25 19:57:06+01:00,176,107,69
2022-03-26 08:23:02+01:00,1,1,0
2022-03-26 11:55:11+01:00,103,32,71
2022-03-26 12:01:28+01:00,2,2,0
2022-03-26 12:57:00+01:00,277,137,140
2022-03-26 13:53:36+01:00,79,0,79
2022-03-26 15:04:17+01:00,31,4,27
2022-03-26 15:12:05+01:00,40,2,38
2022-03-26 15:16:04+01:00,6,5,1
2022-03-26 15:25:43+01:00,2,5,-3
2022-03-26 16:26:31+01:00,35,22,13
2022-03-27 01:30:45+08:00,727,504,223
2022-03-26 19:06:37+01:00,2,2,0
2022-03-27 12:33:39+08:00,2,5,-3
2022-03-27 08:28:44+02:00,1,1,0
2022-03-27 14:57:36+02:00,160,2,158
2022-03-27 14:58:27+02:00,2,2,0
2022-03-27 15:09:06+02:00,1,1,0
2022-03-27 15:27:16+02:00,1,1,0
2022-03-27 15:51:58+02:00,906,477,429
2022-03-27 16:39:34+02:00,7,3,4
2022-03-27 17:00:45+02:00,3,9,-6
2022-03-27 18:03:49+02:00,193,131,62
2022-03-27 18:58:46+02:00,57,0,57
2022-03-28 03:01:22+00:00,1,1,0
2022-03-28 03:01:33+00:00,1,1,0
2022-03-28 03:01:36+00:00,1,1,0
2022-03-28 03:01:48+00:00,1,1,0
2022-03-28 03:16:02+00:00,1,1,0
2022-03-28 03:16:05+00:00,5,5,0
2022-03-28 06:24:28+02:00,1,1,0
2022-03-28 06:25:31+02:00,1,1,0
2022-03-28 06:27:59+02:00,1,1,0
2022-03-28 06:28:45+02:00,1,1,0
2022-03-28 06:29:16+02:00,1,1,0
2022-03-28 04:30:05+00:00,1,1,0
2022-03-28 04:30:07+00:00,1,1,0
2022-03-28 06:51:47+02:00,5,5,0
2022-03-28 07:07:46+02:00,56,32,24
2022-03-28 10:24:16+02:00,1,1,0
2022-03-28 10:24:50+02:00,1,1,0
2022-03-28 08:25:34+00:00,2,2,0
2022-03-28 20:20:11+08:00,172,16,156
2022-03-28 21:00:05+08:00,12,11,1
2022-03-28 21:29:50+08:00,3,3,0
2022-03-28 19:19:12+05:18,1,1,0
2022-03-28 16:19:03+02:00,1,1,0
2022-03-28 19:09:14+02:00,2,2,0
2022-03-28 19:17:22+02:00,62,53,9
2022-03-28 19:25:46+02:00,13,12,1
2022-03-28 19:30:14+02:00,9,9,0
2022-03-28 19:53:55+02:00,50,33,17
2022-03-28 20:20:10+02:00,79,49,30
2022-03-29 09:27:30+09:00,1,0,1
2022-03-29 10:51:36+09:00,43,2,41
2022-03-29 06:58:41+02:00,2,1,1
2022-03-29 07:23:45-07:00,1,0,1
2022-03-29 17:24:40+01:00,97,166,-69
2022-03-29 19:07:29+02:00,5,5,0
2022-03-29 19:19:07+02:00,49,16,33
2022-03-29 19:41:49+02:00,2,2,0
2022-03-29 19:50:34+02:00,14,12,2
2022-03-29 20:06:25+02:00,1,1,0
2022-03-29 20:18:52+02:00,1,0,1
2022-03-29 19:33:35+01:00,2,2,0
2022-03-30 00:29:14+01:00,37,11,26
2022-03-30 00:30:33+01:00,184,169,15
2022-03-30 08:35:49+09:00,42,63,-21
2022-03-30 08:37:11+09:00,18,18,0
2022-03-30 08:37:35+09:00,1,1,0
2022-03-30 06:59:40+02:00,463,263,200
2022-03-30 07:09:41+02:00,35,26,9
2022-03-30 07:13:28+02:00,3,5,-2
2022-03-30 07:16:48+02:00,1,3,-2
2022-03-30 07:21:52+02:00,20,1,19
2022-03-30 09:39:07+01:00,169,184,-15
2022-03-30 09:41:40+01:00,1,1,0
2022-03-30 09:42:38+01:00,5,0,5
2022-03-30 09:48:10+01:00,97,166,-69
2022-03-30 09:49:07+01:00,3,1,2
2022-03-30 09:50:37+01:00,0,1,-1
2022-03-30 12:28:30+02:00,29,11,18
2022-03-30 12:41:41+02:00,1,1,0
2022-03-30 05:29:11-06:00,5,2,3
2022-03-30 19:10:08+02:00,5,2,3
2022-03-30 19:32:52+02:00,12,29,-17
2022-03-30 19:38:25+02:00,1,1,0
2022-03-30 19:57:02+02:00,7,5,2
2022-03-30 20:02:56+02:00,23,40,-17
2022-03-31 06:53:33+02:00,28,27,1
2022-03-31 06:57:16+02:00,2,12,-10
2022-03-31 08:30:20+02:00,12,43,-31
2022-03-31 08:12:02-06:00,17,6,11
2022-03-31 08:12:02-06:00,5,0,5
2022-03-31 08:12:02-06:00,6,0,6
2022-03-31 08:16:21-06:00,3,3,0
2022-03-31 08:21:15-06:00,7,3,4
2022-03-31 19:14:11+02:00,1,1,0
2022-03-31 20:00:55+02:00,6,3,3
2022-03-31 21:23:57+02:00,32788,4313,28475
2022-04-01 06:27:42+02:00,54,49,5
2022-04-01 06:44:17+02:00,2,0,2
2022-04-01 07:00:51+02:00,58,58,0
2022-04-01 08:51:11+02:00,0,4,-4
2022-04-01 08:57:58+02:00,4,2,2
2022-04-01 09:16:35+02:00,7,8,-1
2022-04-01 09:18:37+02:00,59,54,5
2022-04-01 10:49:21+02:00,1,1,0
2022-04-01 19:28:42+09:00,2,2,0
2022-04-01 12:49:03+02:00,2,2,0
2022-04-01 05:47:26-06:00,6,0,6
2022-04-01 20:48:13+09:00,1,1,0
2022-04-01 05:55:00-06:00,3,0,3
2022-04-01 05:59:59-06:00,2,2,0
2022-04-01 06:02:32-06:00,2,0,2
2022-04-01 20:01:57+02:00,3,4,-1
2022-04-02 03:20:21+09:00,1,1,0
2022-04-01 20:29:41+02:00,12,2,10
2022-04-01 20:52:16+02:00,3,3,0
2022-04-01 20:57:09+02:00,2,2,0
2022-04-02 11:11:06+05:18,1,1,0
2022-04-02 08:16:32+02:00,5,5,0
2022-04-02 16:16:26+02:00,30,0,30
2022-04-02 16:16:29+02:00,2,2,0
2022-04-02 19:48:01+02:00,3,2,1
2022-04-02 20:02:42+02:00,32913,4390,28523
2022-04-02 20:04:29+02:00,201,177,24
2022-04-02 20:04:30+02:00,3,2,1
2022-04-02 20:09:10+02:00,3,2,1
2022-04-03 08:15:23+02:00,16,11,5
2022-04-03 08:17:17+02:00,3,13,-10
2022-04-03 09:58:55+02:00,1,1,0
2022-04-03 10:40:13+02:00,42,39,3
2022-04-03 10:41:35+02:00,8,8,0
2022-04-03 10:44:27+02:00,3,3,0
2022-04-03 11:10:16+02:00,269,246,23
2022-04-03 11:17:01+02:00,23,22,1
2022-04-03 11:18:36+02:00,11,11,0
2022-04-03 12:29:29+02:00,10,11,-1
2022-04-03 18:45:58+05:18,17,0,17
2022-04-03 19:22:59+02:00,6,6,0
2022-04-03 19:27:30+02:00,14,14,0
2022-04-03 19:36:32+02:00,4,4,0
2022-04-03 19:39:13+02:00,9,9,0
2022-04-04 03:01:26+00:00,1,1,0
2022-04-04 03:01:33+00:00,1,1,0
2022-04-04 03:01:35+00:00,1,1,0
2022-04-04 03:01:37+00:00,1,1,0
2022-04-04 03:01:46+00:00,1,1,0
2022-04-04 06:26:07+02:00,1,1,0
2022-04-04 06:33:38+02:00,1,1,0
2022-04-04 06:34:16+02:00,1,1,0
2022-04-04 04:37:13+00:00,1,1,0
2022-04-04 07:04:50+02:00,1,1,0
2022-04-04 05:05:50+00:00,1,1,0
2022-04-04 07:37:50+02:00,1,1,0
2022-04-04 07:38:01+02:00,1,1,0
2022-04-04 10:54:15+02:00,1,1,0
2022-04-04 16:48:27+02:00,30,4,26
2022-04-04 16:51:57+02:00,14,10,4
2022-04-04 16:59:27+02:00,33,33,0
2022-04-04 17:03:27+02:00,13,13,0
2022-04-04 17:04:43+02:00,10,10,0
2022-04-04 17:11:11+02:00,40,40,0
2022-04-04 19:05:36+02:00,57,37,20
2022-04-04 19:07:20+02:00,10,10,0
2022-04-04 19:08:50+02:00,13,13,0
2022-04-04 19:10:44+02:00,28,24,4
2022-04-04 19:14:21+02:00,4,4,0
2022-04-04 19:17:11+02:00,8,0,8
2022-04-04 19:21:13+02:00,12,8,4
2022-04-04 19:29:15+02:00,64,71,-7
2022-04-04 19:32:27+02:00,61,51,10
2022-04-04 19:37:23+02:00,8,6,2
2022-04-04 19:45:52+02:00,8,3,5
2022-04-04 19:52:26+02:00,7,1,6
2022-04-04 19:53:56+02:00,1,1,0
2022-04-05 06:44:56+02:00,348,296,52
2022-04-05 06:47:55+02:00,4,3,1
2022-04-05 06:50:44+02:00,14,16,-2
2022-04-05 10:09:07+05:18,32,4,28
2022-04-05 07:13:09+02:00,6,6,0
2022-04-05 11:16:22+05:18,2,0,2
2022-04-05 15:49:53+05:18,77,77,0
2022-04-05 16:46:30+05:18,17,17,0
2022-04-05 20:00:35+02:00,63,46,17
2022-04-05 20:03:27+02:00,25,23,2
2022-04-05 20:10:20+02:00,62,59,3
2022-04-05 20:15:08+02:00,3,7,-4
2022-04-05 20:21:39+02:00,42,38,4
2022-04-05 20:25:31+02:00,30,2,28
2022-04-05 20:27:32+02:00,1,1,0
2022-04-05 20:43:39+02:00,25,16,9
2022-04-06 06:20:13+05:18,120,120,0
2022-04-06 06:53:43+05:18,40,32,8
2022-04-06 07:07:00+05:18,3,3,0
2022-04-06 07:11:43+05:18,1,1,0
2022-04-06 06:43:06+02:00,2,2,0
2022-04-06 16:03:11+02:00,2,2,0
2022-04-06 19:09:34+02:00,6,5,1
2022-04-06 19:13:46+02:00,6,0,6
2022-04-06 19:32:55+02:00,128,122,6
2022-04-06 19:46:46+02:00,216,156,60
2022-04-07 10:16:55+05:18,1,1,0
2022-04-07 08:45:45+00:00,5,2,3
2022-04-07 09:08:17+00:00,3,2,1
2022-04-07 19:25:58+02:00,1,1,0
2022-04-07 19:43:34+02:00,53,54,-1
2022-04-07 19:46:00+02:00,37,38,-1
2022-04-07 20:04:16+02:00,11,11,0
2022-04-07 20:05:51+02:00,11,11,0
2022-04-07 20:15:06+02:00,29,25,4
2022-04-07 23:43:07+05:18,1,1,0
2022-04-07 23:49:51+05:18,455,384,71
2022-04-08 06:55:51+05:18,19,16,3
2022-04-08 10:33:05+05:18,18,20,-2
2022-04-08 10:56:11+05:18,1,0,1
2022-04-08 11:45:03+02:00,2,2,0
2022-04-08 12:31:48+02:00,125,112,13
2022-04-08 11:44:42+01:00,9,2,7
2022-04-08 13:39:41+02:00,36,31,5
2022-04-08 15:50:44+02:00,24,6,18
2022-04-08 16:11:18+02:00,94,10,84
2022-04-08 17:26:51+02:00,14,5,9
2022-04-08 17:30:23+02:00,6,6,0
2022-04-08 17:46:53+02:00,3,16,-13
2022-04-08 17:50:32+02:00,3,5,-2
2022-04-08 17:59:16+02:00,23,2,21
2022-04-08 18:05:27+02:00,1347,1151,196
2022-04-08 18:07:01+02:00,5,6,-1
2022-04-09 08:36:22+02:00,1,1,0
2022-04-09 09:24:20+02:00,26,14,12
2022-04-09 09:41:01+02:00,51,3,48
2022-04-09 09:50:54+02:00,33,1,32
2022-04-09 09:58:03+02:00,4,3,1
2022-04-09 10:04:10+02:00,9,4,5
2022-04-09 11:53:47+02:00,2,1,1
2022-04-09 15:35:26+02:00,2,1,1
2022-04-09 16:42:18+02:00,62,18,44
2022-04-09 16:50:38+02:00,11,6,5
2022-04-09 17:09:17+02:00,9,4,5
2022-04-09 17:17:49+02:00,11,5,6
2022-04-09 17:18:51+02:00,152,20,132
2022-04-09 19:58:58+02:00,1,1,0
2022-04-09 20:07:24+02:00,1,1,0
2022-04-10 10:39:48+08:00,1,4,-3
2022-04-10 07:32:46+02:00,1,4,-3
2022-04-10 08:42:28+02:00,62,18,44
2022-04-10 08:43:30+02:00,85,43,42
2022-04-10 08:44:49+02:00,2,3,-1
2022-04-10 09:07:51+02:00,8,6,2
2022-04-10 09:09:45+02:00,22,12,10
2022-04-10 09:16:31+02:00,34056,5076,28980
2022-04-10 09:24:53+02:00,371,107,264
2022-04-10 09:51:35+02:00,115,27,88
2022-04-10 09:53:33+02:00,1,9,-8
2022-04-10 09:53:33+02:00,12,13,-1
2022-04-10 10:14:34+02:00,34,3,31
2022-04-10 15:10:13+02:00,4,4,0
2022-04-10 15:56:29+02:00,26,26,0
2022-04-10 12:53:47-03:00,73,14,59
2022-04-10 18:44:33-06:00,1,1,0
2022-04-10 18:45:09-06:00,1,1,0
2022-04-10 18:50:51-06:00,1,1,0
2022-04-10 18:56:28-06:00,1,0,1
2022-04-11 03:01:29+00:00,1,1,0
2022-04-11 03:01:36+00:00,1,1,0
2022-04-11 03:01:39+00:00,1,1,0
2022-04-11 03:01:53+00:00,1,1,0
2022-04-11 06:26:50+02:00,1,1,0
2022-04-11 06:27:08+02:00,1,1,0
2022-04-11 04:28:17+00:00,1,1,0
2022-04-11 06:34:44+02:00,1,1,0
2022-04-11 07:02:15+02:00,1,1,0
2022-04-11 07:12:12+02:00,1,1,0
2022-04-11 07:13:31+02:00,1,0,1
2022-04-11 17:48:39+02:00,4,0,4
2022-04-11 18:02:06+02:00,50,46,4
2022-04-11 14:42:10-03:00,1696,1141,555
2022-04-11 19:44:47+02:00,42,2,40
2022-04-11 20:04:47+02:00,15,1,14
2022-04-11 20:32:02+02:00,30,23,7
2022-04-11 16:41:48-03:00,34,14,20
2022-04-12 06:28:37+02:00,28,0,28
2022-04-12 07:21:30+02:00,4,1,3
2022-04-12 23:57:40+01:00,2,2,0
2022-04-13 06:47:39+02:00,21,6,15
2022-04-13 07:09:26+02:00,20,6,14
2022-04-13 09:36:46+01:00,5,6,-1
2022-04-13 19:24:21+02:00,4,4,0
2022-04-13 19:33:27+02:00,3,0,3
2022-04-14 14:15:11+01:00,3,3,0
2022-04-14 14:34:04+01:00,0,1,-1
2022-04-15 00:35:11+09:00,1,1,0
2022-04-15 14:48:09+02:00,4,0,4
2022-04-15 15:20:18+02:00,5,1,4
2022-04-15 16:06:20+02:00,146,28,118
2022-04-16 06:48:12+02:00,34,30,4
2022-04-16 14:42:41+03:00,60,17,43
2022-04-16 14:44:41+03:00,1,0,1
2022-04-16 15:03:09+03:00,75,29,46
2022-04-16 15:03:44+03:00,5,2,3
2022-04-16 15:04:22+03:00,22,0,22
2022-04-16 15:07:18+03:00,31,5,26
2022-04-16 15:08:09+03:00,21,0,21
2022-04-16 15:08:54+03:00,33,34,-1
2022-04-16 15:20:50+03:00,247,110,137
2022-04-16 15:44:07+03:00,2,1,1
2022-04-16 14:23:13+01:00,44639,8577,36062
2022-04-16 14:37:36+01:00,24,6,18
2022-04-16 14:46:30+01:00,2,0,2
2022-04-16 14:49:53+01:00,4,1,3
2022-04-16 14:58:17+01:00,1,1,0
2022-04-16 16:15:04+01:00,2,0,2
2022-04-16 16:32:04+01:00,10,6,4
2022-04-16 16:37:06+01:00,2,1,1
2022-04-16 16:49:20+01:00,5,5,0
2022-04-16 17:03:24+01:00,5,5,0
2022-04-16 21:47:44-06:00,4404,4404,0
2022-04-17 12:11:30+03:00,1,1,0
2022-04-17 14:38:34-06:00,1,1,0
2022-04-18 03:01:19+00:00,1,1,0
2022-04-18 03:01:22+00:00,1,1,0
2022-04-18 03:01:24+00:00,1,1,0
2022-04-18 03:01:27+00:00,1,1,0
2022-04-18 03:01:42+00:00,1,1,0
2022-04-18 08:10:37+02:00,1,1,0
2022-04-18 08:10:51+02:00,1,1,0
2022-04-18 08:11:12+02:00,1,1,0
2022-04-18 08:11:26+02:00,1,1,0
2022-04-18 06:11:57+00:00,1,1,0
2022-04-18 08:12:13+02:00,1,1,0
2022-04-18 08:16:38+02:00,2,2,0
2022-04-18 08:27:42+02:00,1,1,0
2022-04-18 08:54:20+02:00,4406,4406,0
2022-04-18 21:13:50+03:00,23,13,10
2022-04-18 21:14:35+03:00,1,0,1
2022-04-18 21:16:45+03:00,30,23,7
2022-04-18 21:17:39+03:00,10,6,4
2022-04-18 21:20:50+03:00,25,20,5
2022-04-18 21:21:38+03:00,1,1,0
2022-04-18 21:22:19+03:00,4412,4412,0
2022-04-19 13:33:37+03:00,2,1,1
2022-04-19 12:10:30+01:00,4412,4412,0
2022-04-19 12:48:21+01:00,43,7,36
2022-04-19 12:48:29+01:00,4412,4412,0
2022-04-19 13:00:09+01:00,2,2,0
2022-04-19 13:08:01+01:00,1,1,0
2022-04-19 14:05:03+01:00,77,4,73
2022-04-20 13:38:52+01:00,128,86,42
2022-04-20 13:51:45+01:00,10,6,4
2022-04-20 13:54:50+01:00,9,8,1
2022-04-20 14:05:33+01:00,17,14,3
2022-04-21 18:23:41+05:18,10,4,6
2022-04-22 06:38:51+02:00,11,10,1
2022-04-22 18:46:12+01:00,5,5,0
2022-04-22 18:49:28+01:00,10,16,-6
2022-04-22 18:54:02+01:00,1,1,0
2022-04-23 08:51:52+02:00,20,21,-1
2022-04-23 09:10:40+02:00,8,8,0
2022-04-23 09:11:50+02:00,20,9,11
2022-04-23 09:16:28+02:00,34427,5199,29228
2022-04-23 09:19:18+02:00,20,0,20
2022-04-23 09:23:53+02:00,1,2,-1
2022-04-23 09:43:33+02:00,71,8,63
2022-04-23 09:44:04+02:00,2,2,0
2022-04-23 09:45:11+02:00,228,22,206
2022-04-23 10:44:11+02:00,2,2,0
2022-04-23 10:51:24+02:00,2,2,0
2022-04-23 11:22:00+02:00,27,15,12
2022-04-23 11:25:20+02:00,15,0,15
2022-04-23 11:31:12+02:00,5,4,1
2022-04-23 11:47:10+02:00,6,0,6
2022-04-23 14:22:06+02:00,1,1,0
2022-04-23 14:22:23+02:00,25,4,21
2022-04-23 14:23:53+02:00,76,18,58
2022-04-23 14:53:47+02:00,0,85,-85
2022-04-23 15:01:19+02:00,7,1,6
2022-04-23 15:34:40+02:00,1,1,0
2022-04-23 17:05:41+02:00,1,1,0
2022-04-23 17:08:34+02:00,3,3,0
2022-04-23 13:15:14-03:00,37,16,21
2022-04-23 17:18:38+01:00,8,8,0
2022-04-23 19:25:58+02:00,8,8,0
2022-04-24 14:28:15+02:00,11,11,0
2022-04-24 14:30:50+02:00,49,49,0
2022-04-24 14:33:24+02:00,97,9,88
2022-04-24 14:33:24+02:00,58,44,14
2022-04-24 14:33:24+02:00,75,51,24
2022-04-24 14:33:24+02:00,30,17,13
2022-04-24 14:33:24+02:00,34,30,4
2022-04-24 14:33:24+02:00,28,16,12
2022-04-24 14:33:24+02:00,9,9,0
2022-04-24 14:33:24+02:00,23,6,17
2022-04-24 14:33:24+02:00,2,0,2
2022-04-24 14:33:24+02:00,31,9,22
2022-04-24 14:33:24+02:00,42,31,11
2022-04-24 14:39:13+02:00,3,2,1
2022-04-24 14:43:30+02:00,1,2,-1
2022-04-24 17:37:09-03:00,14,6,8
2022-04-24 17:42:52-03:00,2,1,1
2022-04-25 03:17:23+00:00,1,1,0
2022-04-25 03:17:29+00:00,1,1,0
2022-04-25 03:17:38+00:00,1,1,0
2022-04-25 03:17:44+00:00,1,1,0
2022-04-25 03:17:53+00:00,1,1,0
2022-04-25 06:53:13+02:00,1,1,0
2022-04-25 06:53:33+02:00,1,1,0
2022-04-25 06:54:03+02:00,1,1,0
2022-04-25 06:54:16+02:00,1,1,0
2022-04-25 04:54:53+00:00,1,1,0
2022-04-25 07:01:27+02:00,15,31,-16
2022-04-25 07:02:09+02:00,21,135,-114
2022-04-25 07:11:32+02:00,13,14,-1
2022-04-25 07:23:16+02:00,33,1,32
2022-04-25 07:32:32+02:00,10,7,3
2022-04-25 07:41:51+02:00,0,13,-13
2022-04-25 07:43:30+02:00,1,1,0
2022-04-25 08:23:34+02:00,1,1,0
2022-04-25 08:26:35+02:00,76,220,-144
2022-04-25 08:38:02+02:00,7,3,4
2022-04-25 09:49:51+02:00,3,0,3
2022-04-25 10:18:04+02:00,67,3,64
2022-04-25 10:19:31+02:00,2,4,-2
2022-04-25 10:51:11+02:00,36,8,28
2022-04-25 11:12:35+02:00,9,5,4
2022-04-25 11:23:45+02:00,1,1,0
2022-04-25 10:31:19+01:00,2,1,1
2022-04-25 11:33:18+02:00,5,6,-1
2022-04-25 10:42:24+01:00,1,1,0
2022-04-25 14:57:45+02:00,75,9,66
2022-04-25 16:02:39+02:00,36,8,28
2022-04-25 16:03:27+02:00,2,1,1
2022-04-25 17:37:25+02:00,1,1,0
2022-04-25 17:47:12-06:00,9,0,9
2022-04-25 17:48:07-06:00,11,0,11
2022-04-25 17:48:43-06:00,0,11,-11
2022-04-25 17:48:57-06:00,1,0,1
2022-04-25 17:48:57-06:00,1,0,1
2022-04-25 17:48:57-06:00,2,0,2
2022-04-25 17:48:57-06:00,9,0,9
2022-04-25 17:59:50-06:00,26,0,26
2022-04-26 01:07:59+00:00,3,0,3
2022-04-25 23:50:47-03:00,3,1,2
2022-04-25 22:39:58-06:00,1,6,-5
2022-04-26 10:01:51+03:00,12,8,4
2022-04-27 06:42:56+02:00,2,2,0
2022-04-27 07:07:28+02:00,12,8,4
2022-04-27 13:27:33+02:00,1,1,0
2022-04-27 13:53:11+02:00,13,12,1
2022-04-27 17:13:58+02:00,5,19,-14
2022-04-27 19:10:04+02:00,16,0,16
2022-04-27 19:58:19+02:00,3,2,1
2022-04-28 06:29:14+02:00,10,4,6
2022-04-28 06:59:03+02:00,1,0,1
2022-04-28 07:33:30+02:00,1,3,-2
2022-04-28 07:38:32+02:00,8,21,-13
2022-04-28 14:40:47+02:00,2,0,2
2022-04-28 14:50:50+02:00,2,0,2
2022-04-28 14:51:33+02:00,64,49,15
2022-04-28 16:23:06+02:00,5,0,5
2022-04-28 19:43:52+02:00,4,4,0
2022-04-28 20:05:19+02:00,41,0,41
2022-04-28 23:06:52+03:00,818,517,301
2022-04-29 00:10:17+03:00,57,41,16
2022-04-29 07:17:31+02:00,6,4,2
2022-04-29 09:53:05+00:00,20,18,2
2022-04-29 09:54:54+00:00,1,1,0
2022-04-29 13:02:38+03:00,6,4,2
2022-04-29 17:46:33+02:00,0,2,-2
2022-04-29 17:58:42+02:00,6,4,2
2022-04-29 22:02:02+05:18,6,6,0
2022-04-29 19:37:13+02:00,45,39,6
2022-04-29 19:44:17+02:00,3,1,2
2022-04-29 20:10:50+02:00,1,1,0
2022-04-29 20:42:24+02:00,1,1,0
2022-04-29 22:20:26-06:00,4,1,3
2022-04-29 22:21:22-06:00,1,3,-2
2022-04-29 22:23:42-06:00,187,116,71
2022-04-29 23:35:08-06:00,1,1,0
2022-04-30 08:55:07+02:00,4,5,-1
2022-04-30 09:14:51+02:00,43,0,43
2022-04-30 12:55:03+03:00,1,1,0
2022-04-30 13:38:17+03:00,44,29,15
2022-04-30 13:39:23+03:00,97,46,51
2022-04-30 13:59:23+02:00,2,2,0
2022-04-30 14:22:18+02:00,5536,5053,483
2022-04-30 14:47:27+02:00,190,180,10
2022-04-30 14:51:57+02:00,1,1,0
2022-04-30 14:55:52+02:00,2,2,0
2022-04-30 15:42:41+02:00,58,18,40
2022-04-30 17:32:50+02:00,49,14,35
2022-04-30 17:35:11+02:00,4,4,0
2022-04-30 17:44:57+02:00,3,2,1
2022-04-30 17:46:05+02:00,4,4,0
2022-04-30 19:55:13+02:00,1,0,1
2022-04-30 20:08:40+02:00,8,8,0
2022-05-01 09:53:46+02:00,12,5,7
2022-05-01 10:03:10+02:00,236,218,18
2022-05-01 12:08:19+03:00,4,1,3
2022-05-01 12:10:11+03:00,1,2,-1
2022-05-01 11:19:17+02:00,1,1,0
2022-05-01 11:19:32+02:00,1,1,0
2022-05-01 14:50:36+02:00,1,1,0
2022-05-01 14:51:39+02:00,35433,5832,29601
2022-05-01 14:59:04+02:00,637,547,90
2022-05-01 15:15:16+02:00,109,33,76
2022-05-01 16:49:11+02:00,1,1,0
2022-05-01 17:04:20+02:00,363,156,207
2022-05-01 18:06:20+03:00,66,55,11
2022-05-01 12:25:53-03:00,3,3,0
2022-05-01 12:32:12-03:00,41,44,-3
2022-05-01 21:42:15+03:00,690,389,301
2022-05-02 03:01:00+00:00,1,1,0
2022-05-02 03:01:11+00:00,1,1,0
2022-05-02 03:01:22+00:00,1,1,0
2022-05-02 03:01:33+00:00,1,1,0
2022-05-02 03:01:34+00:00,1,1,0
2022-05-02 06:29:37+02:00,1,1,0
2022-05-02 06:30:11+02:00,1,1,0
2022-05-02 04:31:34+00:00,2,2,0
2022-05-02 04:31:35+00:00,1,1,0
2022-05-02 06:44:30+02:00,1,1,0
2022-05-02 06:45:42+02:00,1,1,0
2022-05-02 06:59:27+02:00,1,1,0
2022-05-02 05:00:17+00:00,1,1,0
2022-05-02 07:11:19+02:00,2,2,0
2022-05-02 07:24:32+02:00,2,2,0
2022-05-02 07:59:14+02:00,2,2,0
2022-05-02 07:59:30+02:00,1,1,0
2022-05-02 06:00:02+00:00,1,1,0
2022-05-02 08:11:05+02:00,1,1,0
2022-05-02 06:24:52+00:00,7,4,3
2022-05-02 09:12:52+02:00,2,2,0
2022-05-02 09:13:08+02:00,8,5,3
2022-05-02 18:07:48+03:00,102,0,102
2022-05-02 18:09:28+03:00,6,1,5
2022-05-02 18:22:41+03:00,0,5,-5
2022-05-02 18:30:05+03:00,20,17,3
2022-05-02 19:44:14+02:00,6,6,0
2022-05-02 20:01:44+02:00,21,13,8
2022-05-02 20:08:38+02:00,82,72,10
2022-05-02 21:09:14+02:00,289,129,160
2022-05-02 23:20:13+01:00,1,1,0
2022-05-03 08:12:29+02:00,1,1,0
2022-05-03 19:06:17+02:00,23,8,15
2022-05-03 19:42:17+02:00,0,1,-1
2022-05-03 20:34:37+02:00,23,8,15
2022-05-03 20:35:22+02:00,0,1,-1
2022-05-03 20:35:30+02:00,23,8,15
2022-05-03 20:37:29+02:00,1,1,0
2022-05-03 23:34:12+01:00,1,0,1
2022-05-04 06:40:12+02:00,2,4,-2
2022-05-04 07:13:02+02:00,32,13,19
2022-05-04 07:24:32+02:00,1,0,1
2022-05-03 23:56:40-06:00,39,5,34
2022-05-03 23:56:49-06:00,21,0,21
2022-05-03 23:56:49-06:00,41,0,41
2022-05-04 00:08:41-06:00,3,1,2
2022-05-04 00:10:09-06:00,4,4,0
2022-05-04 21:34:45+03:00,9,1,8
2022-05-04 21:43:41+03:00,314,139,175
2022-05-04 22:05:53+03:00,4,5,-1
2022-05-05 07:05:00+02:00,1,2,-1
2022-05-05 12:18:19+03:00,2,8,-6
2022-05-05 12:19:05+03:00,5,0,5
2022-05-05 12:20:09+03:00,1,2,-1
2022-05-05 12:24:32+03:00,0,1,-1
2022-05-05 19:50:16+02:00,27,11,16
2022-05-06 06:42:01+02:00,13,13,0
2022-05-06 06:42:08+02:00,8,6,2
2022-05-06 10:13:29+03:00,2,2,0
2022-05-06 19:50:10+02:00,30,0,30
2022-05-06 19:50:10+02:00,92,0,92
2022-05-07 08:04:43+02:00,2,2,0
2022-05-07 10:02:54+02:00,10,7,3
2022-05-07 10:58:41+02:00,129,3,126
2022-05-07 11:39:47+02:00,5,4,1
2022-05-07 13:17:27+02:00,3,1,2
2022-05-07 14:30:44+02:00,136,7,129
2022-05-07 15:25:15+02:00,26,13,13
2022-05-07 17:31:56+03:00,10,11,-1
2022-05-07 17:47:37+02:00,3,3,0
2022-05-07 20:11:20+02:00,594,97,497
2022-05-07 21:56:22+03:00,21,13,8
2022-05-08 08:11:39+02:00,1,0,1
2022-05-08 12:34:58+05:18,2,2,0
2022-05-08 13:41:07+05:18,2,1,1
2022-05-08 15:30:44+02:00,8,3,5
2022-05-08 16:04:06+02:00,13,3,10
2022-05-08 17:25:42+02:00,33,15,18
2022-05-08 17:29:42+02:00,1,1,0
2022-05-08 17:38:06+02:00,81,65,16
2022-05-08 17:45:20+02:00,1354,1343,11
2022-05-08 17:49:13+02:00,4,1,3
2022-05-08 10:07:22-07:00,1,1,0
2022-05-08 21:50:41+02:00,1,1,0
2022-05-09 03:10:07+00:00,1,1,0
2022-05-09 03:10:15+00:00,1,1,0
2022-05-09 03:10:27+00:00,1,1,0
2022-05-09 03:10:38+00:00,1,1,0
2022-05-09 03:11:12+00:00,1,1,0
2022-05-09 03:11:16+00:00,1,1,0
2022-05-09 06:31:44+02:00,1,1,0
2022-05-09 06:32:28+02:00,1,1,0
2022-05-09 04:32:48+00:00,1,1,0
2022-05-09 06:37:06+02:00,1,1,0
2022-05-09 06:37:29+02:00,1,1,0
2022-05-09 06:51:21+02:00,1,1,0
2022-05-09 06:51:40+02:00,1,1,0
2022-05-09 04:52:32+00:00,1,1,0
2022-05-09 06:52:43+02:00,1,1,0
2022-05-09 06:52:59+02:00,2,2,0
2022-05-09 04:53:29+00:00,1,1,0
2022-05-09 06:55:01+02:00,1,1,0
2022-05-09 07:13:18+02:00,1,1,0
2022-05-09 08:00:20+02:00,2,2,0
2022-05-09 20:15:45+02:00,1433,1406,27
2022-05-09 20:58:40+02:00,34,8,26
2022-05-09 20:58:40+02:00,36,1,35
2022-05-09 20:58:40+02:00,27,0,27
2022-05-10 07:13:42+02:00,39,19,20
2022-05-10 07:13:51+02:00,21,1,20
2022-05-10 10:33:04+00:00,1,1,0
2022-05-10 19:16:40+02:00,1,1,0
2022-05-10 20:27:24+02:00,9,3,6
2022-05-11 06:30:40+02:00,4,6,-2
2022-05-11 06:30:58+02:00,1,1,0
2022-05-11 06:26:49+00:00,2,2,0
2022-05-11 09:09:32+02:00,2,2,0
2022-05-11 19:23:36+02:00,2,2,0
2022-05-11 19:39:56+02:00,1,1,0
2022-05-11 19:54:31+02:00,137,5,132
2022-05-12 19:11:28+02:00,2,1,1
2022-05-13 07:03:18+02:00,4,3,1
2022-05-13 19:20:52+05:18,1,1,0
2022-05-13 21:07:40+05:18,12,12,0
2022-05-13 21:34:25+05:18,4,2,2
2022-05-13 21:40:26+05:18,1,1,0
2022-05-13 19:29:47+02:00,1,1,0
2022-05-13 21:00:06+02:00,4,2,2
2022-05-14 09:10:38+02:00,41,5,36
2022-05-14 09:51:44+02:00,71,7,64
2022-05-14 13:44:10+02:00,23,20,3
2022-05-14 14:16:13+02:00,21,6,15
2022-05-14 14:18:51+02:00,34,4,30
2022-05-14 16:37:04+03:00,6,3,3
2022-05-14 16:39:27+03:00,33,2,31
2022-05-14 16:56:56+03:00,1,0,1
2022-05-14 16:16:32+02:00,14,8,6
2022-05-14 17:42:01+02:00,13,1,12
2022-05-14 19:30:42+02:00,35,6,29
2022-05-14 19:35:06+02:00,16,12,4
2022-05-15 15:12:29+02:00,4,2,2
2022-05-15 15:45:39+02:00,3,6,-3
2022-05-15 16:56:40+03:00,3,6,-3
2022-05-15 16:41:18+02:00,51,7,44
2022-05-15 17:06:40+02:00,2,2,0
2022-05-15 17:38:58+02:00,1405,3,1402
2022-05-15 17:38:58+02:00,9,3,6
2022-05-15 17:38:58+02:00,1,5,-4
2022-05-15 17:38:58+02:00,1,27,-26
2022-05-15 17:38:58+02:00,602,448,154
2022-05-15 17:38:58+02:00,34,22,12
2022-05-15 17:41:34+02:00,472,408,64
2022-05-15 17:41:34+02:00,38,27,11
2022-05-15 17:41:34+02:00,12,31,-19
2022-05-15 17:41:34+02:00,22,6,16
2022-05-15 17:41:34+02:00,5,2,3
2022-05-15 17:41:59+02:00,5,4,1
2022-05-15 17:41:59+02:00,14,14,0
2022-05-15 17:42:15+02:00,370,412,-42
2022-05-15 17:42:15+02:00,2,9,-7
2022-05-15 17:42:15+02:00,1,6,-5
2022-05-15 17:42:15+02:00,20,14,6
2022-05-15 17:42:15+02:00,3,3,0
2022-05-15 17:42:15+02:00,2,1,1
2022-05-15 17:42:15+02:00,25,14,11
2022-05-15 17:42:15+02:00,217,43,174
2022-05-15 17:42:15+02:00,119,39,80
2022-05-15 17:42:15+02:00,7,4,3
2022-05-15 17:42:15+02:00,19,4,15
2022-05-15 17:42:15+02:00,4,2,2
2022-05-15 17:42:15+02:00,1,1,0
2022-05-15 17:42:15+02:00,1,1,0
2022-05-15 17:42:15+02:00,1,1,0
2022-05-15 17:42:15+02:00,1,1,0
2022-05-15 19:22:12+02:00,7,7,0
2022-05-15 19:27:45+02:00,204,36,168
2022-05-15 19:29:42+02:00,5,20,-15
2022-05-15 20:01:19+02:00,9,24,-15
2022-05-16 07:27:11+09:00,11047,8416,2631
2022-05-16 07:28:40+09:00,1,1,0
2022-05-16 07:43:36+09:00,1,1,0
2022-05-16 03:01:25+00:00,1,1,0
2022-05-16 03:01:28+00:00,1,1,0
2022-05-16 03:01:33+00:00,1,1,0
2022-05-16 03:01:40+00:00,1,1,0
2022-05-16 03:01:53+00:00,1,1,0
2022-05-16 03:01:57+00:00,1,1,0
2022-05-16 03:02:00+00:00,1,1,0
2022-05-16 06:33:15+02:00,1,1,0
2022-05-16 06:33:30+02:00,1,1,0
2022-05-16 06:34:41+02:00,1,1,0
2022-05-16 06:36:09+02:00,1,1,0
2022-05-16 06:36:28+02:00,1,1,0
2022-05-16 06:36:52+02:00,1,1,0
2022-05-16 04:37:25+00:00,1,1,0
2022-05-16 04:37:41+00:00,1,1,0
2022-05-16 10:01:59+02:00,1,1,0
2022-05-16 10:02:58+02:00,1,1,0
2022-05-16 10:39:46+02:00,2,2,0
2022-05-16 19:18:43+02:00,1,1,0
2022-05-16 19:20:13+02:00,18,14,4
2022-05-16 19:21:38+02:00,7,4,3
2022-05-16 19:21:38+02:00,3,3,0
2022-05-16 19:21:38+02:00,75,0,75
2022-05-16 19:22:07+02:00,2,4,-2
2022-05-16 19:39:43+02:00,16,4,12
2022-05-16 19:48:27+02:00,34,21,13
2022-05-16 20:10:52+02:00,14,13,1
2022-05-17 01:41:01+03:00,3,0,3
2022-05-17 01:41:31+03:00,2,0,2
2022-05-17 01:42:48+03:00,12,0,12
2022-05-17 02:01:27+03:00,1,0,1
2022-05-17 02:04:45+03:00,2,0,2
2022-05-17 07:55:13+05:18,352,127,225
2022-05-17 06:34:39+02:00,12,12,0
2022-05-17 07:05:26+02:00,20,0,20
2022-05-17 09:33:39+02:00,83,7,76
2022-05-17 09:34:11+02:00,45,19,26
2022-05-17 14:07:02+03:00,6,0,6
2022-05-17 14:07:42+03:00,9,1,8
2022-05-17 14:08:35+03:00,24,0,24
2022-05-17 14:09:01+03:00,8,2,6
2022-05-17 14:09:57+03:00,161,55,106
2022-05-17 17:13:38+02:00,174,10,164
2022-05-17 18:15:03+02:00,80,69,11
2022-05-17 19:26:44+02:00,47,3,44
2022-05-17 19:50:06+02:00,7,0,7
2022-05-17 19:58:36+02:00,26,19,7
2022-05-17 20:46:23+02:00,24,11,13
2022-05-17 22:05:33+01:00,34,3,31
2022-05-17 22:32:17+01:00,15,13,2
2022-05-17 22:37:48+01:00,1,1,0
2022-05-18 03:29:10+05:18,50,50,0
2022-05-18 10:57:19+02:00,1,1,0
2022-05-18 12:47:37+01:00,10,4,6
2022-05-18 12:56:43+01:00,2,2,0
2022-05-19 06:42:38+02:00,33,65,-32
2022-05-19 06:56:34+02:00,19,21,-2
2022-05-19 07:03:53+02:00,6,3,3
2022-05-19 17:15:50+02:00,5,0,5
2022-05-19 17:55:00+02:00,7,1,6
2022-05-19 19:27:38+02:00,26,10,16
2022-05-19 19:29:39+02:00,20,1,19
2022-05-19 19:53:23+02:00,1,1,0
2022-05-19 20:10:11+02:00,1,2,-1
2022-05-19 21:15:58+02:00,73,16,57
2022-05-20 06:26:16+02:00,5,0,5
2022-05-20 06:55:51+02:00,2,2,0
2022-05-20 07:14:49+02:00,0,8,-8
2022-05-20 11:30:25+02:00,3,3,0
2022-05-20 12:10:09+02:00,83,91,-8
2022-05-20 11:48:53+01:00,1,5,-4
2022-05-21 08:26:44+02:00,2,2,0
2022-05-21 08:31:34+02:00,5,4,1
2022-05-21 08:50:39+02:00,26,26,0
2022-05-21 09:03:30+02:00,68,2,66
2022-05-21 16:05:00+02:00,8228,7850,378
2022-05-21 16:10:00+02:00,27,1,26
2022-05-21 16:23:29+02:00,155,106,49
2022-05-21 17:35:49+02:00,1,1,0
2022-05-22 08:35:02+02:00,8155,7702,453
2022-05-22 08:36:28+02:00,3,1,2
2022-05-22 08:54:27+02:00,3,0,3
2022-05-22 09:01:46+02:00,3,2,1
2022-05-22 10:17:49+02:00,26,19,7
2022-05-22 10:20:01+02:00,17,18,-1
2022-05-22 10:31:29+02:00,77,0,77
2022-05-22 11:01:18+02:00,23,10,13
2022-05-22 11:28:11+02:00,16,4,12
2022-05-22 17:51:49+02:00,405,301,104
2022-05-22 19:18:12+02:00,4,4,0
2022-05-22 19:32:32+02:00,4,4,0
2022-05-23 00:06:26+02:00,66,35,31
2022-05-23 00:10:36+02:00,1,10,-9
2022-05-23 03:01:15+00:00,1,1,0
2022-05-23 03:01:20+00:00,1,1,0
2022-05-23 03:01:30+00:00,1,1,0
2022-05-23 03:01:32+00:00,1,1,0
2022-05-23 03:01:46+00:00,1,1,0
2022-05-23 03:01:48+00:00,1,1,0
2022-05-23 06:25:13+02:00,1,1,0
2022-05-23 06:25:37+02:00,1,1,0
2022-05-23 06:26:55+02:00,1,1,0
2022-05-23 06:28:11+02:00,1,1,0
2022-05-23 06:31:51+02:00,107,5,102
2022-05-23 04:33:43+00:00,1,1,0
2022-05-23 06:57:08+02:00,2,2,0
2022-05-23 06:57:49+02:00,1,1,0
2022-05-23 08:30:42+02:00,1,1,0
2022-05-23 08:31:03+02:00,2,2,0
2022-05-23 08:31:55+02:00,1,1,0
2022-05-23 06:32:06+00:00,1,1,0
2022-05-23 08:32:46+02:00,1,1,0
2022-05-23 09:20:50+02:00,2,2,0
2022-05-23 09:55:58+02:00,9,14,-5
2022-05-23 10:15:59+02:00,1,0,1
2022-05-23 10:24:58+02:00,7,7,0
2022-05-23 12:07:09+02:00,162,93,69
2022-05-23 20:18:09+02:00,296,285,11
2022-05-23 21:05:05+02:00,199,131,68
2022-05-24 06:54:16+02:00,24,9,15
2022-05-24 06:54:16+02:00,8,2,6
2022-05-24 06:54:16+02:00,11,10,1
2022-05-24 06:54:16+02:00,7,7,0
2022-05-24 06:54:16+02:00,20,15,5
2022-05-24 06:54:16+02:00,25,14,11
2022-05-24 06:57:50+02:00,152,44,108
2022-05-24 06:59:54+02:00,5,4,1
2022-05-24 07:03:14+02:00,7,7,0
2022-05-24 12:01:01+02:00,139,118,21
2022-05-24 11:47:25+01:00,317,2,315
2022-05-24 11:47:25+01:00,62,0,62
2022-05-24 11:47:26+01:00,2,4,-2
2022-05-24 11:47:26+01:00,2,3,-1
2022-05-24 12:58:53+02:00,25,2,23
2022-05-24 12:48:13+01:00,16,11,5
2022-05-24 14:46:16+02:00,61,11,50
2022-05-24 15:28:38+02:00,22,5,17
2022-05-24 19:13:35+02:00,3,4,-1
2022-05-24 19:41:59+02:00,100,62,38
2022-05-24 20:27:15+01:00,117,21,96
2022-05-24 21:04:23+01:00,209,10,199
2022-05-24 21:21:20+01:00,0,20,-20
2022-05-25 06:34:05+00:00,6,3,3
2022-05-25 09:13:18+02:00,6,3,3
2022-05-25 09:57:12+01:00,16,6,10
2022-05-25 09:58:38+01:00,1,3,-2
2022-05-25 10:08:03+01:00,3,0,3
2022-05-25 11:31:03+02:00,81,88,-7
2022-05-25 11:43:45+02:00,34,29,5
2022-05-25 10:13:37+00:00,15,7,8
2022-05-25 12:37:25+02:00,34,37,-3
2022-05-25 14:40:32+02:00,33,39,-6
2022-05-25 14:42:46+02:00,1,2,-1
2022-05-25 14:55:19+02:00,1,1,0
2022-05-25 15:31:50+02:00,14,7,7
2022-05-25 19:37:32+02:00,2,2,0
2022-05-25 20:01:21+02:00,11,4,7
2022-05-25 20:43:43+02:00,11,5,6
2022-05-26 10:12:50+09:00,1,1,0
2022-05-26 06:32:44+02:00,1,1,0
2022-05-26 11:06:38+01:00,3,1,2
2022-05-26 18:05:40+02:00,10,0,10
2022-05-26 19:37:55+02:00,3,10,-7
2022-05-26 21:07:50+02:00,192,116,76
2022-05-27 00:43:52+02:00,6,0,6
2022-05-27 01:15:55+02:00,1,1,0
2022-05-27 08:18:04+00:00,15,0,15
2022-05-27 12:23:32+02:00,4,5,-1
2022-05-27 13:01:33+02:00,6,2,4
2022-05-27 13:38:22+02:00,1,1,0
2022-05-27 13:56:34+02:00,7,5,2
2022-05-27 19:30:14+02:00,0,10,-10
2022-05-27 19:31:34+02:00,0,4,-4
2022-05-28 09:49:46+02:00,1,1,0
2022-05-28 09:49:58+02:00,1,1,0
2022-05-28 11:11:41+02:00,19,6,13
2022-05-28 11:22:32+02:00,1,1,0
2022-05-28 11:38:57+02:00,3,2,1
2022-05-28 12:23:26+02:00,2,3,-1
2022-05-28 13:46:24+02:00,12671,10267,2404
2022-05-28 14:55:07+02:00,16,6,10
2022-05-28 18:26:19+02:00,31,22,9
2022-05-28 18:34:26+02:00,2,2,0
2022-05-29 10:34:22+02:00,1,1,0
2022-05-29 11:01:01+02:00,4,5,-1
2022-05-29 11:20:11+01:00,88,109,-21
2022-05-29 11:20:32+01:00,3,10,-7
2022-05-29 11:54:27+01:00,28,28,0
2022-05-29 14:45:46+02:00,188,22,166
2022-05-29 16:26:34+02:00,1,1,0
2022-05-29 16:36:46+02:00,13,4,9
2022-05-29 16:39:52+02:00,24,12,12
2022-05-29 16:39:52+02:00,22,20,2
2022-05-29 15:42:34+01:00,17,10,7
2022-05-29 16:25:31+01:00,117,32,85
2022-05-29 17:44:35+02:00,19,13,6
2022-05-29 19:49:43+02:00,2,1,1
2022-05-29 20:02:43+02:00,1,1,0
2022-05-29 20:07:02+02:00,8,8,0
2022-05-29 20:19:32+02:00,2,1,1
2022-05-29 20:53:09+02:00,1,1,0
2022-05-29 21:33:38+02:00,1,2,-1
2022-05-30 02:12:31+02:00,11,5,6
2022-05-30 03:01:56+00:00,1,1,0
2022-05-30 03:01:58+00:00,1,1,0
2022-05-30 03:02:03+00:00,1,1,0
2022-05-30 03:02:13+00:00,1,1,0
2022-05-30 03:02:26+00:00,1,1,0
2022-05-30 06:22:16+02:00,1,1,0
2022-05-30 06:25:39+02:00,1,1,0
2022-05-30 06:27:25+02:00,1,1,0
2022-05-30 06:28:03+02:00,1,1,0
2022-05-30 06:32:46+02:00,7,1,6
2022-05-30 06:52:44+02:00,2,2,0
2022-05-30 06:54:21+02:00,2,2,0
2022-05-30 04:54:54+00:00,1,1,0
2022-05-30 07:07:47+02:00,8,11,-3
2022-05-30 07:08:37+02:00,7,3,4
2022-05-30 07:22:39+02:00,1,1,0
2022-05-30 07:23:05+02:00,1,1,0
2022-05-30 07:26:26+02:00,34,22,12
2022-05-30 08:36:39+02:00,2,2,0
2022-05-30 11:37:05+02:00,37,3,34
2022-05-30 12:48:22+02:00,5,4,1
2022-05-30 13:55:46+02:00,39,16,23
2022-05-30 18:18:01+02:00,17,0,17
2022-05-30 20:26:24+02:00,58,7,51
2022-05-30 21:35:48+02:00,99,16,83
2022-05-31 00:40:45+02:00,6,2,4
2022-05-31 01:48:48+02:00,8,3,5
2022-05-31 06:53:03+02:00,6,16,-10
2022-05-31 08:48:34+00:00,12,5,7
2022-05-31 11:58:21+02:00,64,1,63
2022-05-31 12:35:09+02:00,7,2,5
2022-05-31 11:40:14+00:00,16,4,12
2022-05-31 14:35:04+02:00,77,12,65
2022-05-31 15:37:38+02:00,2,0,2
2022-05-31 16:18:48+02:00,63,33,30
2022-05-31 17:49:51+02:00,14,7,7
2022-05-31 17:52:45+02:00,14,12,2
2022-05-31 18:42:27+02:00,149,79,70
2022-05-31 20:08:34+02:00,12,7,5
2022-05-31 20:32:41+02:00,2,0,2
2022-05-31 15:46:43-04:00,28,0,28
2022-06-01 06:33:42+02:00,1,1,0
2022-06-01 06:34:28+02:00,1,1,0
2022-06-01 07:55:05+02:00,2,5,-3
2022-06-01 08:05:38+02:00,3,2,1
2022-06-01 15:42:32+05:18,94,37,57
2022-06-01 21:02:48+05:18,144,94,50
2022-06-02 11:07:29+05:18,12,5,7
2022-06-02 13:28:06+02:00,1,1,0
2022-06-02 13:45:29+02:00,3,5,-2
2022-06-02 14:37:40+02:00,141,116,25
2022-06-02 14:58:45+02:00,14,25,-11
2022-06-02 07:24:08-06:00,2,2,0
2022-06-02 17:13:20+02:00,1,0,1
2022-06-03 15:19:46+02:00,343,71,272
2022-06-03 16:58:51+02:00,1,1,0
2022-06-03 17:14:07+02:00,8,1,7
2022-06-05 04:40:58+02:00,17,17,0
2022-06-05 09:40:04+02:00,2,2,0
2022-06-05 10:24:54+02:00,16,11,5
2022-06-05 19:41:17+02:00,1,1,0
2022-06-05 22:12:27+02:00,2,0,2
2022-06-05 22:12:27+02:00,30,0,30
2022-06-05 22:12:27+02:00,17,2,15
2022-06-05 22:12:27+02:00,25,21,4
2022-06-06 03:01:44+00:00,1,1,0
2022-06-06 03:01:48+00:00,1,1,0
2022-06-06 03:01:52+00:00,1,1,0
2022-06-06 03:01:55+00:00,1,1,0
2022-06-06 03:01:59+00:00,1,1,0
2022-06-06 03:02:07+00:00,1,1,0
2022-06-06 03:02:15+00:00,1,1,0
2022-06-06 10:19:48+02:00,1,1,0
2022-06-06 10:20:08+02:00,1,1,0
2022-06-06 10:20:35+02:00,1,1,0
2022-06-06 10:20:50+02:00,1,1,0
2022-06-06 10:21:38+02:00,1,1,0
2022-06-06 10:22:19+02:00,1,1,0
2022-06-06 10:54:26+02:00,4,0,4
2022-06-06 10:57:33+02:00,15,11,4
2022-06-06 10:59:10+02:00,28,8,20
2022-06-06 11:00:40+02:00,2,2,0
2022-06-06 11:03:40+02:00,1,1,0
2022-06-06 11:11:47+02:00,0,12,-12
2022-06-06 13:36:55+02:00,4,12,-8
2022-06-06 13:44:21+02:00,102,31,71
2022-06-06 15:11:54-06:00,1,1,0
2022-06-06 15:56:12-06:00,3,3,0
2022-06-06 16:24:32-06:00,5,12,-7
2022-06-06 16:26:07-06:00,1,4,-3
2022-06-07 00:54:18+02:00,11,8,3
2022-06-07 01:07:30+02:00,2,0,2
2022-06-07 07:03:40+02:00,20,2,18
2022-06-07 18:05:15+02:00,20,2,18
2022-06-07 19:49:20+02:00,45,37,8
2022-06-07 19:54:45+02:00,10,9,1
2022-06-07 20:24:23+02:00,1,2,-1
2022-06-07 20:57:10+02:00,9,2,7
2022-06-07 21:05:31+02:00,1,1,0
2022-06-08 00:20:33+02:00,2,2,0
2022-06-08 20:21:45+02:00,1,0,1
2022-06-09 03:01:48+00:00,1,1,0
2022-06-09 06:27:59+02:00,1,1,0
2022-06-09 07:04:46+02:00,1,1,0
2022-06-09 07:06:32+02:00,20,52,-32
2022-06-09 07:06:32+02:00,18,53,-35
2022-06-09 07:06:32+02:00,42,70,-28
2022-06-09 19:36:15+02:00,24,1,23
2022-06-09 19:38:18+02:00,5,4,1
2022-06-09 19:41:08+02:00,8,2,6
2022-06-09 19:51:21+02:00,3,0,3
2022-06-09 19:57:56+02:00,13,8,5
2022-06-09 20:10:29+02:00,7,1,6
2022-06-09 20:13:26+02:00,4,4,0
2022-06-09 20:06:23+01:00,7,6,1
2022-06-10 06:37:03+02:00,7,6,1
2022-06-10 06:39:59+02:00,78,172,-94
2022-06-10 07:26:53+02:00,5,3,2
2022-06-10 09:46:45+01:00,1,2,-1
2022-06-10 19:45:36+02:00,1,2,-1
2022-06-10 20:18:53+02:00,10,10,0
2022-06-10 20:26:19+02:00,400,102,298
2022-06-10 20:47:52+02:00,100,74,26
2022-06-11 08:31:59+02:00,17,42,-25
2022-06-11 08:53:37+02:00,47,134,-87
2022-06-11 08:58:36+02:00,15,25,-10
2022-06-11 11:18:21+02:00,19,8,11
2022-06-11 11:26:49+02:00,34,34,0
2022-06-11 11:28:45+02:00,4,1,3
2022-06-11 16:48:28+02:00,31,60,-29
2022-06-11 17:43:46+02:00,108,39,69
2022-06-11 17:49:23+02:00,43,1,42
2022-06-11 17:49:32+02:00,196,0,196
2022-06-11 18:02:03+02:00,4,0,4
2022-06-11 19:31:32+02:00,54,40,14
2022-06-11 19:56:37+02:00,25,34,-9
2022-06-12 08:31:02+02:00,1,1,0
2022-06-12 17:09:47+02:00,11,7,4
2022-06-12 17:30:01+02:00,13,17,-4
2022-06-12 19:41:28+02:00,27,81,-54
2022-06-13 03:01:53+00:00,1,1,0
2022-06-13 06:46:34+02:00,78,113,-35
2022-06-13 06:49:31+02:00,9,5,4
2022-06-13 06:58:06+02:00,1,1,0
2022-06-13 05:08:12+00:00,6,6,0
2022-06-13 07:17:13+02:00,46,133,-87
2022-06-13 08:24:20+02:00,6,6,0
2022-06-13 08:25:10+02:00,2,2,0
2022-06-13 06:25:18+00:00,1,1,0
2022-06-13 06:25:35+00:00,1,1,0
2022-06-13 06:25:53+00:00,1,1,0
2022-06-13 06:26:23+00:00,1,1,0
2022-06-13 09:06:46+02:00,1,1,0
2022-06-13 09:07:02+02:00,1,1,0
2022-06-13 07:07:39+00:00,1,1,0
2022-06-13 09:31:51+02:00,1,1,0
2022-06-13 09:32:03+02:00,1,1,0
2022-06-13 07:32:39+00:00,1,1,0
2022-06-13 07:33:30+00:00,1,1,0
2022-06-13 10:02:55+02:00,1,1,0
2022-06-13 10:03:11+02:00,1,1,0
2022-06-13 10:52:15+02:00,1,1,0
2022-06-13 13:24:48+00:00,2,0,2
2022-06-13 13:24:48+00:00,1,3,-2
2022-06-13 19:59:05+02:00,2,2,0
2022-06-13 20:48:49+02:00,0,8,-8
2022-06-14 16:54:27+01:00,43,12,31
2022-06-15 06:53:52+02:00,26,21,5
2022-06-15 07:13:47+02:00,10,8,2
2022-06-15 11:25:06+01:00,33,35,-2
2022-06-15 11:25:24+01:00,10,8,2
2022-06-15 11:48:57+01:00,6,6,0
2022-06-15 16:50:25+02:00,14,9,5
2022-06-15 19:06:00+02:00,828,20,808
2022-06-15 20:03:36+02:00,6,8,-2
2022-06-15 20:13:07+02:00,1,1,0
2022-06-16 00:22:49+02:00,95,75,20
2022-06-16 00:24:18+02:00,45,34,11
2022-06-16 08:19:57-04:00,1729,942,787
2022-06-16 12:36:15+00:00,9,0,9
2022-06-16 16:12:38+02:00,3,0,3
2022-06-16 19:35:16+02:00,9,0,9
2022-06-16 19:50:13+02:00,30,1,29
2022-06-17 06:29:17+00:00,11,0,11
2022-06-17 06:55:31+00:00,9,9,0
2022-06-17 07:00:42+00:00,12,15,-3
2022-06-17 09:53:29+00:00,14,31,-17
2022-06-17 11:17:05+00:00,11,21,-10
2022-06-17 14:55:40+02:00,69,18,51
2022-06-17 16:06:51+02:00,204,119,85
2022-06-17 16:16:23+02:00,15,18,-3
2022-06-17 22:43:24+02:00,6,1,5
2022-06-17 23:02:39+02:00,26,1,25
2022-06-18 09:05:22+02:00,3,2,1
2022-06-18 09:10:33+02:00,4,3,1
2022-06-18 09:23:16+02:00,19,19,0
2022-06-18 09:40:53+02:00,22,11,11
2022-06-18 11:14:28+02:00,51,8,43
2022-06-18 11:40:32+02:00,20,0,20
2022-06-18 11:43:50+02:00,5,0,5
2022-06-18 12:05:28+02:00,1,1,0
2022-06-18 16:27:54+02:00,1,0,1
2022-06-18 16:32:22+02:00,3,0,3
2022-06-18 16:35:40+02:00,13,3,10
2022-06-18 16:53:25+02:00,23,7,16
2022-06-18 17:20:20+02:00,104,10,94
2022-06-18 19:27:05+02:00,4,1,3
2022-06-19 16:13:04+02:00,30,6,24
2022-06-19 16:41:09+02:00,2,2,0
2022-06-20 03:01:26+00:00,1,1,0
2022-06-20 06:58:41+02:00,1,1,0
2022-06-20 07:01:35+02:00,1,1,0
2022-06-20 07:02:12+02:00,1,1,0
2022-06-20 07:05:51+02:00,5,0,5
2022-06-20 05:06:39+00:00,1,1,0
2022-06-20 05:07:35+00:00,1,1,0
2022-06-20 07:15:15+02:00,1,1,0
2022-06-20 08:02:25+02:00,1,1,0
2022-06-20 08:04:34+02:00,1,1,0
2022-06-20 08:07:06+02:00,2,2,0
2022-06-20 08:59:16+02:00,1,1,0
2022-06-20 06:59:58+00:00,1,1,0
2022-06-20 09:44:14+02:00,1,1,0
2022-06-21 08:12:51+02:00,4,1,3
2022-06-21 10:18:40+02:00,28,9,19
2022-06-21 14:06:41-04:00,60,33,27
2022-06-21 14:06:56-04:00,1729,942,787
2022-06-21 14:16:03-04:00,345,145,200
2022-06-22 06:31:51+02:00,37,15,22
2022-06-22 09:38:23-04:00,37,15,22
2022-06-23 07:17:24+02:00,1,0,1
2022-06-23 08:07:22+00:00,1,1,0
2022-06-23 20:43:35+02:00,11252,9440,1812
2022-06-23 20:47:51+02:00,9,9,0
2022-06-23 21:45:13+02:00,41,41,0
2022-06-24 17:25:33+02:00,25,4,21
2022-06-26 19:04:23+02:00,163,14,149
2022-06-26 23:03:48+02:00,14,1,13
2022-06-27 03:02:07+00:00,1,1,0
2022-06-27 03:02:16+00:00,1,1,0
2022-06-27 03:02:29+00:00,1,1,0
2022-06-27 03:02:46+00:00,1,1,0
2022-06-27 03:02:51+00:00,1,1,0
2022-06-27 03:02:53+00:00,1,1,0
2022-06-27 03:03:00+00:00,1,1,0
2022-06-27 07:36:08+02:00,1,1,0
2022-06-27 07:37:00+02:00,1,1,0
2022-06-27 07:37:33+02:00,1,1,0
2022-06-27 07:38:20+02:00,1,1,0
2022-06-27 05:38:31+00:00,1,1,0
2022-06-27 05:39:04+00:00,2,2,0
2022-06-27 07:43:55+02:00,1,1,0
2022-06-27 07:59:26+02:00,1,1,0
2022-06-27 09:10:46+02:00,1,1,0
2022-06-27 09:43:29+02:00,1,1,0
2022-06-27 07:44:33+00:00,1,1,0
2022-06-27 11:35:33+02:00,9,10,-1
2022-06-27 11:54:06+02:00,1,1,0
2022-06-27 11:54:43+02:00,2,2,0
2022-06-27 09:59:07+00:00,1,1,0
2022-06-27 09:59:19+00:00,1,1,0
2022-06-27 12:09:27+02:00,1,1,0
2022-06-27 15:17:57+02:00,2,2,0
2022-06-27 15:18:23+02:00,1,1,0
2022-06-27 13:18:58+00:00,1,1,0
2022-06-27 18:23:00+02:00,1,1,0
2022-06-27 22:05:45+02:00,2,2,0
2022-06-27 20:06:56+00:00,1,1,0
2022-06-28 07:37:54+02:00,1,1,0
2022-06-28 08:02:33+02:00,2,2,0
2022-06-28 15:12:25+02:00,4,3,1
2022-07-01 14:00:30+02:00,63,144,-81
2022-07-02 18:09:38+02:00,428,291,137
2022-07-03 07:52:09+02:00,1,1,0
2022-07-03 10:59:38+02:00,510,429,81
2022-07-03 11:05:15+02:00,2,2,0
2022-07-03 11:07:05+02:00,3,2,1
2022-07-03 12:15:59+02:00,31,15,16
2022-07-03 13:35:26+02:00,23,23,0
2022-07-03 14:10:59+02:00,11,3,8
2022-07-03 15:04:16+02:00,1,1,0
2022-07-03 15:04:38+02:00,1,1,0
2022-07-03 16:17:13+02:00,3894,8,3886
2022-07-03 16:30:01+02:00,1,1,0
2022-07-03 17:34:44+02:00,56,28,28
2022-07-03 19:42:24+02:00,2222,1182,1040
2022-07-03 19:54:29+02:00,2,2,0
2022-07-04 03:02:30+00:00,1,1,0
2022-07-04 03:02:34+00:00,1,1,0
2022-07-04 03:02:40+00:00,1,1,0
2022-07-04 03:03:02+00:00,1,1,0
2022-07-04 07:08:22+02:00,1,1,0
2022-07-04 07:09:09+02:00,1,1,0
2022-07-04 05:09:28+00:00,1,1,0
2022-07-04 05:10:00+00:00,1,1,0
2022-07-04 07:10:06+02:00,1,1,0
2022-07-04 07:54:36+02:00,1,1,0
2022-07-04 07:54:52+02:00,1,1,0
2022-07-04 05:55:44+00:00,1,1,0
2022-07-04 09:11:19+02:00,1,1,0
2022-07-04 09:11:37+02:00,1,1,0
2022-07-04 11:14:59+02:00,4,4,0
2022-07-04 17:17:01+02:00,50,9,41
2022-07-04 17:17:39+02:00,27,26,1
2022-07-05 12:43:33+02:00,27,9,18
2022-07-05 12:49:09+02:00,2,2,0
2022-07-05 12:58:43+02:00,2,2,0
2022-07-05 20:41:13+02:00,2,2,0
2022-07-06 07:12:13+02:00,1,0,1
2022-07-06 07:12:13+02:00,1,0,1
2022-07-06 18:20:21+02:00,4,21,-17
2022-07-07 19:44:54+02:00,0,1,-1
2022-07-08 19:44:20+02:00,15,9,6
2022-07-09 08:51:28+02:00,40,23,17
2022-07-09 08:51:28+02:00,17,11,6
2022-07-09 08:51:28+02:00,9,6,3
2022-07-09 08:51:59+02:00,15,6,9
2022-07-09 08:57:15+02:00,5,7,-2
2022-07-09 09:00:12+02:00,1,1,0
2022-07-09 08:21:42+00:00,2,2,0
2022-07-10 09:06:19+02:00,1,1,0
2022-07-10 09:45:24+02:00,61,28,33
2022-07-10 10:11:39+02:00,5635,4823,812
2022-07-10 11:05:35+02:00,1,1,0
2022-07-10 11:06:18+02:00,1,3,-2
2022-07-10 12:35:44+02:00,273,200,73
2022-07-10 19:31:14+02:00,18,32,-14
2022-07-11 03:01:47+00:00,1,1,0
2022-07-11 03:01:50+00:00,1,1,0
2022-07-11 03:02:12+00:00,1,1,0
2022-07-11 03:02:17+00:00,1,1,0
2022-07-11 03:02:39+00:00,1,1,0
2022-07-11 07:13:29+02:00,1,1,0
2022-07-11 07:13:52+02:00,1,1,0
2022-07-11 07:14:39+02:00,1,1,0
2022-07-11 05:14:41+00:00,1,1,0
2022-07-11 07:15:07+02:00,1,1,0
2022-07-11 05:15:37+00:00,1,1,0
2022-07-11 05:15:38+00:00,1,1,0
2022-07-11 05:16:14+00:00,1,1,0
2022-07-11 07:22:01+02:00,1,1,0
2022-07-11 05:23:01+00:00,1,1,0
2022-07-11 08:15:22+02:00,1,1,0
2022-07-11 08:15:44+02:00,1,1,0
2022-07-11 08:16:01+02:00,1,1,0
2022-07-11 08:16:39+02:00,1,1,0
2022-07-11 08:16:58+02:00,1,1,0
2022-07-11 08:17:16+02:00,3,1,2
2022-07-11 10:22:51+02:00,11,8,3
2022-07-11 10:30:05+02:00,1,0,1
2022-07-11 10:36:19+02:00,7,11,-4
2022-07-11 10:43:21+02:00,19,0,19
2022-07-11 11:33:59+02:00,113,275,-162
2022-07-11 11:48:24+02:00,33,60,-27
2022-07-11 11:49:22+02:00,5954,5037,917
2022-07-11 12:14:19+02:00,26,13,13
2022-07-11 13:55:32+02:00,9,13,-4
2022-07-11 14:09:39+02:00,12,25,-13
2022-07-11 14:09:44+02:00,16,3,13
2022-07-11 16:07:58+02:00,1,1,0
2022-07-11 16:09:12+02:00,1,1,0
2022-07-11 19:41:05+02:00,28,13,15
2022-07-11 22:01:48+02:00,109,39,70
2022-07-12 10:12:50+02:00,9,8,1
2022-07-12 18:09:17+02:00,44,21,23
2022-07-12 19:10:09+02:00,78,0,78
2022-07-14 19:40:26+02:00,5,1,4
2022-07-14 18:55:24-03:00,1,1,0
2022-07-15 19:02:23+02:00,24,2,22
2022-07-15 19:48:12+02:00,1,0,1
2022-07-15 20:00:53+02:00,1,1,0
2022-07-15 20:26:24+02:00,2,2,0
2022-07-16 11:47:32+02:00,61,6,55
2022-07-16 11:47:32+02:00,5,5,0
2022-07-16 11:49:33+02:00,35,1,34
2022-07-16 11:49:33+02:00,14,0,14
2022-07-16 13:14:21+02:00,3,3,0
2022-07-16 13:14:21+02:00,32,1,31
2022-07-16 13:14:21+02:00,3,1,2
2022-07-16 13:14:21+02:00,9,1,8
2022-07-16 13:14:21+02:00,2,2,0
2022-07-16 13:45:26+02:00,16,17,-1
2022-07-16 13:57:12+02:00,10,5,5
2022-07-16 15:17:14+02:00,73,21,52
2022-07-16 15:18:32+02:00,49,8,41
2022-07-16 15:35:00+02:00,16422,12246,4176
2022-07-16 15:42:17+02:00,7,5,2
2022-07-16 17:25:13+02:00,20,56,-36
2022-07-16 17:59:05+02:00,3,2,1
2022-07-16 18:14:34+02:00,6106,4993,1113
2022-07-16 18:15:02+02:00,74,9,65
2022-07-16 19:33:26+02:00,37,24,13
2022-07-16 21:16:59+02:00,2,2,0
2022-07-16 22:28:46+02:00,31,31,0
2022-07-17 07:21:42+02:00,1,1,0
2022-07-17 10:05:21+02:00,2,2,0
2022-07-17 16:06:36+02:00,10,8,2
2022-07-18 03:01:23+00:00,1,1,0
2022-07-18 03:01:26+00:00,1,1,0
2022-07-18 03:01:31+00:00,1,1,0
2022-07-18 03:01:40+00:00,1,1,0
2022-07-18 03:01:43+00:00,1,1,0
2022-07-18 03:01:49+00:00,1,1,0
2022-07-18 07:53:52+02:00,1,1,0
2022-07-18 07:54:31+02:00,1,1,0
2022-07-18 07:54:55+02:00,1,1,0
2022-07-18 07:55:29+02:00,1,1,0
2022-07-18 07:56:41+02:00,1,1,0
2022-07-18 08:38:35+02:00,2,2,0
2022-07-18 11:57:52+02:00,11,10,1
2022-07-19 07:20:36+02:00,11,4,7
2022-07-19 16:16:44+02:00,175,24,151
2022-07-19 17:49:18+02:00,8,7,1
2022-07-19 19:51:03+02:00,3,1,2
2022-07-19 14:24:44-07:00,3,1,2
2022-07-20 06:48:28+02:00,4,2,2
2022-07-20 12:56:46+02:00,415,119,296
2022-07-20 14:18:06+02:00,50,50,0
2022-07-20 14:39:28+02:00,205,3,202
2022-07-20 15:00:02+02:00,5,4,1
2022-07-20 15:51:25+02:00,5,5,0
2022-07-20 15:54:22+02:00,1,1,0
2022-07-20 16:14:19+02:00,6,7,-1
2022-07-21 07:26:44+02:00,4,3,1
2022-07-21 11:11:36+02:00,70,28,42
2022-07-21 11:25:28+02:00,29,21,8
2022-07-21 12:24:22+02:00,42,72,-30
2022-07-21 12:40:54+02:00,0,32,-32
2022-07-21 12:48:09+02:00,4,0,4
2022-07-21 13:02:52+02:00,10,3,7
2022-07-21 13:22:12+02:00,11,2,9
2022-07-21 22:11:46+02:00,14,2,12
2022-07-22 00:02:07+02:00,224,1,223
2022-07-22 07:22:06+02:00,1,1,0
2022-07-22 12:29:20+02:00,18,47,-29
2022-07-22 12:40:51+02:00,40,0,40
2022-07-22 12:44:43+02:00,2,1,1
2022-07-22 17:37:51+02:00,31,54,-23
2022-07-22 17:46:14+02:00,4,3,1
2022-07-22 19:45:50+02:00,2,2,0
2022-07-22 20:27:25+02:00,94,92,2
2022-07-23 08:52:03+02:00,17,8,9
2022-07-23 09:11:22+02:00,27,11,16
2022-07-23 12:42:24+02:00,12,14,-2
2022-07-23 13:04:06+02:00,51,4,47
2022-07-23 13:32:04+02:00,17,1,16
2022-07-23 13:35:44+02:00,3,7,-4
2022-07-23 14:43:52+02:00,31,0,31
2022-07-23 15:14:38+02:00,14,8,6
2022-07-23 15:23:24+02:00,2,1,1
2022-07-23 15:27:52+02:00,29,2,27
2022-07-23 16:14:13+02:00,19,18,1
2022-07-23 17:08:05+02:00,25,36,-11
2022-07-23 17:08:05+02:00,9,9,0
2022-07-23 17:08:05+02:00,7,13,-6
2022-07-23 17:08:05+02:00,2,4,-2
2022-07-23 17:14:33+02:00,32,20,12
2022-07-23 19:56:38+02:00,17,9,8
2022-07-24 07:32:13+02:00,103,127,-24
2022-07-24 08:42:50+02:00,4,5,-1
2022-07-24 09:01:23+02:00,4,6,-2
2022-07-24 10:24:59+02:00,3,2,1
2022-07-24 10:51:13+02:00,43,2,41
2022-07-24 16:18:58+02:00,348,123,225
2022-07-24 16:51:48+02:00,59,71,-12
2022-07-24 16:54:39+02:00,17,23,-6
2022-07-24 17:07:45+02:00,0,0,0
2022-07-24 23:32:24+02:00,1,1,0
2022-07-25 03:01:32+00:00,1,1,0
2022-07-25 03:01:37+00:00,1,1,0
2022-07-25 03:01:44+00:00,1,1,0
2022-07-25 03:01:52+00:00,1,1,0
2022-07-25 07:17:00+02:00,1,1,0
2022-07-25 07:17:14+02:00,1,1,0
2022-07-25 07:19:21+02:00,1,1,0
2022-07-25 07:21:12+02:00,1,1,0
2022-07-25 07:52:16+02:00,2,2,0
2022-07-25 07:52:38+02:00,2,2,0
2022-07-25 05:53:10+00:00,1,1,0
2022-07-25 05:53:15+00:00,1,1,0
2022-07-25 07:58:16+02:00,1,1,0
2022-07-25 08:42:16+02:00,1,1,0
2022-07-25 08:43:58+02:00,2,2,0
2022-07-25 09:24:40+02:00,2,2,0
2022-07-25 10:48:04+02:00,53,20,33
2022-07-25 11:46:59+02:00,33,6,27
2022-07-25 15:07:09+02:00,32,5,27
2022-07-25 17:13:24+02:00,0,1,-1
2022-07-25 17:47:28+02:00,3,0,3
2022-07-25 17:47:52+02:00,1,1,0
2022-07-25 19:40:13+02:00,67,44,23
2022-07-26 10:24:14+02:00,606,376,230
2022-07-26 10:51:39+02:00,8,6,2
2022-07-26 15:58:40+02:00,15,17,-2
2022-07-26 16:01:54+02:00,2,2,0
2022-07-26 17:29:29+02:00,11,8,3
2022-07-26 17:57:25+02:00,1,1,0
2022-07-26 19:41:49+02:00,2,3,-1
2022-07-26 20:15:49+02:00,38,1,37
2022-07-26 20:24:52+02:00,29,4,25
2022-07-27 06:34:15+02:00,54,2,52
2022-07-27 06:47:16+02:00,3,179,-176
2022-07-27 06:51:56+02:00,5,0,5
2022-07-27 07:27:24+02:00,3,5,-2
2022-07-27 19:52:39+02:00,9,5,4
2022-07-28 06:36:38+02:00,25,194,-169
2022-07-28 07:07:40+02:00,7,6,1
2022-07-28 07:24:30+02:00,11,9,2
2022-07-29 08:12:50+02:00,57,57,0
2022-07-29 08:23:44+02:00,2,1,1
2022-07-29 08:49:35+02:00,5,0,5
2022-07-29 17:27:35+02:00,12,15,-3
2022-07-30 08:20:22+02:00,3,0,3
2022-07-30 09:21:05+02:00,1,1,0
2022-07-30 09:21:29+02:00,1,1,0
2022-07-30 13:40:05+02:00,4,3,1
2022-07-30 16:06:37+02:00,6469,5295,1174
2022-07-30 16:10:16+02:00,26,16,10
2022-07-30 16:10:16+02:00,6,4,2
2022-07-30 16:10:16+02:00,4,4,0
2022-07-30 16:10:16+02:00,10,13,-3
2022-07-30 16:10:16+02:00,46,33,13
2022-07-30 16:10:16+02:00,4,5,-1
2022-07-30 16:10:16+02:00,1,0,1
2022-07-30 16:10:16+02:00,19,8,11
2022-07-30 16:10:16+02:00,6,5,1
2022-07-30 16:11:31+02:00,14,16,-2
2022-07-30 16:15:00+02:00,123,4,119
2022-07-30 17:28:19+02:00,17,13,4
2022-07-30 17:49:06+02:00,16,31,-15
2022-07-30 18:51:00+02:00,8,10,-2
2022-07-30 22:37:46+00:00,0,2,-2
2022-07-31 07:10:37+02:00,1,1,0
2022-07-31 08:09:54+02:00,142,106,36
2022-07-31 13:08:43+02:00,9,105,-96
2022-07-31 13:20:11+02:00,1,2,-1
2022-07-31 14:19:04+02:00,1461,346,1115
2022-07-31 15:10:01+02:00,9,2,7
2022-07-31 15:23:27+02:00,13,33,-20
2022-07-31 15:45:28+02:00,3,5,-2
2022-07-31 17:05:29+02:00,35,22,13
2022-07-31 17:51:19+02:00,9,0,9
2022-07-31 18:39:46+02:00,1,1,0
2022-08-01 03:01:30+00:00,1,1,0
2022-08-01 03:01:38+00:00,1,1,0
2022-08-01 03:01:43+00:00,1,1,0
2022-08-01 03:01:46+00:00,1,1,0
2022-08-01 03:01:52+00:00,1,1,0
2022-08-01 03:02:02+00:00,1,1,0
2022-08-01 03:13:38+00:00,2,2,0
2022-08-01 05:39:38+02:00,9,6,3
2022-08-01 06:33:34+02:00,1,1,0
2022-08-01 06:33:52+02:00,2,2,0
2022-08-01 06:34:16+02:00,1,1,0
2022-08-01 06:34:37+02:00,1,1,0
2022-08-01 04:35:30+00:00,1,1,0
2022-08-01 06:41:08+02:00,1,1,0
2022-08-01 06:43:59+02:00,9,9,0
2022-08-01 07:02:30+02:00,1,1,0
2022-08-01 08:39:06+02:00,10,10,0
2022-08-01 07:34:27+00:00,5,2,3
2022-08-01 09:46:34+02:00,2,2,0
2022-08-01 19:43:13+02:00,1,1,0
2022-08-01 19:54:20+02:00,1,1,0
2022-08-02 20:14:02+02:00,147,13,134
2022-08-03 16:17:57+02:00,9,8,1
2022-08-04 07:07:54+02:00,1,1,0
2022-08-04 07:17:26+02:00,4,52,-48
2022-08-04 12:15:16+02:00,94,9,85
2022-08-04 20:55:52+09:00,1,1,0
2022-08-04 16:27:22+02:00,1,1,0
2022-08-04 17:00:59+02:00,33,11,22
2022-08-04 17:41:58+02:00,17,10,7
2022-08-05 00:28:28+07:00,1,1,0
2022-08-05 09:36:26+07:00,1,1,0
2022-08-05 03:02:12+00:00,1,1,0
2022-08-05 06:23:00+02:00,2,2,0
2022-08-05 06:24:00+02:00,1,1,0
2022-08-05 06:25:08+02:00,1,1,0
2022-08-05 06:25:21+02:00,1,1,0
2022-08-05 07:21:46+02:00,54,54,0
2022-08-05 07:26:41+02:00,19,18,1
2022-08-05 07:31:19+02:00,9,11,-2
2022-08-05 11:15:44+02:00,1,1,0
2022-08-05 11:58:09+02:00,4,3,1
2022-08-05 12:19:29+02:00,10,6,4
2022-08-05 12:23:14+02:00,5,1,4
2022-08-05 13:46:20+02:00,2,0,2
2022-08-05 18:19:26+02:00,5,5,0
2022-08-05 18:27:47+02:00,25,11,14
2022-08-05 21:29:03+02:00,46,40,6
2022-08-05 21:31:32+02:00,0,20,-20
2022-08-06 07:25:59+02:00,11,11,0
2022-08-06 08:33:55+02:00,62,39,23
2022-08-06 09:10:12+02:00,15,10,5
2022-08-06 09:16:04+02:00,17,1,16
2022-08-06 09:21:11+02:00,20,14,6
2022-08-06 09:45:26+02:00,9,1,8
2022-08-06 13:18:40+02:00,6,2,4
2022-08-06 13:51:19+02:00,42,31,11
2022-08-06 14:55:46+02:00,27,36,-9
2022-08-06 15:03:10+02:00,2,2,0
2022-08-06 17:03:49+02:00,10,5,5
2022-08-06 17:46:58+02:00,5,13,-8
2022-08-06 17:51:21+02:00,249,6,243
2022-08-06 17:59:08+02:00,19,1,18
2022-08-07 13:44:09+07:00,28,0,28
2022-08-07 09:47:11+02:00,27,8,19
2022-08-07 09:47:11+02:00,38,38,0
2022-08-07 09:47:11+02:00,25,17,8
2022-08-07 09:47:11+02:00,2,2,0
2022-08-07 09:47:11+02:00,8,0,8
2022-08-07 09:47:11+02:00,24,7,17
2022-08-07 10:08:48+02:00,30,0,30
2022-08-07 10:13:36+02:00,1,1,0
2022-08-07 10:42:56+02:00,9,1,8
2022-08-07 14:48:39+02:00,1,0,1
2022-08-08 01:13:13+02:00,12,13,-1
2022-08-08 03:01:16+00:00,1,1,0
2022-08-08 03:01:20+00:00,1,1,0
2022-08-08 03:01:25+00:00,1,1,0
2022-08-08 03:01:28+00:00,1,1,0
2022-08-08 03:01:38+00:00,1,1,0
2022-08-08 06:49:49+02:00,1,1,0
2022-08-08 06:50:09+02:00,1,1,0
2022-08-08 06:52:14+02:00,1,1,0
2022-08-08 06:53:09+02:00,1,1,0
2022-08-08 06:54:00+02:00,1,1,0
2022-08-08 07:18:27+02:00,2,2,0
2022-08-08 18:15:18+00:00,6,2,4
2022-08-08 18:34:11+00:00,11,15,-4
2022-08-09 06:22:57+02:00,1975,633,1342
2022-08-09 06:23:16+02:00,1,1,0
2022-08-09 15:30:25+02:00,66,51,15
2022-08-09 16:03:10+02:00,6,5,1
2022-08-09 16:36:22+02:00,6,1,5
2022-08-09 16:51:57+02:00,121,144,-23
2022-08-09 20:09:35+02:00,26,6,20
2022-08-09 20:43:58+02:00,2,2,0
2022-08-10 06:44:41+02:00,4,4,0
2022-08-10 07:12:40+02:00,106,54,52
2022-08-10 07:12:56+02:00,1,0,1
2022-08-10 08:57:19+00:00,5,4,1
2022-08-10 11:56:42+02:00,476,249,227
2022-08-10 11:26:06+00:00,41,30,11
2022-08-10 11:54:07+00:00,12,4,8
2022-08-10 14:56:38+01:00,9,2,7
2022-08-10 15:04:24+01:00,34,0,34
2022-08-10 17:43:06+02:00,1,287,-286
2022-08-11 11:35:24+00:00,4,4,0
2022-08-11 15:02:52+00:00,15,50,-35
2022-08-11 20:08:40+02:00,1,1,0
2022-08-11 20:16:07+02:00,4,2,2
2022-08-12 06:43:34+02:00,2,0,2
2022-08-12 08:19:40+02:00,3,0,3
2022-08-12 07:28:19+00:00,1,1,0
2022-08-12 12:03:44+02:00,1,1,0
2022-08-12 19:56:46+01:00,3,3,0
2022-08-12 19:58:41+01:00,12,4,8
2022-08-12 19:59:08+01:00,1,1,0
2022-08-13 08:43:24+02:00,219,154,65
2022-08-13 08:43:56+02:00,15,13,2
2022-08-13 08:43:56+02:00,2,2,0
2022-08-13 08:43:56+02:00,18,18,0
2022-08-13 08:43:56+02:00,2,2,0
2022-08-13 08:43:56+02:00,2,1,1
2022-08-13 08:43:56+02:00,18,17,1
2022-08-13 09:10:03+02:00,36,0,36
2022-08-13 09:20:58+02:00,1,1,0
2022-08-13 09:24:04+02:00,16,10,6
2022-08-13 09:27:56+02:00,1,4,-3
2022-08-13 09:48:59+02:00,12,0,12
2022-08-13 09:53:18+02:00,14,0,14
2022-08-13 09:56:21+02:00,1,1,0
2022-08-13 10:18:57+02:00,21,4,17
2022-08-13 10:19:46+02:00,0,0,0
2022-08-13 10:48:57+02:00,28,4,24
2022-08-13 11:07:58+02:00,1,1,0
2022-08-13 11:17:22+02:00,1,1,0
2022-08-13 11:24:55+02:00,1,0,1
2022-08-13 11:37:23+02:00,0,6,-6
2022-08-13 15:46:06+02:00,11,11,0
2022-08-13 19:40:24+02:00,54,8,46
2022-08-13 19:40:24+02:00,21,24,-3
2022-08-13 19:40:24+02:00,0,2,-2
2022-08-13 19:40:24+02:00,2,2,0
2022-08-13 19:40:24+02:00,73,61,12
2022-08-13 19:40:24+02:00,19,71,-52
2022-08-13 20:07:31+02:00,108,42,66
2022-08-13 20:16:36+02:00,1,0,1
2022-08-13 20:20:09+02:00,1,0,1
2022-08-14 02:49:01+02:00,279,333,-54
2022-08-14 08:26:21+02:00,52,3,49
2022-08-14 08:41:25+02:00,2,1,1
2022-08-14 09:06:04+02:00,17,28,-11
2022-08-14 09:36:38+02:00,2,1,1
2022-08-14 09:46:33+02:00,22,5,17
2022-08-14 17:08:29+02:00,103,108,-5
2022-08-14 17:19:50+02:00,373,381,-8
2022-08-14 17:23:14+02:00,5,3,2
2022-08-14 18:17:17+02:00,1,1,0
2022-08-14 18:22:01+02:00,2,2,0
2022-08-14 20:24:29+02:00,27,24,3
2022-08-14 20:31:15+02:00,46,15,31
2022-08-14 21:42:55+02:00,17,17,0
2022-08-14 21:46:37+02:00,1,0,1
2022-08-15 03:01:19+00:00,1,1,0
2022-08-15 03:01:22+00:00,1,1,0
2022-08-15 03:01:29+00:00,1,1,0
2022-08-15 03:01:33+00:00,1,1,0
2022-08-15 03:01:36+00:00,1,1,0
2022-08-15 03:01:51+00:00,1,1,0
2022-08-15 03:01:56+00:00,1,1,0
2022-08-15 06:28:17+02:00,1,1,0
2022-08-15 06:28:53+02:00,1,1,0
2022-08-15 04:29:20+00:00,1,1,0
2022-08-15 06:31:19+02:00,1,1,0
2022-08-15 06:31:40+02:00,1,1,0
2022-08-15 06:32:31+02:00,1,1,0
2022-08-15 06:32:54+02:00,1,1,0
2022-08-15 06:49:28+02:00,1,1,0
2022-08-15 06:49:54+02:00,1,1,0
2022-08-15 06:53:02+02:00,4,2,2
2022-08-15 08:11:38+02:00,1,1,0
2022-08-15 08:43:58+02:00,62,30,32
2022-08-15 08:51:15+02:00,33,68,-35
2022-08-15 19:56:25+02:00,16,4,12
2022-08-15 19:58:40+02:00,39,6,33
2022-08-15 20:00:15+02:00,4,4,0
2022-08-15 20:03:08+02:00,5733,13,5720
2022-08-15 20:05:22+02:00,2,2,0
2022-08-15 20:06:29+02:00,4,2,2
2022-08-15 20:29:05+02:00,4,2,2
2022-08-16 08:01:07+02:00,2,2,0
2022-08-16 08:21:02+02:00,8,9,-1
2022-08-16 09:28:23+02:00,2,1,1
2022-08-16 09:29:39+02:00,5823,39,5784
2022-08-16 09:32:31+02:00,2,0,2
2022-08-16 09:49:53+02:00,2,1,1
2022-08-16 10:15:19+02:00,2,1,1
2022-08-16 10:19:19+02:00,15,6,9
2022-08-16 10:22:59+02:00,12,12,0
2022-08-16 11:11:52+02:00,41,16,25
2022-08-16 11:41:53+02:00,14,5,9
2022-08-16 13:49:25+02:00,14,5,9
2022-08-16 17:09:23+02:00,73,0,73
2022-08-16 17:23:49+02:00,2,1,1
2022-08-16 17:23:49+02:00,1,0,1
2022-08-16 17:26:53+02:00,12,2,10
2022-08-16 18:10:48+02:00,4,4,0
2022-08-16 18:32:00+02:00,2,3,-1
2022-08-16 19:48:21+02:00,17,8,9
2022-08-17 09:57:11+02:00,23,25,-2
2022-08-17 10:32:29+02:00,12,8,4
2022-08-17 10:32:29+02:00,1,1,0
2022-08-17 10:35:56+02:00,6,0,6
2022-08-17 10:55:59+02:00,2,2,0
2022-08-17 10:57:25+02:00,20,31,-11
2022-08-17 14:05:12+02:00,1,0,1
2022-08-17 14:31:40+02:00,6,2,4
2022-08-17 14:32:02+02:00,279,203,76
2022-08-17 14:51:48+02:00,1,0,1
2022-08-17 15:09:10+02:00,1,0,1
2022-08-17 15:09:57+02:00,5,2,3
2022-08-17 15:18:44+02:00,94,33,61
2022-08-17 15:22:48+02:00,2,8,-6
2022-08-17 16:38:09+02:00,2,2,0
2022-08-17 20:01:57+02:00,3,3,0
2022-08-17 23:49:20+02:00,0,1,-1
2022-08-18 07:20:49+02:00,2,1,1
2022-08-18 08:32:15+02:00,20,0,20
2022-08-18 09:09:37+02:00,3,3,0
2022-08-18 09:52:03+02:00,5,3,2
2022-08-18 14:53:44+02:00,1,2,-1
2022-08-18 15:23:58+02:00,1,1,0
2022-08-18 19:40:00+02:00,0,1,-1
2022-08-18 20:07:50+02:00,8,0,8
2022-08-18 20:10:58+02:00,1330,4,1326
2022-08-19 06:39:51+02:00,7,0,7
2022-08-19 07:09:46+02:00,1,1,0
2022-08-19 00:06:19-06:00,246,118,128
2022-08-19 09:10:54+02:00,67,44,23
2022-08-19 09:23:53+02:00,3,3,0
2022-08-19 09:33:07+02:00,12,46,-34
2022-08-19 12:39:00+02:00,0,1,-1
2022-08-19 12:39:08+02:00,1,0,1
2022-08-19 12:39:19+02:00,0,1,-1
2022-08-19 12:40:03+02:00,1,0,1
2022-08-19 13:45:10+02:00,4,5,-1
2022-08-19 13:45:55+02:00,70,14,56
2022-08-19 14:05:27+02:00,12,7,5
2022-08-19 15:03:03+02:00,9,3,6
2022-08-19 15:11:43+02:00,28,0,28
2022-08-19 15:12:55+02:00,9,3,6
2022-08-19 15:19:43+02:00,48,12,36
2022-08-19 15:22:43+02:00,4,2,2
2022-08-19 15:34:10+02:00,3,0,3
2022-08-19 15:40:06+02:00,1,1,0
2022-08-19 19:10:37+02:00,377,0,377
2022-08-19 22:23:26+02:00,394,389,5
2022-08-19 22:23:26+02:00,42,69,-27
2022-08-19 22:23:26+02:00,27,16,11
2022-08-19 22:40:01-06:00,96,27,69
2022-08-20 08:13:40+02:00,5,2,3
2022-08-20 08:16:52+02:00,73,14,59
2022-08-20 08:41:31+02:00,10,0,10
2022-08-20 09:48:50+02:00,383,394,-11
2022-08-20 10:55:52+02:00,2,7,-5
2022-08-20 11:24:20+02:00,1,1,0
2022-08-20 11:41:11+02:00,6,1,5
2022-08-20 11:47:15+02:00,2,1,1
2022-08-20 11:53:15+02:00,1068,232,836
2022-08-20 13:01:58+02:00,43,7,36
2022-08-20 13:54:54+02:00,26,3,23
2022-08-20 14:03:47+02:00,14,0,14
2022-08-20 14:13:15+02:00,7,3,4
2022-08-20 14:39:11+02:00,4,0,4
2022-08-20 15:18:13+02:00,86,9,77
2022-08-20 17:02:18+02:00,83,124,-41
2022-08-20 17:04:38+02:00,1,1,0
2022-08-20 19:50:18+02:00,10,15,-5
2022-08-21 08:23:07+02:00,1,1,0
2022-08-21 08:24:14+02:00,1,1,0
2022-08-21 17:08:27+02:00,13,3,10
2022-08-21 17:51:46+02:00,22,16,6
2022-08-21 18:07:41+02:00,2,1,1
2022-08-22 03:01:51+00:00,1,1,0
2022-08-22 03:01:55+00:00,1,1,0
2022-08-22 03:01:59+00:00,1,1,0
2022-08-22 03:02:03+00:00,1,1,0
2022-08-22 03:02:10+00:00,1,1,0
2022-08-22 03:02:25+00:00,1,1,0
2022-08-22 06:24:22+02:00,1,1,0
2022-08-22 06:25:35+02:00,1,1,0
2022-08-22 06:31:29+02:00,1,1,0
2022-08-22 06:37:26+02:00,1,1,0
2022-08-22 06:42:14+02:00,0,2,-2
2022-08-21 22:45:36-06:00,332,79,253
2022-08-21 22:49:42-06:00,0,1,-1
2022-08-22 07:13:05+02:00,1,1,0
2022-08-22 08:41:34+02:00,2,2,0
2022-08-22 08:41:52+02:00,1,3,-2
2022-08-22 09:20:14+00:00,8,1,7
2022-08-22 13:30:30+02:00,37,13,24
2022-08-22 18:19:07+02:00,61,38,23
2022-08-22 19:36:52+02:00,37,13,24
2022-08-22 19:57:20+02:00,32,6,26
2022-08-23 06:37:38+02:00,9,7,2
2022-08-23 06:37:38+02:00,1,1,0
2022-08-23 06:37:38+02:00,39,18,21
2022-08-23 06:37:38+02:00,8,4,4
2022-08-23 06:37:38+02:00,22,11,11
2022-08-23 06:43:04+02:00,4,2,2
2022-08-24 20:36:08+02:00,17,9,8
2022-08-24 18:30:30-06:00,1,10,-9
2022-08-24 22:42:29-06:00,197,188,9
2022-08-24 22:44:22-06:00,184,0,184
2022-08-25 06:50:10+02:00,15,14,1
2022-08-25 06:50:10+02:00,3,4,-1
2022-08-25 06:50:10+02:00,8,0,8
2022-08-25 07:08:22+02:00,41,28,13
2022-08-25 07:08:58+02:00,3,5,-2
2022-08-25 17:03:41+02:00,2,2,0
2022-08-25 20:36:17+02:00,11,12,-1
2022-08-26 13:56:44+02:00,42,86,-44
2022-08-26 15:30:01+02:00,14,63,-49
2022-08-26 15:30:28+02:00,56,0,56
2022-08-26 18:51:42+02:00,112,32,80
2022-08-26 18:57:27+02:00,1,1,0
2022-08-26 19:34:51+02:00,326,325,1
2022-08-26 20:14:24+02:00,40,26,14
2022-08-26 20:21:19+02:00,1,1,0
2022-08-26 20:44:36+02:00,2,0,2
2022-08-26 14:52:15-06:00,3,0,3
2022-08-26 23:05:07+02:00,37,0,37
2022-08-27 07:23:02+02:00,4,3,1
2022-08-26 23:40:13-06:00,218,98,120
2022-08-26 23:43:05-06:00,1,651,-650
2022-08-27 00:06:03-06:00,4,4,0
2022-08-27 08:50:09+02:00,23,19,4
2022-08-27 08:55:29+02:00,4,4,0
2022-08-27 09:21:16+02:00,104,21,83
2022-08-27 10:30:06+02:00,49,51,-2
2022-08-27 10:30:38+02:00,9,1,8
2022-08-27 12:44:55+02:00,4,4,0
2022-08-27 15:12:04+02:00,15,0,15
2022-08-28 11:29:48+02:00,92,162,-70
2022-08-28 11:37:22+02:00,45,34,11
2022-08-28 11:45:20+02:00,0,3,-3
2022-08-28 11:53:24+02:00,1,0,1
2022-08-28 12:11:29+02:00,15,15,0
2022-08-28 12:56:39+02:00,78,5,73
2022-08-28 13:01:39+02:00,0,2,-2
2022-08-28 13:21:29+02:00,1,0,1
2022-08-28 13:47:01+02:00,3,2,1
2022-08-28 14:37:47+02:00,119,8,111
2022-08-28 13:00:52-06:00,6,5,1
2022-08-28 23:27:12+02:00,5,5,0
2022-08-29 03:01:18+00:00,1,1,0
2022-08-29 03:01:25+00:00,1,1,0
2022-08-29 03:01:30+00:00,1,1,0
2022-08-29 03:01:36+00:00,1,1,0
2022-08-29 03:01:41+00:00,1,1,0
2022-08-29 03:01:50+00:00,1,1,0
2022-08-29 03:01:59+00:00,1,1,0
2022-08-29 06:28:21+02:00,0,0,0
2022-08-29 06:28:53+02:00,1,1,0
2022-08-29 06:34:20+02:00,4,3,1
2022-08-29 06:34:45+02:00,259,1,258
2022-08-29 06:36:51+02:00,58,52,6
2022-08-29 06:50:30+02:00,1,1,0
2022-08-29 06:50:44+02:00,1,1,0
2022-08-29 06:51:19+02:00,1,1,0
2022-08-29 06:51:37+02:00,1,1,0
2022-08-29 04:52:12+00:00,1,1,0
2022-08-29 07:04:48+02:00,69,101,-32
2022-08-29 07:04:48+02:00,24,3,21
2022-08-29 07:58:46+02:00,1,1,0
2022-08-29 08:07:53+02:00,1,1,0
2022-08-29 08:08:14+02:00,1,1,0
2022-08-29 08:08:33+02:00,1,1,0
2022-08-29 11:04:58+02:00,12,3,9
2022-08-29 15:27:28+02:00,12,3,9
2022-08-29 20:01:03+02:00,14,12,2
2022-08-29 21:04:09+02:00,15,12,3
2022-08-29 13:41:15-06:00,1329,1068,261
2022-08-29 21:51:10+02:00,13,15,-2
2022-08-29 15:48:29-06:00,50,9,41
2022-08-30 12:54:39+02:00,5,10,-5
2022-08-30 18:26:24+02:00,74,0,74
2022-08-30 18:26:24+02:00,79,42,37
2022-08-30 18:26:24+02:00,18,11,7
2022-08-30 18:55:58+02:00,1,1,0
2022-08-30 11:04:16-06:00,53,38,15
2022-08-30 20:32:49+02:00,16,0,16
2022-08-30 20:41:37+02:00,6,12,-6
2022-08-30 20:46:06+02:00,43,45,-2
2022-08-30 20:49:53+02:00,3,8,-5
2022-08-30 23:01:19+02:00,10693,1929,8764
2022-08-30 19:21:34-06:00,323,959,-636
2022-08-30 19:30:14-06:00,19,11,8
2022-08-30 19:34:43-06:00,4,4,0
2022-08-31 08:25:56+00:00,30,37,-7
2022-08-31 10:23:45+00:00,3245,1614,1631
2022-08-31 10:26:47+00:00,4,14,-10
2022-08-31 10:27:08+00:00,5,4,1
2022-08-31 10:28:31+00:00,3,3,0
2022-08-31 11:23:48-03:00,122,19,103
2022-08-31 10:40:26-06:00,182,207,-25
2022-08-31 11:43:02-06:00,46,36,10
2022-08-31 19:46:14+02:00,201,90,111
2022-08-31 14:47:06-03:00,201,90,111
2022-08-31 11:58:58-06:00,2,6,-4
2022-08-31 12:06:24-06:00,0,103,-103
2022-08-31 15:36:29-03:00,24,15,9
2022-08-31 15:37:06-03:00,201,90,111
2022-08-31 14:44:52-06:00,6,1,5
2022-09-01 06:42:51+02:00,18,6,12
2022-09-01 06:49:51+02:00,5,1,4
2022-09-01 07:09:23-03:00,25,71,-46
2022-09-01 17:22:34+03:00,4,4,0
2022-09-01 19:39:20+02:00,0,1,-1
2022-09-01 21:51:33+02:00,45,19,26
2022-09-01 22:37:32+02:00,3,3,0
2022-09-01 20:06:36-06:00,133,53,80
2022-09-02 07:11:32+02:00,2,0,2
2022-09-01 23:15:03-06:00,37,26,11
2022-09-01 23:52:13-06:00,35,27,8
2022-09-02 00:05:36-06:00,12,2,10
2022-09-02 19:56:12+02:00,8,1,7
2022-09-02 19:58:38+02:00,4,4,0
2022-09-02 20:09:30+02:00,5,5,0
2022-09-02 15:05:16-06:00,119,50,69
2022-09-02 16:01:33-06:00,7,7,0
2022-09-02 22:01:53-03:00,6,2,4
2022-09-03 08:16:33+02:00,4,0,4
2022-09-03 10:54:58+02:00,18,16,2
2022-09-03 14:00:01+02:00,63,59,4
2022-09-03 15:01:28+02:00,2,2,0
2022-09-03 15:01:42+02:00,32,4,28
2022-09-03 15:01:42+02:00,3,2,1
2022-09-03 15:01:42+02:00,11,5,6
2022-09-03 15:09:50+02:00,7,3,4
2022-09-03 15:19:40+02:00,7,5,2
2022-09-03 15:52:29+02:00,143,35,108
2022-09-03 16:05:18+02:00,1,0,1
2022-09-03 16:54:30+02:00,26,29,-3
2022-09-03 19:28:04+02:00,123,49,74
2022-09-03 19:48:30+02:00,6,7,-1
2022-09-03 19:51:44+02:00,4,3,1
2022-09-03 13:24:14-06:00,38,11,27
2022-09-03 21:49:54+02:00,33,11,22
2022-09-03 14:10:23-06:00,1,1,0
2022-09-04 15:56:07+02:00,20,7,13
2022-09-04 16:43:36+02:00,58,18,40
2022-09-04 09:42:43-06:00,2,3,-1
2022-09-04 10:22:10-06:00,51,38,13
2022-09-04 10:27:34-06:00,2,16,-14
2022-09-05 00:12:00+02:00,17,2,15
2022-09-05 00:12:00+02:00,4,18,-14
2022-09-05 00:52:26+02:00,3,3,0
2022-09-05 06:18:21+02:00,3,3,0
2022-09-05 13:09:53+00:00,1,1,0
2022-09-05 13:10:02+00:00,1,1,0
2022-09-05 13:10:11+00:00,1,1,0
2022-09-05 13:10:31+00:00,1,1,0
2022-09-05 13:10:44+00:00,1,1,0
2022-09-05 13:10:53+00:00,1,1,0
2022-09-05 13:11:24+00:00,1,1,0
2022-09-05 13:11:29+00:00,1,1,0
2022-09-05 16:12:53+02:00,1,1,0
2022-09-05 16:13:16+02:00,1,1,0
2022-09-05 16:15:16+02:00,1,1,0
2022-09-05 16:16:49+02:00,1,1,0
2022-09-05 16:35:09+02:00,1,1,0
2022-09-05 16:41:41+02:00,1,1,0
2022-09-05 16:53:36+02:00,1,1,0
2022-09-05 18:12:19+02:00,1,1,0
2022-09-05 16:30:43+00:00,1,1,0
2022-09-05 19:18:50+02:00,1,1,0
2022-09-05 19:30:06+02:00,1,1,0
2022-09-05 17:30:55+00:00,1,1,0
2022-09-05 20:54:03+02:00,12,10,2
2022-09-05 20:57:42+02:00,5,4,1
2022-09-05 21:08:01+02:00,7,10,-3
2022-09-05 13:47:17-06:00,11,11,0
2022-09-05 22:20:38+02:00,0,1,-1
2022-09-05 17:43:28-03:00,31,5,26
2022-09-05 17:43:55-03:00,1,2,-1
2022-09-05 15:10:25-06:00,3660,1777,1883
2022-09-05 19:29:07-06:00,9,5,4
2022-09-05 20:23:00-06:00,2,3,-1
2022-09-06 06:21:10+02:00,1,1,0
2022-09-06 06:38:04+02:00,4,4,0
2022-09-06 06:52:50+02:00,3,2,1
2022-09-06 07:03:31+02:00,1,2,-1
2022-09-05 23:25:25-06:00,3,10,-7
2022-09-06 07:26:14+02:00,4,3,1
2022-09-06 10:02:17-03:00,9,8,1
2022-09-06 16:29:24+02:00,2,0,2
2022-09-06 19:21:40+02:00,57,15,42
2022-09-06 19:46:58+02:00,25,30,-5
2022-09-06 19:55:18+02:00,7,3,4
2022-09-06 19:56:52+02:00,2,2,0
2022-09-06 19:58:25+02:00,7,7,0
2022-09-06 20:10:12+02:00,1,1,0
2022-09-06 12:12:05-06:00,23,11,12
2022-09-06 20:26:42+02:00,11,8,3
2022-09-06 20:30:46+02:00,48,24,24
2022-09-06 15:32:28-03:00,84,33,51
2022-09-06 20:40:21+02:00,666,351,315
2022-09-06 12:40:58-06:00,16,7,9
2022-09-06 15:42:47-03:00,29,111,-82
2022-09-06 15:43:08-03:00,84,33,51
2022-09-06 13:02:36-06:00,90,38,52
2022-09-06 16:17:10-03:00,1,1,0
2022-09-07 06:34:03+02:00,9,0,9
2022-09-07 06:37:53+02:00,14,2,12
2022-09-07 06:43:08+02:00,14,3,11
2022-09-07 06:55:22+02:00,33,0,33
2022-09-07 07:05:57+02:00,301,69,232
2022-09-07 11:07:51-03:00,371,74,297
2022-09-07 11:11:31-03:00,9,10,-1
2022-09-07 09:35:37-06:00,12,2,10
2022-09-07 17:47:27+02:00,23,18,5
2022-09-07 18:14:13+02:00,1,3,-2
2022-09-07 18:19:43+02:00,2,1,1
2022-09-07 18:45:16+02:00,5,5,0
2022-09-07 18:49:47+02:00,1,3,-2
2022-09-07 18:49:47+02:00,1,1,0
2022-09-07 18:58:55+02:00,31,30,1
2022-09-07 19:11:54+02:00,1,1,0
2022-09-07 19:28:42+02:00,0,2,-2
2022-09-07 19:28:42+02:00,1,1,0
2022-09-07 14:42:05-03:00,2,2,0
2022-09-07 15:08:01-06:00,165,82,83
2022-09-07 15:26:38-06:00,26,1,25
2022-09-07 18:52:58-03:00,15,0,15
2022-09-07 17:14:26-06:00,2,4,-2
2022-09-08 06:43:02+02:00,6,6,0
2022-09-08 06:59:14+02:00,4,5,-1
2022-09-08 07:01:37+02:00,9,28,-19
2022-09-08 07:18:38+02:00,42,26,16
2022-09-08 07:24:57+02:00,14,6,8
2022-09-08 08:08:55+02:00,36,2,34
2022-09-08 07:13:15+00:00,10,2,8
2022-09-08 07:19:17+00:00,8,3,5
2022-09-08 07:36:37+00:00,47,46,1
2022-09-08 07:48:36+00:00,17,10,7
2022-09-08 12:06:52+02:00,72,35,37
2022-09-08 10:10:32-06:00,21,21,0
2022-09-08 10:14:30-06:00,3,0,3
2022-09-08 10:19:23-06:00,553,180,373
2022-09-08 10:20:03-06:00,5,5,0
2022-09-08 10:34:37-06:00,7,1,6
2022-09-08 10:37:41-06:00,0,3,-3
2022-09-08 10:44:03-06:00,0,34,-34
2022-09-08 10:54:31-06:00,5,5,0
2022-09-08 11:25:30-06:00,28,7,21
2022-09-08 13:58:28-06:00,38,19,19
2022-09-08 14:00:22-06:00,3,1,2
2022-09-08 22:22:50+02:00,39,14,25
2022-09-08 22:35:52+02:00,1,1,0
2022-09-08 15:11:36-06:00,1,1,0
2022-09-08 16:27:09-06:00,68,3,65
2022-09-08 16:30:31-06:00,1,1,0
2022-09-09 03:03:30+00:00,1,1,0
2022-09-09 06:30:19+02:00,1,1,0
2022-09-09 07:13:05+02:00,4,3,1
2022-09-09 10:45:49-06:00,31,31,0
2022-09-09 10:56:54-06:00,26,22,4
2022-09-09 10:59:38-06:00,1,1,0
2022-09-09 19:27:05+02:00,15,0,15
2022-09-09 11:27:20-06:00,1,1,0
2022-09-09 19:30:53+02:00,87,9,78
2022-09-09 19:30:53+02:00,74,0,74
2022-09-09 19:30:53+02:00,2,5,-3
2022-09-09 19:30:53+02:00,35,35,0
2022-09-09 11:38:42-06:00,34,14,20
2022-09-09 19:41:28+02:00,1,1,0
2022-09-09 11:58:30-06:00,4,4,0
2022-09-09 19:58:55+02:00,52,51,1
2022-09-09 20:31:02+02:00,15,14,1
2022-09-09 20:31:30+02:00,8,12,-4
2022-09-09 20:37:21+02:00,4,5,-1
2022-09-09 17:14:40-06:00,92,4,88
2022-09-10 08:24:04+02:00,565,177,388
2022-09-10 08:24:23+02:00,6,5,1
2022-09-10 14:20:49+02:00,16,29,-13
2022-09-10 14:29:58+02:00,2,2,0
2022-09-10 10:27:17-03:00,6,0,6
2022-09-10 10:35:16-03:00,254,177,77
2022-09-10 16:01:06+02:00,20,7,13
2022-09-10 16:54:13+02:00,170,38,132
2022-09-10 16:58:58+02:00,22,20,2
2022-09-10 17:02:01+02:00,61,94,-33
2022-09-10 20:13:16+03:00,115,0,115
2022-09-10 14:45:42-03:00,2,1,1
2022-09-10 11:47:21-06:00,42,3,39
2022-09-10 20:17:28+02:00,383,76,307
2022-09-10 20:18:00+02:00,10,34,-24
2022-09-10 20:18:00+02:00,11,65,-54
2022-09-10 20:18:00+02:00,9,34,-25
2022-09-10 12:51:29-06:00,97,8,89
2022-09-10 13:44:27-06:00,62,6,56
2022-09-10 13:50:36-06:00,1,1,0
2022-09-10 21:53:00+02:00,8,1,7
2022-09-10 22:16:49+02:00,9,13,-4
2022-09-10 14:29:15-06:00,29,15,14
2022-09-10 22:37:21+02:00,38,145,-107
2022-09-10 23:59:11+03:00,225,374,-149
2022-09-10 15:12:18-06:00,5,3,2
2022-09-10 15:14:10-06:00,546,344,202
2022-09-10 16:08:05-06:00,32,0,32
2022-09-10 23:57:17-06:00,181,1,180
2022-09-11 00:50:18-06:00,154,27,127
2022-09-11 13:28:14+02:00,2,0,2
2022-09-11 14:57:11+02:00,2,0,2
2022-09-11 14:59:39+02:00,5,3,2
2022-09-11 14:59:39+02:00,7,6,1
2022-09-11 14:59:39+02:00,1,1,0
2022-09-11 14:59:39+02:00,25,21,4
2022-09-11 14:59:39+02:00,29,20,9
2022-09-11 14:59:39+02:00,4,4,0
2022-09-11 17:29:14+02:00,816,741,75
2022-09-11 09:48:16-06:00,2,0,2
2022-09-11 17:50:50+02:00,30,1,29
2022-09-11 17:51:07+02:00,20,5,15
2022-09-11 17:51:30+02:00,39,0,39
2022-09-11 19:31:11+02:00,3,4,-1
2022-09-11 11:42:13-06:00,5,4,1
2022-09-12 03:01:27+00:00,1,1,0
2022-09-12 03:01:56+00:00,1,1,0
2022-09-12 03:02:01+00:00,1,1,0
2022-09-12 03:02:06+00:00,1,1,0
2022-09-12 03:02:10+00:00,1,1,0
2022-09-12 07:04:36+02:00,1,1,0
2022-09-12 05:05:30+00:00,1,1,0
2022-09-12 07:28:31+02:00,4,5,-1
2022-09-12 08:01:04+02:00,1,1,0
2022-09-12 08:01:36+02:00,1,1,0
2022-09-12 06:02:21+00:00,1,1,0
2022-09-12 08:04:16+02:00,1,1,0
2022-09-12 06:05:04+00:00,1,1,0
2022-09-12 06:05:22+00:00,1,1,0
2022-09-12 08:06:43+02:00,1,1,0
2022-09-12 06:07:40+00:00,1,1,0
2022-09-12 08:40:16+02:00,1,1,0
2022-09-12 08:41:01+02:00,1,1,0
2022-09-12 09:21:58+02:00,1,1,0
2022-09-12 09:23:02+02:00,1,1,0
2022-09-12 10:37:42+02:00,2,2,0
2022-09-12 07:28:08-06:00,78,62,16
2022-09-12 07:36:11-06:00,3,0,3
2022-09-12 07:47:30-06:00,1,0,1
2022-09-12 15:56:03+02:00,58,5,53
2022-09-12 09:53:47-06:00,1,1,0
2022-09-12 10:45:59-06:00,1,2,-1
2022-09-12 19:50:22+02:00,7,8,-1
2022-09-12 20:00:01+02:00,4,4,0
2022-09-12 20:24:28+02:00,0,9,-9
2022-09-12 13:57:29-06:00,12,10,2
2022-09-12 14:09:12-06:00,1,1,0
2022-09-12 14:12:39-06:00,2,2,0
2022-09-12 14:21:39-06:00,6,9,-3
2022-09-12 23:38:04+02:00,86,0,86
2022-09-12 16:39:16-06:00,2,1,1
2022-09-13 12:27:41-06:00,2,2,0
2022-09-13 12:36:40-06:00,4,4,0
2022-09-13 12:39:12-06:00,1,1,0
2022-09-13 20:50:12+02:00,2,3,-1
2022-09-13 20:51:13+02:00,10,5,5
2022-09-13 20:52:07+02:00,13,8,5
2022-09-13 21:28:11+02:00,1,1,0
2022-09-13 13:36:21-06:00,3,3,0
2022-09-13 22:07:59+02:00,2,1,1
2022-09-13 16:06:25-06:00,2,1,1
2022-09-13 16:39:53-06:00,10,1,9
2022-09-14 03:40:13+03:00,1,1,0
2022-09-13 19:17:12-06:00,0,1,-1
2022-09-14 06:55:05+02:00,3,3,0
2022-09-14 07:04:14+02:00,2,1,1
2022-09-14 07:10:57+02:00,1,1,0
2022-09-14 07:16:57+02:00,5,5,0
2022-09-14 16:42:14-06:00,10,6,4
2022-09-15 11:12:05-06:00,29,22,7
2022-09-15 17:54:31-06:00,53,50,3
2022-09-15 18:09:25-06:00,151,11,140
2022-09-15 19:40:45-06:00,1,1,0
2022-09-16 00:02:27-06:00,2,2,0
2022-09-16 13:24:20+00:00,9,8,1
2022-09-16 19:17:41+03:00,83,1,82
2022-09-16 21:47:12+03:00,25,38,-13
2022-09-16 19:22:24-06:00,10,1,9
2022-09-17 10:17:22+02:00,17,0,17
2022-09-17 10:18:08+02:00,25,13,12
2022-09-17 10:19:46+02:00,0,53,-53
2022-09-17 10:37:47+02:00,699,45,654
2022-09-17 10:41:48+02:00,2,2,0
2022-09-17 14:19:20+02:00,1,1,0
2022-09-17 16:44:28+02:00,42,66,-24
2022-09-17 17:11:00+02:00,2,3,-1
2022-09-17 17:11:00+02:00,7,4,3
2022-09-17 17:11:00+02:00,1,1,0
2022-09-17 17:11:00+02:00,17,8,9
2022-09-17 17:14:45+02:00,2,1,1
2022-09-17 17:43:39+02:00,343,376,-33
2022-09-17 18:53:43+03:00,20,29,-9
2022-09-17 19:17:44+02:00,78,38,40
2022-09-18 00:00:14+02:00,4,2,2
2022-09-18 00:01:42+02:00,3,4,-1
2022-09-18 00:02:46+02:00,781,138,643
2022-09-18 08:30:59+02:00,1,2,-1
2022-09-18 08:39:03+02:00,1,1,0
2022-09-18 08:45:24+02:00,22,12,10
2022-09-18 08:52:53+02:00,12,12,0
2022-09-18 08:57:26+02:00,3,3,0
2022-09-18 08:58:33+02:00,5,5,0
2022-09-18 10:22:45+02:00,343,376,-33
2022-09-18 12:50:44+02:00,1,1,0
2022-09-18 13:20:55+02:00,102,91,11
2022-09-18 13:31:52+02:00,79,61,18
2022-09-18 13:59:30+02:00,1,1,0
2022-09-18 14:51:11+02:00,4,0,4
2022-09-18 17:00:55+02:00,54,41,13
2022-09-18 17:08:07+02:00,4,0,4
2022-09-18 19:24:10+02:00,4,0,4
2022-09-18 19:36:11+02:00,6,6,0
2022-09-18 19:36:23+02:00,9,41,-32
2022-09-18 19:40:03+02:00,7,31,-24
2022-09-19 03:02:04+00:00,2,2,0
2022-09-19 03:02:16+00:00,1,1,0
2022-09-19 03:02:23+00:00,1,1,0
2022-09-19 03:02:33+00:00,1,1,0
2022-09-19 06:33:29+02:00,1,1,0
2022-09-19 04:34:24+00:00,1,1,0
2022-09-19 06:57:47+02:00,1,1,0
2022-09-19 06:59:10+02:00,2,2,0
2022-09-19 07:14:33+02:00,1,0,1
2022-09-19 07:23:26+02:00,2,3,-1
2022-09-19 08:00:57+02:00,1,1,0
2022-09-19 08:01:12+02:00,1,1,0
2022-09-19 08:41:10+02:00,101,1,100
2022-09-19 08:13:54+00:00,14,12,2
2022-09-19 10:55:53+02:00,58,40,18
2022-09-19 11:11:23+02:00,1,1,0
2022-09-19 11:42:56+02:00,2,0,2
2022-09-19 12:47:20+02:00,1,1,0
2022-09-19 19:16:32+02:00,4,4,0
2022-09-19 19:33:16+02:00,5,3,2
2022-09-19 20:29:28+02:00,2,2,0
2022-09-19 20:32:54+02:00,2,2,0
2022-09-19 20:59:53+02:00,16,16,0
2022-09-19 21:18:31+02:00,7,3,4
2022-09-20 06:55:22+02:00,2,13,-11
2022-09-20 06:56:15+02:00,1222,475,747
2022-09-20 09:30:48+00:00,17,13,4
2022-09-20 13:36:28+00:00,2,1,1
2022-09-20 14:14:54+00:00,3,3,0
2022-09-20 18:09:14+02:00,17,0,17
2022-09-20 20:00:08+02:00,13,11,2
2022-09-20 20:34:56+02:00,14,6,8
2022-09-21 06:42:55+02:00,2,2,0
2022-09-21 06:53:07+02:00,7,7,0
2022-09-21 12:46:58+00:00,2,2,0
2022-09-21 12:46:58+00:00,10,6,4
2022-09-21 12:52:23-06:00,149,2,147
2022-09-21 20:59:12+02:00,2,1,1
2022-09-21 21:12:08+02:00,1,1,0
2022-09-21 15:50:11-06:00,137,147,-10
2022-09-21 16:02:21-06:00,13,4,9
2022-09-21 16:04:25-06:00,3,2,1
2022-09-21 18:23:00-06:00,11,7,4
2022-09-22 15:58:27+02:00,1531,573,958
2022-09-22 12:13:51-03:00,16,28,-12
2022-09-22 18:11:50+02:00,17,2,15
2022-09-22 20:31:42+02:00,39,19,20
2022-09-22 20:46:40+02:00,11,11,0
2022-09-22 21:08:06+02:00,38,30,8
2022-09-22 21:32:12+02:00,1,1,0
2022-09-23 06:29:58+02:00,2240,63,2177
2022-09-23 07:09:34+02:00,377,366,11
2022-09-23 07:17:33+02:00,8,7,1
2022-09-23 07:18:08+02:00,0,1,-1
2022-09-23 07:18:18+02:00,137,1,136
2022-09-23 07:18:18+02:00,136,1,135
2022-09-23 07:18:18+02:00,4,3,1
2022-09-23 07:18:18+02:00,9,0,9
2022-09-23 07:20:09+02:00,13,0,13
2022-09-23 01:18:34-07:00,36,19,17
2022-09-23 13:23:17+00:00,55,0,55
2022-09-23 14:49:17+00:00,8,1,7
2022-09-23 18:24:30+02:00,47,15,32
2022-09-23 18:25:26+02:00,34,30,4
2022-09-23 19:36:23+02:00,5,2,3
2022-09-23 20:03:33+02:00,1,1,0
2022-09-23 12:12:47-06:00,1,1,0
2022-09-23 20:28:55+02:00,1,1,0
2022-09-23 12:36:05-06:00,5,2,3
2022-09-23 12:58:26-06:00,1,1,0
2022-09-23 13:10:45-06:00,1,1,0
2022-09-23 13:37:46-06:00,56,39,17
2022-09-24 06:49:18+02:00,62,42,20
2022-09-24 10:27:08+02:00,36,19,17
2022-09-24 10:34:14+02:00,8,9,-1
2022-09-24 11:21:50+02:00,6,0,6
2022-09-24 13:21:01+02:00,32,16,16
2022-09-24 14:51:58+02:00,2,0,2
2022-09-24 14:55:58+02:00,2,2,0
2022-09-24 15:25:04+02:00,14,0,14
2022-09-24 15:51:20+02:00,2,4,-2
2022-09-24 16:10:42+02:00,13,6,7
2022-09-24 16:11:15+02:00,0,1,-1
2022-09-24 16:15:15+02:00,2,4,-2
2022-09-24 16:16:47+02:00,7,2,5
2022-09-24 16:17:39+02:00,15,29,-14
2022-09-24 16:31:29+02:00,6,1,5
2022-09-24 16:43:58+02:00,72,28,44
2022-09-25 08:50:40+02:00,12,2,10
2022-09-25 09:00:22+02:00,433,38,395
2022-09-25 09:22:21+02:00,14,9,5
2022-09-25 09:29:22+02:00,88,1,87
2022-09-25 09:38:20+02:00,4,2,2
2022-09-25 09:40:44+02:00,28,1,27
2022-09-25 09:43:39+02:00,2,3,-1
2022-09-25 09:47:57+02:00,1,1,0
2022-09-25 10:13:00+02:00,78,2,76
2022-09-25 11:18:10+02:00,52,28,24
2022-09-25 12:12:35+02:00,276,272,4
2022-09-25 15:22:08+02:00,0,0,0
2022-09-25 17:51:58+02:00,276,272,4
2022-09-25 19:29:20+02:00,0,1,-1
2022-09-25 19:32:39+02:00,14,1,13
2022-09-25 19:33:12+02:00,0,0,0
2022-09-25 20:22:19+02:00,4,4,0
2022-09-25 20:43:23+02:00,53,29,24
2022-09-25 20:53:36+02:00,3315,578,2737
2022-09-25 21:18:51+02:00,58,52,6
2022-09-25 15:05:56-06:00,2,2,0
2022-09-26 03:01:37+00:00,1,1,0
2022-09-26 03:01:52+00:00,1,1,0
2022-09-26 03:02:00+00:00,1,1,0
2022-09-26 11:05:27+08:00,1,1,0
2022-09-26 07:17:13+02:00,1,1,0
2022-09-26 05:18:23+00:00,1,1,0
2022-09-26 08:07:32+02:00,1,1,0
2022-09-26 09:01:19+02:00,1,1,0
2022-09-26 07:02:40+00:00,1,4,-3
2022-09-26 08:11:00+00:00,9,8,1
2022-09-26 10:25:49+02:00,1,1,0
2022-09-26 10:45:44+02:00,2,2,0
2022-09-26 09:35:21+00:00,0,3,-3
2022-09-26 09:36:05+00:00,1,1,0
2022-09-26 13:23:15+02:00,1,1,0
2022-09-26 14:13:15+02:00,6,6,0
2022-09-26 14:15:48+02:00,2,2,0
2022-09-26 21:51:59+08:00,1,1,0
2022-09-26 17:10:23+02:00,1,1,0
2022-09-26 18:11:56+02:00,3,3,0
2022-09-26 19:47:56+02:00,27,25,2
2022-09-26 20:12:25+02:00,839,742,97
2022-09-26 20:33:49+02:00,1,1,0
2022-09-27 07:14:55+02:00,429,5,424
2022-09-27 08:02:51+00:00,6,6,0
2022-09-27 08:53:29+00:00,9,9,0
2022-09-27 08:54:18+00:00,4,2,2
2022-09-27 09:26:52+00:00,1,1,0
2022-09-27 11:06:13+00:00,1,1,0
2022-09-27 18:17:49+02:00,2,2,0
2022-09-27 19:52:34+02:00,25,13,12
2022-09-27 19:53:55+02:00,2,2,0
2022-09-27 19:55:17+02:00,1,1,0
2022-09-27 20:36:27+02:00,9,0,9
2022-09-27 20:37:16+02:00,6,0,6
2022-09-28 07:21:20+02:00,3,2,1
2022-09-28 07:21:52+02:00,4,5,-1
2022-09-28 06:27:15+00:00,8,9,-1
2022-09-28 07:24:43+00:00,3,1,2
2022-09-28 09:32:07+00:00,8,0,8
2022-09-28 18:23:56+02:00,4,28,-24
2022-09-28 19:29:02+02:00,1,1,0
2022-09-29 06:41:16+02:00,1,1,0
2022-09-29 07:10:00+02:00,1,1,0
2022-09-29 07:17:38+02:00,1,1,0
2022-09-29 07:19:16+02:00,2,0,2
2022-09-29 07:22:29+02:00,1,1,0
2022-09-29 07:22:41+02:00,1,1,0
2022-09-29 18:06:57+02:00,8236,2856,5380
2022-09-29 19:18:52+02:00,3,4,-1
2022-09-29 19:18:52+02:00,24,24,0
2022-09-29 19:42:16+02:00,28,16,12
2022-09-30 00:22:31+02:00,1,1,0
2022-09-30 00:33:08+02:00,3,2,1
2022-09-30 06:44:19+02:00,3,3,0
2022-09-30 06:54:15+02:00,222,13,209
2022-09-30 09:34:00+02:00,2,10,-8
2022-09-30 09:34:00+02:00,0,6,-6
2022-09-30 09:34:00+02:00,4,5,-1
2022-09-30 09:34:00+02:00,0,5,-5
2022-09-30 13:47:26+02:00,1,1,0
2022-09-30 15:43:23+02:00,4,4,0
2022-09-30 15:43:23+02:00,1,3,-2
2022-09-30 16:24:07+02:00,31,9,22
2022-09-30 16:24:16+02:00,26,22,4
2022-09-30 16:24:16+02:00,33,6,27
2022-09-30 17:04:34+02:00,3,1,2
2022-09-30 17:18:27+02:00,11,14,-3
2022-09-30 15:22:05-07:00,9,0,9
2022-10-01 08:35:51+02:00,10,1,9
2022-10-01 09:02:05+02:00,1,1,0
2022-10-01 09:23:41+02:00,64,5,59
2022-10-01 09:32:16+02:00,2,1,1
2022-10-01 09:35:21+02:00,9,1,8
2022-10-01 09:45:58+02:00,8,0,8
2022-10-01 12:45:08+02:00,421,114,307
2022-10-01 13:14:59+02:00,5,12,-7
2022-10-01 14:18:46+02:00,9,7,2
2022-10-01 14:23:15+02:00,0,2,-2
2022-10-01 14:52:14+02:00,7,30,-23
2022-10-01 16:50:29+02:00,13,11,2
2022-10-01 21:23:33+02:00,4,2,2
2022-10-02 06:50:12+02:00,9,1,8
2022-10-02 06:50:19+02:00,8,0,8
2022-10-02 06:50:34+02:00,4,2,2
2022-10-02 06:53:08+02:00,13,11,2
2022-10-02 06:54:08+02:00,1,1,0
2022-10-02 06:59:10+02:00,4,4,0
2022-10-02 06:59:10+02:00,1,1,0
2022-10-02 08:12:03+02:00,4,1,3
2022-10-02 08:30:19+02:00,11,15,-4
2022-10-02 08:36:34+02:00,14,12,2
2022-10-02 08:37:37+02:00,1,1,0
2022-10-02 08:38:18+02:00,146,79,67
2022-10-02 08:45:41+02:00,8,1,7
2022-10-02 12:47:58+02:00,51,52,-1
2022-10-02 18:14:00+02:00,3,0,3
2022-10-02 18:33:39+02:00,11,4,7
2022-10-03 03:01:13+00:00,1,1,0
2022-10-03 03:01:30+00:00,1,1,0
2022-10-03 03:01:36+00:00,1,1,0
2022-10-03 03:01:38+00:00,1,1,0
2022-10-03 03:01:50+00:00,1,1,0
2022-10-03 06:34:00+02:00,1,1,0
2022-10-03 06:34:36+02:00,1,1,0
2022-10-03 04:35:31+00:00,1,1,0
2022-10-03 04:35:34+00:00,1,1,0
2022-10-03 06:40:21+02:00,7,31,-24
2022-10-03 07:06:19+02:00,1,1,0
2022-10-03 05:07:25+00:00,1,1,0
2022-10-03 08:09:01+02:00,1,1,0
2022-10-03 08:10:01+02:00,1,1,0
2022-10-03 06:10:30+00:00,1,1,0
2022-10-03 08:59:13+02:00,1,1,0
2022-10-03 09:00:27+02:00,1,1,0
2022-10-03 09:55:57+02:00,6,0,6
2022-10-03 11:01:58+02:00,78,78,0
2022-10-03 11:58:22+02:00,2,2,0
2022-10-03 14:48:03+02:00,76,77,-1
2022-10-03 17:28:45+02:00,1,1,0
2022-10-03 18:09:53+02:00,6,1,5
2022-10-03 19:27:45+02:00,17,4,13
2022-10-03 19:36:51+02:00,76,31,45
2022-10-03 20:54:11+02:00,1,1,0
2022-10-04 06:56:06+02:00,32,18,14
2022-10-04 06:56:10+02:00,2,2,0
2022-10-04 06:56:10+02:00,2,4,-2
2022-10-04 08:37:07+00:00,13,1,12
2022-10-04 10:08:58+00:00,5,2,3
2022-10-04 10:27:04+00:00,1,1,0
2022-10-04 18:25:23+02:00,73,64,9
2022-10-04 19:28:57+02:00,24,13,11
2022-10-04 20:27:13+02:00,1,1,0
2022-10-04 20:28:47+02:00,1,1,0
2022-10-04 21:08:11+02:00,1,1,0
2022-10-04 21:16:30+02:00,1,1,0
2022-10-05 07:28:34+02:00,24,9,15
2022-10-05 08:54:19+02:00,26,11,15
2022-10-05 14:08:03+02:00,87,20,67
2022-10-05 14:11:19+02:00,1,1,0
2022-10-05 14:38:50+02:00,1,1,0
2022-10-05 13:14:36+00:00,2,0,2
2022-10-05 15:15:20+02:00,87,20,67
2022-10-05 18:09:26+02:00,24,23,1
2022-10-06 06:30:38+02:00,1,0,1
2022-10-06 14:51:52+00:00,34,15,19
2022-10-06 14:51:52+00:00,2,4,-2
2022-10-06 14:51:52+00:00,5,1,4
2022-10-06 14:51:52+00:00,2,1,1
2022-10-06 14:51:52+00:00,13,1,12
2022-10-06 14:51:52+00:00,82,1,81
2022-10-06 14:51:52+00:00,8,4,4
2022-10-06 14:51:52+00:00,17,0,17
2022-10-06 19:59:35+03:00,6,3,3
2022-10-06 19:26:33+02:00,26,0,26
2022-10-06 19:35:38+02:00,2,3,-1
2022-10-06 14:12:44-06:00,318,0,318
2022-10-06 14:33:04-06:00,7,6,1
2022-10-06 21:00:28-06:00,8,6,2
2022-10-07 15:23:22+02:00,321,0,321
2022-10-07 15:23:32+02:00,3,3,0
2022-10-07 15:46:31+02:00,3,1,2
2022-10-07 16:05:41+02:00,2,1,1
2022-10-07 17:13:19+03:00,1,0,1
2022-10-07 16:06:30+01:00,32,4,28
2022-10-07 10:41:06-06:00,9,3,6
2022-10-07 19:24:41+02:00,9,3,6
2022-10-07 20:00:05+02:00,3,2,1
2022-10-07 20:44:47+02:00,13,6,7
2022-10-07 20:45:15+02:00,49,48,1
2022-10-07 20:48:37+02:00,0,10,-10
2022-10-07 20:52:52+02:00,38,40,-2
2022-10-07 20:59:49+02:00,8,7,1
2022-10-08 16:15:48+02:00,23,16,7
2022-10-09 09:15:11+02:00,1,1,0
2022-10-09 09:29:37+02:00,2,2,0
2022-10-09 10:52:01+02:00,5,4,1
2022-10-09 10:55:38+02:00,8,6,2
2022-10-09 14:40:25+02:00,47,1,46
2022-10-09 20:22:42+02:00,70,9,61
2022-10-09 21:11:37+02:00,23,7,16
2022-10-09 15:04:52-06:00,42,15,27
2022-10-09 15:11:58-06:00,1,1,0
2022-10-09 15:23:56-06:00,1,1,0
2022-10-09 18:49:04-06:00,14,3,11
2022-10-09 18:51:52-06:00,5,1,4
2022-10-10 03:02:27+00:00,1,1,0
2022-10-10 03:02:31+00:00,1,1,0
2022-10-10 03:02:43+00:00,1,1,0
2022-10-10 03:02:53+00:00,1,1,0
2022-10-10 03:02:57+00:00,1,1,0
2022-10-10 03:03:06+00:00,1,1,0
2022-10-10 06:55:50+02:00,1,1,0
2022-10-10 04:56:43+00:00,1,1,0
2022-10-10 07:09:52+02:00,1,1,0
2022-10-10 08:03:40+02:00,3,3,0
2022-10-10 08:12:24+02:00,1,1,0
2022-10-10 08:16:26+02:00,1,1,0
2022-10-10 08:31:01+02:00,4,4,0
2022-10-10 08:31:51+02:00,1,1,0
2022-10-10 08:48:02+02:00,2,2,0
2022-10-10 06:49:11+00:00,1,1,0
2022-10-10 08:52:38+02:00,1,1,0
2022-10-10 09:26:58+02:00,1,1,0
2022-10-10 07:42:27+00:00,2,1,1
2022-10-10 10:12:20+02:00,2,2,0
2022-10-10 12:12:30+02:00,2,3,-1
2022-10-10 12:01:39+00:00,18,18,0
2022-10-10 12:13:41+00:00,6,9,-3
2022-10-10 12:19:29+00:00,44,52,-8
2022-10-10 14:38:43+02:00,130,0,130
2022-10-10 14:16:37+00:00,1,1,0
2022-10-10 18:04:54+02:00,5,4,1
2022-10-10 18:11:32+02:00,3,0,3
2022-10-10 19:57:23+02:00,8,4,4
2022-10-10 20:39:31+02:00,0,0,0
2022-10-10 20:50:54+02:00,2,1,1
2022-10-10 21:03:45+02:00,27,7,20
2022-10-10 21:24:25+02:00,35,1,34
2022-10-11 06:35:29+02:00,133,108,25
2022-10-10 23:30:43-06:00,3,6,-3
2022-10-10 23:32:10-06:00,6,4,2
2022-10-11 00:10:57-06:00,6,5,1
2022-10-11 08:49:47+02:00,6,5,1
2022-10-11 13:17:21+02:00,2,0,2
2022-10-11 19:05:46+02:00,2,3,-1
2022-10-11 19:24:47+02:00,6,0,6
2022-10-11 19:49:24+02:00,2,2,0
2022-10-11 21:05:42+02:00,0,1,-1
2022-10-11 21:27:42+02:00,4,6,-2
2022-10-11 19:33:02+00:00,53,31,22
2022-10-11 19:33:05+00:00,6,5,1
2022-10-11 19:33:07+00:00,18,6,12
2022-10-11 21:42:48+02:00,13,9,4
2022-10-12 20:11:17+02:00,9,1,8
2022-10-13 06:58:02+00:00,8,0,8
2022-10-13 06:58:17+00:00,9,7,2
2022-10-13 09:52:29+02:00,62,21,41
2022-10-13 10:53:25+02:00,36,8,28
2022-10-13 11:58:32+00:00,1,1,0
2022-10-13 12:17:53+00:00,1,1,0
2022-10-13 14:23:18+02:00,9,1,8
2022-10-13 18:16:39+02:00,6,8,-2
2022-10-13 19:43:37+02:00,2,1,1
2022-10-13 19:51:42+02:00,17,12,5
2022-10-13 19:57:56+02:00,35,9,26
2022-10-13 23:01:09+03:00,9,1,8
2022-10-14 14:32:30+00:00,33,9,24
2022-10-14 14:50:52+00:00,20,14,6
2022-10-14 16:07:49+00:00,10,12,-2
2022-10-14 16:20:49+00:00,36,9,27
2022-10-14 18:24:15+02:00,37,0,37
2022-10-14 19:00:49+02:00,571,342,229
2022-10-14 19:49:06+02:00,7,9,-2
2022-10-15 08:20:06+02:00,29,0,29
2022-10-15 08:48:41+02:00,3,0,3
2022-10-15 12:00:20+02:00,4,4,0
2022-10-15 12:07:22+02:00,3,11,-8
2022-10-15 13:23:01+02:00,13,30,-17
2022-10-15 13:50:55+02:00,19,7,12
2022-10-15 13:52:14+02:00,19,7,12
2022-10-15 15:54:41+02:00,10,15,-5
2022-10-15 16:08:13+02:00,9,1,8
2022-10-15 16:09:26+02:00,132,0,132
2022-10-15 23:30:12+02:00,12,5,7
2022-10-16 09:22:56+02:00,12,13,-1
2022-10-16 09:23:10+02:00,163,29,134
2022-10-16 12:56:59+03:00,67,0,67
2022-10-16 12:02:27+02:00,1,1,0
2022-10-16 13:29:45+02:00,1,1,0
2022-10-16 14:59:55+03:00,5,3,2
2022-10-16 16:45:09+02:00,72,3,69
2022-10-16 16:45:16+02:00,5,1,4
2022-10-16 18:20:07+02:00,101,39,62
2022-10-17 03:01:10+00:00,1,1,0
2022-10-17 03:01:22+00:00,1,1,0
2022-10-17 03:01:37+00:00,1,1,0
2022-10-17 03:01:46+00:00,1,1,0
2022-10-17 03:01:51+00:00,1,1,0
2022-10-17 03:01:55+00:00,1,1,0
2022-10-17 06:31:39+02:00,1,1,0
2022-10-17 06:32:40+02:00,1,1,0
2022-10-17 06:33:01+02:00,1,1,0
2022-10-17 06:34:41+02:00,1,1,0
2022-10-17 04:35:36+00:00,1,1,0
2022-10-17 06:57:26+02:00,22,17,5
2022-10-17 06:57:26+02:00,73,60,13
2022-10-17 06:57:26+02:00,11,25,-14
2022-10-17 07:00:44+02:00,6,2,4
2022-10-17 07:19:24+02:00,3,3,0
2022-10-17 07:23:44+02:00,4,4,0
2022-10-17 08:02:27+02:00,1,1,0
2022-10-17 08:03:10+02:00,1,1,0
2022-10-17 08:03:52+02:00,1,1,0
2022-10-17 08:36:08+02:00,2,2,0
2022-10-17 09:55:18+00:00,7,4,3
2022-10-17 10:02:55+00:00,1,1,0
2022-10-17 19:29:30+02:00,4,0,4
2022-10-17 19:48:27+02:00,5,2,3
2022-10-17 20:40:41+02:00,120,22,98
2022-10-17 20:46:15+02:00,3,0,3
2022-10-18 06:39:55+02:00,10,16,-6
2022-10-18 12:55:47+02:00,17,20,-3
2022-10-19 11:57:05+02:00,14,4,10
2022-10-19 11:57:18+02:00,1,0,1
2022-10-20 12:05:37+01:00,3,0,3
2022-10-20 14:26:10+01:00,1,1,0
2022-10-20 12:15:41-03:00,5,5,0
2022-10-20 19:36:28+02:00,19,4,15
2022-10-20 19:55:42+02:00,1,1,0
2022-10-20 19:57:56+02:00,2,2,0
2022-10-20 20:05:15+02:00,0,0,0
2022-10-20 20:33:08+02:00,265,1,264
2022-10-21 06:44:25+02:00,2,7,-5
2022-10-21 07:01:47+02:00,2,1,1
2022-10-21 16:19:40+02:00,5,5,0
2022-10-21 16:30:14+02:00,10,6,4
2022-10-21 17:13:22+02:00,3,0,3
2022-10-22 08:37:30+02:00,98,14,84
2022-10-22 08:43:37+02:00,10,9,1
2022-10-22 11:57:59+02:00,2,4,-2
2022-10-22 12:52:13+02:00,7,7,0
2022-10-22 15:21:39+02:00,3,2,1
2022-10-22 15:57:11+02:00,2,1,1
2022-10-22 09:30:18-06:00,17,8,9
2022-10-22 19:02:05-06:00,31,22,9
2022-10-22 21:03:31-06:00,4,5,-1
2022-10-22 21:03:57-06:00,1,0,1
2022-10-23 13:56:11+02:00,2,2,0
2022-10-23 14:20:59+02:00,45,2,43
2022-10-23 14:52:10+02:00,2,3,-1
2022-10-23 16:24:02+02:00,6,6,0
2022-10-23 11:42:59-06:00,17,19,-2
2022-10-24 03:02:32+00:00,1,1,0
2022-10-24 03:02:37+00:00,1,1,0
2022-10-24 03:02:47+00:00,1,1,0
2022-10-24 03:02:50+00:00,1,1,0
2022-10-24 03:02:54+00:00,1,1,0
2022-10-24 03:02:57+00:00,1,1,0
2022-10-24 03:03:14+00:00,1,1,0
2022-10-24 03:03:19+00:00,1,1,0
2022-10-24 06:27:53+02:00,104,4,100
2022-10-24 06:38:34+02:00,1,1,0
2022-10-24 06:38:51+02:00,1,1,0
2022-10-24 04:39:32+00:00,1,1,0
2022-10-24 08:21:46+02:00,1,1,0
2022-10-24 06:22:46+00:00,1,1,0
2022-10-24 08:25:39+02:00,2,2,0
2022-10-24 08:26:06+02:00,1,1,0
2022-10-24 08:26:43+02:00,1,1,0
2022-10-24 08:33:36+02:00,15,11,4
2022-10-24 09:05:03+02:00,1,1,0
2022-10-24 12:28:11+02:00,1,1,0
2022-10-24 12:29:04+02:00,1,1,0
2022-10-24 13:16:14+02:00,2,2,0
2022-10-24 18:12:17+02:00,4,6,-2
2022-10-24 18:13:16+02:00,1,1,0
2022-10-24 19:20:13+02:00,1,1,0
2022-10-24 19:30:53+02:00,1,1,0
2022-10-24 20:04:36+02:00,10,9,1
2022-10-24 20:09:13+02:00,30,3,27
2022-10-24 12:21:17-06:00,5,4,1
2022-10-25 06:14:42+00:00,1,1,0
2022-10-25 09:04:31+00:00,1,1,0
2022-10-25 20:59:39+11:00,6,2,4
2022-10-25 13:37:04+02:00,2,0,2
2022-10-25 20:00:53+02:00,20,13,7
2022-10-25 20:20:51+02:00,2,0,2
2022-10-25 20:27:38+02:00,28,1,27
2022-10-25 21:39:35+02:00,6,2,4
2022-10-25 14:08:28-06:00,1,1,0
2022-10-26 06:31:42+02:00,66,41,25
2022-10-26 06:47:34+02:00,0,0,0
2022-10-27 06:56:33+02:00,1,1,0
2022-10-28 19:34:15+02:00,9,1,8
2022-10-28 19:34:30+02:00,1,1,0
2022-10-29 09:04:34+02:00,3179,1110,2069
